927	835
140	428
261	968
892	904
222	46
828	40
77	489
46	818
489	378
1012	125
904	261
294	145
1001	645
827	920
294	612
530	270
330	559
83	899
400	898
727	843
704	453
246	630
998	760
834	894
653	175
998	151
487	792
497	222
330	773
44	891
799	554
83	977
355	669
83	868
501	139
246	839
868	875
799	383
46	936
487	286
601	442
998	131
721	410
442	719
83	904
853	245
222	630
653	77
828	806
598	889
213	883
251	946
612	684
168	125
898	12
330	40
313	122
988	598
348	67
653	745
313	904
969	810
229	622
785	1022
313	746
1001	859
313	350
400	28
998	118
222	139
998	141
313	721
218	651
677	372
236	217
313	125
110	131
313	222
653	410
222	912
313	677
453	977
533	892
391	875
313	246
757	324
610	828
57	497
330	198
313	539
231	721
313	286
261	746
313	12
490	903
159	539
57	164
313	946
10	858
430	412
1	261
998	428
566	286
400	686
612	610
313	551
313	246
904	716
904	977
771	786
313	828
313	83
610	125
18	553
313	410
222	813
805	355
125	936
246	552
97	1013
471	800
330	764
77	875
313	839
904	404
601	539
313	598
222	63
892	222
998	650
904	906
785	18
313	904
704	680
313	1001
313	813
313	988
624	89
591	140
799	551
313	635
466	721
533	651
600	571
610	372
525	645
430	936
268	410
330	442
313	977
785	904
401	900
83	344
799	598
764	810
261	806
690	98
998	289
1021	598
431	693
313	600
855	326
904	1009
904	324
313	685
551	582
942	115
330	680
904	222
313	57
313	487
44	977
83	619
49	1009
330	222
551	551
313	313
222	125
680	144
658	84
904	368
330	918
57	847
330	414
83	350
904	89
313	834
83	669
383	286
998	904
998	286
313	353
330	847
313	299
246	44
453	183
313	872
653	222
330	331
331	657
1012	213
653	439
246	125
525	175
591	222
452	732
246	598
600	634
1012	764
701	563
591	222
657	781
189	100
612	489
487	213
601	551
684	922
383	479
653	330
653	293
904	535
246	277
313	527
264	727
289	442
246	442
304	222
442	1001
738	128
397	121
904	113
799	998
812	312
251	977
361	693
998	340
330	661
264	324
77	462
77	34
125	776
430	610
998	916
313	246
246	734
487	952
998	898
570	372
1001	418
810	459
812	917
313	141
324	516
168	693
140	400
313	487
442	883
998	543
301	324
631	610
754	648
434	714
497	657
764	716
144	100
904	634
313	581
1001	13
653	110
904	261
324	679
998	612
910	234
653	699
313	669
684	455
799	977
904	634
904	613
218	401
18	247
551	523
313	977
313	330
18	383
612	514
799	810
904	34
1012	222
335	898
67	758
764	12
533	176
704	977
998	758
812	335
313	710
497	810
83	412
723	84
760	46
653	18
533	818
274	927
927	286
904	570
4	776
922	693
60	193
305	977
810	151
313	430
313	550
164	634
680	710
313	299
125	428
313	478
610	121
680	777
977	177
313	653
601	764
799	286
330	533
533	786
653	564
313	246
612	716
653	810
246	507
653	306
313	544
892	83
53	710
313	870
185	803
319	116
693	272
313	877
231	142
313	904
799	164
892	453
313	653
653	527
834	246
653	792
313	1010
313	678
453	634
855	222
904	1001
330	372
83	693
59	356
264	222
680	32
313	168
653	810
164	55
313	372
799	544
313	258
998	430
299	83
799	1006
305	1023
998	847
74	941
704	657
533	125
387	618
591	1012
799	222
984	4
348	598
918	762
313	222
877	868
330	459
799	693
140	977
222	77
929	1001
884	222
799	294
164	904
998	285
83	988
998	222
330	527
330	912
231	40
4	306
610	125
607	669
788	598
877	190
653	977
313	527
313	760
125	806
164	442
313	51
838	898
467	728
591	1010
612	113
430	404
855	1006
927	804
704	865
693	959
330	877
313	422
497	51
690	748
554	786
313	799
868	286
998	458
497	721
313	313
1001	898
877	425
690	699
551	800
313	324
965	383
355	77
330	777
411	497
653	483
1012	387
785	438
760	593
222	10
653	359
289	894
164	812
330	83
313	653
904	222
539	1022
330	963
285	918
698	894
313	653
340	128
313	414
83	1001
313	1
222	222
551	159
740	391
591	918
344	813
527	634
653	561
313	810
83	383
1012	1
953	1001
313	261
140	929
785	929
716	192
144	818
487	83
313	977
246	14
998	125
60	619
799	761
222	693
497	335
222	496
222	261
383	600
344	898
205	410
929	738
168	40
430	748
760	428
834	600
653	183
977	516
828	503
60	516
442	657
582	765
799	699
313	716
246	188
49	634
313	12
313	350
335	977
884	877
330	125
653	51
492	710
551	510
998	18
246	340
222	946
313	610
704	471
313	894
313	330
18	34
313	246
487	634
246	387
977	410
977	434
828	977
551	977
246	734
904	46
799	51
222	793
716	645
998	335
110	410
83	292
231	847
653	812
533	988
251	347
977	1013
140	144
610	600
977	410
222	400
998	986
442	152
998	324
313	598
355	530
243	125
799	125
313	507
799	535
401	498
23	594
799	331
704	870
313	533
313	308
231	760
89	356
231	330
330	792
799	904
368	806
591	125
344	203
977	898
313	428
690	40
487	83
593	234
246	877
799	533
653	847
83	868
164	46
313	904
799	487
680	551
653	699
754	286
927	125
810	977
46	320
723	286
704	198
704	125
764	289
799	330
998	439
877	425
799	248
610	392
257	977
760	397
335	31
721	423
313	877
330	612
923	125
330	222
383	189
977	669
828	721
497	101
799	918
926	492
497	598
757	400
1	872
430	527
760	182
313	97
83	977
653	1012
834	570
330	254
83	83
650	79
313	650
330	46
453	474
497	898
998	810
222	786
57	91
998	898
517	579
218	43
768	125
631	917
383	404
313	941
194	46
600	645
828	875
624	236
185	600
125	192
998	665
313	892
233	535
313	527
799	977
877	422
83	77
330	194
313	898
313	93
487	977
274	669
799	246
159	520
704	965
764	814
430	542
18	792
653	998
289	793
313	125
704	1
313	799
125	324
430	1011
313	590
828	277
313	391
591	1
497	125
799	533
799	650
570	868
760	716
653	140
812	598
653	430
977	598
551	26
231	140
458	907
313	773
1	904
658	77
1	826
979	977
313	324
330	10
57	1001
904	335
466	34
533	698
998	1001
313	63
46	875
523	715
988	1022
653	140
591	125
400	898
246	222
904	222
944	165
330	684
313	321
812	716
799	83
877	400
313	400
84	1017
313	330
998	565
330	727
344	213
487	84
246	800
313	1009
383	780
709	789
248	356
453	40
46	63
998	634
1012	700
222	46
601	410
383	721
601	599
628	818
430	70
612	390
467	89
313	50
330	904
657	306
1023	679
497	193
46	693
313	175
383	658
313	906
922	951
125	716
125	669
330	285
18	4
330	723
383	46
799	455
904	952
799	246
977	119
799	472
799	653
125	212
785	157
834	46
965	634
313	539
799	330
218	518
984	175
977	747
969	598
330	324
998	533
860	393
533	508
159	190
18	140
125	666
222	543
634	378
533	40
430	139
653	897
83	904
566	46
407	952
313	182
977	448
487	164
183	734
313	716
605	724
998	497
110	693
998	83
294	527
313	246
231	222
653	977
600	4
222	634
155	702
313	551
621	219
222	331
421	236
988	125
810	516
313	912
539	894
497	259
57	230
988	46
799	434
551	959
442	335
77	212
998	710
716	698
294	425
998	693
810	657
764	600
330	360
165	67
533	67
775	657
125	149
136	431
286	458
877	828
699	277
1012	467
83	419
439	733
313	89
1	77
489	176
140	875
892	83
653	272
904	527
527	740
218	810
125	918
704	746
827	991
760	904
383	273
533	183
591	689
313	847
313	140
246	189
246	741
848	733
653	164
977	822
904	222
261	552
185	619
1012	810
57	236
313	324
834	264
748	174
313	699
163	459
313	99
313	591
764	527
261	977
261	401
690	612
222	527
998	669
785	612
313	912
313	231
14	601
289	698
246	64
83	936
533	748
344	347
727	693
274	428
986	450
330	904
313	716
112	600
330	752
430	359
313	998
1001	818
843	301
164	898
799	929
330	344
658	650
904	645
261	804
675	977
313	507
125	119
799	977
533	248
340	212
313	467
898	118
313	219
223	859
653	704
231	286
264	1001
313	22
125	847
140	716
551	118
313	494
1016	434
442	711
83	969
140	343
998	185
887	151
591	442
294	951
570	716
904	46
697	988
57	612
313	292
612	415
1	203
251	1001
330	898
704	527
425	597
624	254
716	91
246	22
760	83
591	884
653	889
430	818
313	525
698	861
383	598
313	434
953	125
898	277
504	952
716	875
653	22
261	175
882	698
83	904
340	947
218	144
313	356
786	273
624	818
843	378
299	12
998	355
497	669
313	400
934	286
734	175
904	442
246	39
313	330
218	198
246	849
998	977
348	818
313	951
582	254
110	624
246	217
97	174
446	777
750	125
83	610
527	46
877	340
246	222
222	213
799	710
313	246
198	286
313	810
383	719
222	574
1	610
998	855
839	47
283	634
998	619
936	977
218	34
987	669
231	745
653	622
442	140
458	28
83	956
231	810
600	724
650	400
313	828
998	397
211	1006
904	247
12	71
838	442
487	634
897	459
527	747
344	125
653	610
904	501
330	875
662	498
979	711
261	434
618	898
313	57
653	601
83	453
487	716
83	662
601	224
313	895
877	544
259	970
246	254
401	693
425	699
330	140
313	984
787	609
125	975
313	222
998	792
533	385
10	277
810	125
246	977
988	184
570	786
760	91
760	1007
313	848
330	527
442	361
83	145
610	941
765	324
834	210
313	621
612	77
145	979
164	920
246	472
313	125
400	324
651	895
264	577
246	804
294	929
330	163
313	563
977	977
83	51
313	125
810	588
764	458
49	786
313	336
988	788
892	233
467	828
439	651
246	237
205	677
497	594
83	258
313	645
612	497
622	40
799	653
330	533
998	131
657	483
289	515
653	268
57	264
904	601
57	678
612	428
400	880
591	527
828	748
57	657
799	57
330	377
144	314
264	422
261	175
18	779
601	472
998	430
246	847
125	125
313	977
1012	788
246	537
313	67
892	83
313	469
83	634
799	107
46	277
653	350
136	828
565	492
582	779
313	653
187	372
313	319
799	710
83	904
125	472
998	274
934	383
653	1
834	876
653	218
313	392
998	83
877	46
986	125
261	550
14	527
760	125
222	694
330	83
330	125
313	904
942	598
653	222
653	634
657	1007
998	1012
1	335
653	458
125	258
313	299
998	988
125	977
810	539
428	1009
313	125
330	728
330	83
397	267
424	936
998	391
591	222
559	693
313	144
313	995
721	693
570	946
657	580
861	693
330	598
1001	286
313	125
203	89
740	141
313	246
998	497
83	286
313	948
313	505
44	597
827	950
685	977
799	880
178	222
248	639
690	904
965	446
533	265
313	533
998	330
799	140
904	610
653	828
600	97
834	1
895	977
400	37
904	1009
507	758
504	951
330	875
760	764
501	650
786	977
330	810
799	607
834	570
67	324
264	125
246	67
799	848
653	530
313	533
727	977
313	764
877	442
651	222
469	77
904	517
383	442
246	324
222	34
977	977
91	791
1012	471
344	261
653	246
144	698
910	394
998	344
218	391
965	526
313	666
799	487
591	222
764	951
18	634
46	598
313	701
554	977
601	400
799	653
799	315
57	98
904	952
46	800
1012	620
570	46
727	768
313	430
313	400
934	988
591	397
651	669
678	422
322	466
313	610
141	4
764	818
601	716
355	669
83	125
383	977
313	799
680	372
713	400
330	67
653	355
834	704
497	40
953	527
83	662
1012	400
760	83
799	246
372	859
904	222
164	159
313	246
274	236
140	125
313	324
330	301
330	533
892	140
121	875
690	986
835	630
313	970
727	187
760	634
330	786
0	306
877	356
704	159
834	125
168	895
83	125
125	258
12	373
313	211
359	324
1001	1022
382	693
246	18
877	331
303	175
185	430
442	26
246	412
988	560
799	657
319	400
799	662
83	125
330	877
962	630
330	400
83	988
760	344
43	721
799	600
313	612
389	657
489	977
498	575
313	786
799	601
313	552
313	653
313	67
998	898
383	483
168	977
784	434
1	518
368	1001
100	995
246	1
653	533
653	40
998	344
653	760
51	316
760	246
222	866
799	458
831	401
313	929
601	534
904	650
658	693
313	566
810	293
77	553
965	67
83	125
218	669
83	12
730	786
760	574
904	988
834	471
222	213
430	651
969	419
591	22
330	855
430	151
591	813
657	772
246	141
10	361
998	57
764	424
222	77
313	497
76	622
313	246
83	397
693	496
246	914
998	306
185	211
313	1
294	258
799	933
76	977
313	157
1001	96
979	634
313	501
601	787
834	175
205	977
898	10
246	212
125	356
322	969
335	67
83	157
662	479
904	551
653	294
1021	600
551	898
246	904
998	222
176	898
998	83
326	368
1011	698
612	1001
497	610
313	651
383	1009
1012	222
231	350
16	841
1022	324
313	758
340	784
721	908
330	951
601	59
564	98
550	458
313	904
701	286
600	550
601	701
591	47
799	669
110	466
313	10
330	222
785	622
330	974
304	401
497	721
51	813
313	855
898	206
497	479
799	32
704	527
218	641
704	131
806	410
313	1001
159	515
125	539
760	157
430	501
330	234
22	125
533	810
653	285
258	13
67	89
764	434
653	340
1012	533
612	346
22	324
424	669
895	67
810	125
222	787
799	46
46	286
591	965
855	451
195	734
998	898
487	67
313	653
487	601
653	560
222	634
83	1010
653	136
653	83
877	400
551	624
904	391
57	818
527	236
834	965
254	311
330	612
401	598
680	634
313	653
610	516
1	628
764	740
704	18
330	428
57	817
799	709
344	716
330	828
459	622
904	651
942	651
39	496
164	4
313	63
799	125
487	428
965	222
313	221
231	551
1021	70
1	353
246	610
67	213
313	951
425	1023
313	639
525	828
83	415
552	1023
998	125
610	693
963	669
653	600
246	710
83	210
799	46
998	474
330	1012
657	144
299	422
828	847
246	438
726	428
1012	904
497	810
125	489
83	977
1012	685
313	653
83	910
799	444
140	324
760	49
1012	467
313	324
313	257
612	100
77	34
313	261
18	324
330	1009
125	922
539	277
313	430
716	517
313	799
1001	634
904	254
799	1001
233	535
313	529
855	10
785	693
38	118
834	699
313	122
977	898
544	1009
600	516
591	612
83	918
977	258
653	904
612	140
1021	551
884	610
669	388
487	10
141	818
288	258
740	450
904	222
313	684
694	659
185	497
313	835
953	404
125	804
969	501
140	410
83	366
799	330
203	693
313	140
904	576
680	67
47	138
760	428
222	875
246	428
619	634
313	110
984	383
165	125
690	527
452	398
288	503
383	1006
884	786
246	10
60	394
897	390
799	261
442	270
969	758
246	810
430	835
1001	619
582	125
254	977
904	526
657	598
4	974
904	724
83	1001
601	277
591	894
610	634
372	50
313	222
813	716
799	577
904	222
690	400
533	622
303	867
313	977
261	828
591	806
877	59
892	237
704	261
977	353
662	286
313	716
704	1007
653	424
125	806
83	959
140	350
246	962
313	76
813	604
313	299
699	261
67	265
1	828
533	140
313	231
799	653
965	67
246	748
194	818
764	467
49	294
898	192
313	313
653	83
799	533
246	136
164	294
22	898
231	828
523	400
125	806
313	471
799	10
46	681
653	282
442	336
610	261
236	835
977	535
912	324
222	442
799	340
1010	734
936	67
533	425
653	1016
313	125
313	897
285	898
760	42
185	77
286	418
812	813
786	479
330	533
877	527
904	904
313	552
246	497
299	246
313	330
22	461
246	942
843	1001
693	34
610	125
704	610
834	489
313	18
760	1012
18	175
83	284
264	338
77	35
998	965
591	612
430	83
653	459
330	236
457	131
805	657
313	813
322	286
313	125
289	828
313	401
904	619
39	813
1	714
313	330
313	387
83	125
126	409
313	929
998	286
527	192
820	598
168	125
689	752
251	786
834	84
904	264
231	430
704	791
610	710
83	929
383	494
716	192
222	565
330	723
313	545
46	859
834	828
487	428
1001	393
313	397
998	942
721	634
1012	9
313	998
330	765
940	400
799	336
690	222
697	428
487	693
313	218
998	94
593	724
59	34
799	771
330	831
799	765
810	175
527	67
330	340
261	234
799	368
828	903
313	1012
83	140
313	246
313	639
344	716
577	977
4	875
322	657
612	810
624	10
998	140
977	67
653	434
140	936
1	467
653	269
533	350
574	38
799	98
330	977
551	409
330	927
324	693
969	977
848	234
501	735
313	294
998	834
904	128
758	324
313	884
942	46
834	467
998	904
57	594
313	264
246	792
834	353
49	466
330	164
868	634
430	701
77	977
182	859
1021	410
313	512
442	610
764	728
430	634
704	875
723	693
83	501
690	977
313	847
834	1012
988	501
904	951
264	828
313	487
84	400
83	552
810	11
77	498
657	883
487	811
442	610
828	378
222	84
313	998
261	329
157	277
551	716
1012	49
140	372
344	442
442	806
834	704
760	18
653	981
875	479
261	721
904	233
799	970
322	152
330	877
313	904
904	601
313	693
601	335
18	552
83	865
786	472
828	12
246	884
653	222
942	316
313	904
430	795
904	152
799	261
231	647
313	845
904	895
653	489
612	324
313	551
274	419
612	906
373	236
704	222
313	988
313	26
317	669
582	331
313	145
944	1007
313	487
313	140
125	977
222	721
299	125
313	222
904	335
634	544
187	768
344	675
246	286
799	799
1012	431
653	669
442	400
799	400
760	139
313	874
83	7
487	754
140	716
295	324
799	968
653	810
799	965
313	577
322	1001
344	479
716	286
136	904
174	688
904	0
799	653
533	977
764	144
522	977
651	483
168	740
497	582
313	222
313	165
322	198
834	18
501	898
904	125
998	527
487	330
868	786
453	662
313	799
884	740
988	773
313	313
600	977
246	517
527	898
897	977
313	397
313	246
507	912
83	904
313	653
965	503
497	471
222	459
313	83
206	89
400	970
657	157
704	77
442	507
998	77
313	651
313	877
18	539
322	634
391	849
222	489
610	463
487	904
828	361
136	601
497	349
653	551
539	669
704	828
125	267
313	459
758	94
383	233
189	598
1	929
1016	779
848	977
998	134
834	246
760	268
140	975
651	222
497	681
83	344
60	915
799	650
680	597
313	49
313	693
965	46
57	904
764	773
723	1023
698	841
330	125
83	527
313	898
799	139
612	301
653	89
533	894
313	612
313	650
222	936
330	929
799	647
313	527
313	590
760	898
904	874
551	927
977	192
313	555
799	254
527	361
764	624
810	786
785	422
591	1012
313	397
222	908
313	49
164	213
330	453
313	561
504	748
189	159
653	348
828	721
877	918
764	634
428	249
998	591
487	693
340	522
525	557
83	1
246	200
1	546
313	140
18	125
299	136
533	67
18	141
344	678
497	12
760	60
83	650
313	313
313	1007
313	22
246	430
246	6
904	828
246	848
313	532
261	716
313	233
18	543
1012	336
313	18
998	417
313	680
165	898
18	662
46	678
786	176
231	324
57	624
788	67
83	289
998	813
525	140
799	551
313	612
828	977
246	928
680	875
1	883
553	835
330	533
110	721
701	699
344	94
946	422
621	331
330	222
313	222
653	497
442	1001
998	330
799	240
83	904
368	634
799	203
834	324
83	755
988	157
340	60
330	330
330	743
624	1022
904	988
799	560
430	125
313	574
424	254
653	697
246	786
264	516
330	277
653	998
489	770
533	577
231	187
344	139
559	210
313	693
442	86
799	497
527	669
246	26
222	630
330	246
960	530
487	535
936	128
330	1012
942	336
685	535
313	355
344	467
333	657
487	442
716	669
289	286
313	552
442	918
313	83
998	97
313	904
487	18
313	471
294	550
233	618
1010	800
792	516
313	785
344	761
222	776
927	447
22	424
998	598
144	89
904	818
699	946
18	419
18	1001
246	533
904	292
698	434
940	598
330	394
716	279
313	834
313	289
657	400
77	125
898	40
286	483
764	125
125	559
758	315
57	285
164	222
653	23
83	947
313	867
126	798
246	977
600	1001
760	430
653	458
877	125
268	40
294	810
884	39
22	508
313	653
313	875
669	306
653	512
246	453
501	912
898	806
497	977
612	522
125	361
998	192
1	1
391	664
168	868
680	442
497	372
716	40
527	508
677	977
745	507
313	839
986	1001
313	875
834	234
998	185
383	479
799	657
344	576
610	865
591	533
867	306
231	83
957	786
49	71
26	125
164	67
969	1009
998	612
159	833
904	959
330	650
998	189
425	400
591	622
222	564
246	46
185	716
383	227
653	598
764	77
1010	139
83	698
743	286
168	222
125	576
294	471
57	849
313	322
313	662
518	286
904	801
653	140
313	469
313	760
786	213
391	634
527	400
487	187
525	125
57	189
140	828
748	609
601	286
792	222
998	344
246	664
1001	530
459	559
313	428
487	83
57	915
335	175
313	342
344	222
497	125
60	716
799	231
904	530
303	125
18	286
411	442
222	922
799	293
246	268
222	777
487	394
313	657
653	261
313	299
662	669
442	63
590	343
231	164
330	704
904	669
421	977
313	653
313	313
699	669
750	324
330	383
946	4
998	212
760	977
877	261
313	610
18	46
401	404
965	941
77	761
313	125
313	662
651	361
430	1011
497	316
523	977
313	768
760	83
313	330
313	799
222	748
516	693
430	854
299	598
60	100
111	286
600	307
998	861
760	669
904	610
764	897
812	610
211	899
246	895
653	904
848	977
831	764
780	881
344	710
313	10
222	828
942	669
400	645
554	213
164	721
313	233
653	272
927	174
355	988
684	328
653	748
246	501
313	704
653	507
313	400
344	179
294	929
487	533
330	621
600	128
487	497
83	89
77	716
446	4
610	118
344	812
1012	904
1001	176
330	624
892	357
313	410
760	716
313	884
18	693
834	716
313	903
533	261
198	372
313	46
330	140
222	144
855	977
810	1022
136	89
998	764
601	664
653	360
953	721
313	786
313	313
963	598
704	764
799	657
998	404
313	38
246	218
187	125
904	28
497	600
653	904
430	551
313	877
643	222
313	680
330	645
187	552
904	175
415	740
330	372
313	653
533	400
653	912
125	410
222	841
313	168
487	1
591	922
998	764
861	679
362	847
313	904
233	516
653	286
344	828
799	653
322	125
459	234
330	867
998	164
799	286
313	313
598	212
877	222
810	645
189	51
268	786
164	355
760	598
582	1010
313	313
132	786
601	1001
313	28
977	669
834	741
313	222
430	372
344	428
979	657
653	898
591	145
194	711
799	570
330	818
469	781
792	340
527	282
83	174
760	942
998	551
634	791
83	734
998	662
18	988
194	60
344	7
653	560
953	680
18	418
49	60
246	716
600	428
1012	977
246	601
322	118
727	422
612	977
57	268
397	657
313	657
466	645
313	282
799	848
765	788
313	503
222	395
330	764
246	984
799	716
601	779
760	463
653	40
137	675
799	645
397	610
218	903
222	804
313	140
855	664
313	904
313	140
313	743
904	946
799	330
313	580
497	806
125	125
998	855
810	10
653	492
330	401
741	10
164	590
313	834
612	593
764	714
601	600
1012	372
634	217
904	39
18	98
23	634
231	598
998	760
125	894
439	716
330	643
60	234
834	684
430	570
669	515
834	1001
977	236
313	442
125	258
612	77
591	761
698	361
653	508
848	46
884	570
246	1010
650	336
67	286
246	884
313	989
125	912
77	398
140	363
704	446
313	681
313	313
383	46
383	97
877	908
716	89
231	669
125	752
716	307
601	1001
946	716
330	834
799	624
313	400
330	340
487	853
330	67
929	458
313	810
799	622
653	348
467	857
330	222
313	740
904	335
246	977
313	0
144	598
330	330
998	818
49	228
875	221
618	560
918	234
866	34
998	356
53	233
344	340
942	261
344	975
313	630
391	721
125	1001
231	1001
877	877
140	684
653	601
657	552
164	612
246	391
977	478
582	779
430	1004
505	788
430	977
979	951
222	951
84	1007
550	349
409	758
313	899
313	539
570	228
610	977
313	353
330	779
799	1022
313	77
313	1012
46	286
892	264
469	283
330	164
998	322
313	704
551	1004
998	46
959	265
439	716
984	598
799	785
322	125
313	998
986	498
716	634
497	213
125	827
953	67
83	324
313	424
39	622
582	719
313	211
313	812
344	140
313	760
799	892
317	324
653	634
344	459
775	410
313	843
185	190
57	551
182	410
799	222
675	977
246	904
704	848
330	222
315	644
904	988
442	292
760	624
953	401
533	920
610	301
313	125
18	467
799	83
165	273
330	383
813	710
409	59
299	261
313	965
1	174
344	346
84	121
736	786
330	828
580	693
110	517
222	828
294	904
344	630
313	246
685	59
313	998
653	497
591	340
372	898
313	309
313	898
653	716
497	699
582	4
49	83
313	231
877	222
140	571
653	634
348	286
998	415
322	10
653	73
231	140
479	710
653	771
83	442
313	231
189	898
57	126
877	372
904	818
57	716
57	400
313	1001
701	748
942	128
330	400
1	46
313	600
910	671
1001	721
612	716
653	678
965	4
941	818
527	97
940	400
601	598
231	904
313	410
600	936
313	867
442	574
313	710
998	764
505	669
83	389
998	168
83	777
83	619
211	442
330	642
222	801
716	1023
330	977
330	340
246	1001
246	693
430	224
953	566
313	83
23	907
125	404
998	507
330	18
164	34
828	401
884	936
998	126
601	813
998	953
653	18
313	14
942	604
542	410
657	594
192	306
904	335
653	559
653	261
501	836
684	125
322	265
168	693
264	67
799	157
313	330
261	898
634	492
313	650
313	716
313	125
904	486
110	356
855	222
121	141
331	0
891	307
487	497
926	535
551	1006
313	206
453	467
855	424
664	34
983	517
313	306
313	989
998	164
313	368
716	507
313	527
213	823
313	1001
929	335
619	575
313	998
231	505
46	977
344	0
344	610
877	786
582	714
231	340
764	828
998	18
998	591
313	591
764	22
923	645
18	922
110	46
313	515
760	507
965	1006
330	552
977	693
760	539
1012	552
46	192
340	378
551	259
653	533
313	96
264	141
723	610
539	157
222	693
855	109
185	904
1001	354
330	28
653	904
704	988
653	785
760	400
246	643
246	331
834	246
631	875
313	898
551	222
892	331
853	277
288	67
929	458
313	144
222	331
998	942
136	324
159	828
344	877
246	898
18	936
313	539
313	601
591	285
525	483
313	447
786	410
313	330
977	881
313	806
313	601
810	46
810	552
876	716
359	273
962	472
848	600
313	988
904	401
834	877
904	601
1012	835
198	828
125	977
612	213
775	746
998	324
466	535
246	612
18	654
246	40
313	904
203	63
18	236
764	634
110	522
83	18
487	598
653	165
222	693
430	400
612	240
843	669
497	647
372	128
430	570
988	77
570	977
828	535
246	527
344	768
397	610
785	810
313	977
800	752
487	128
57	936
785	693
222	67
330	977
551	306
157	147
988	60
690	259
313	497
344	76
680	425
330	959
53	786
125	758
125	324
330	527
590	977
313	125
348	770
855	483
716	324
77	240
904	600
591	634
424	130
612	657
612	344
1	335
610	139
653	877
895	977
313	246
574	598
669	693
610	600
246	657
313	471
552	758
653	764
246	704
313	988
313	14
653	611
192	870
936	213
601	277
168	459
736	301
601	622
690	222
704	598
289	810
527	898
83	551
313	977
653	1012
669	579
289	600
313	828
22	324
286	483
313	748
264	634
58	234
313	675
84	684
501	977
904	786
810	977
612	601
610	424
904	140
313	760
313	83
877	383
855	254
274	22
84	600
998	634
330	598
998	25
651	977
653	877
313	330
33	977
550	798
222	234
653	391
144	967
0	125
82	21
834	450
344	289
998	141
723	467
281	492
222	125
313	222
1012	849
145	286
487	810
164	373
83	119
165	946
761	1001
439	861
591	775
313	974
4	1009
522	786
97	552
313	39
612	428
487	922
313	18
1012	877
313	533
877	63
83	704
497	221
828	122
83	222
467	977
313	552
56	219
904	160
977	128
141	806
322	33
330	911
313	758
799	998
313	785
525	46
101	70
877	125
622	644
164	222
786	151
904	895
977	225
246	140
716	698
442	594
458	552
551	422
810	977
799	529
904	350
942	710
313	110
46	59
612	344
140	1001
716	94
848	68
1002	685
799	327
313	653
927	598
330	855
313	951
904	699
653	182
653	612
299	415
1001	258
988	857
786	258
313	600
330	372
313	657
141	192
26	721
313	813
344	222
313	126
612	592
57	698
487	213
792	236
591	331
185	1009
680	431
83	841
969	400
246	610
977	157
246	383
497	810
57	704
622	400
330	489
651	734
313	953
313	442
313	152
313	775
430	904
760	324
246	430
84	883
330	299
330	898
951	693
18	347
313	998
331	261
1012	997
533	400
1	977
760	246
222	144
313	425
810	125
313	57
653	233
760	792
322	125
440	1023
246	383
185	439
246	904
942	125
331	4
83	497
387	787
799	83
619	492
331	203
1021	139
246	372
222	4
653	590
653	288
497	1009
313	657
704	144
653	872
716	575
998	194
953	1009
313	693
430	18
799	1022
400	98
313	775
222	835
246	12
222	340
998	977
330	501
612	428
459	63
653	231
799	24
139	12
240	716
799	998
677	157
926	157
330	289
716	586
680	459
125	952
904	786
344	786
428	977
77	527
591	598
653	904
760	726
927	734
998	455
222	527
657	974
591	442
57	693
294	125
653	164
18	940
680	726
801	990
760	810
977	598
246	634
60	491
121	597
507	634
764	222
998	497
487	659
366	306
998	974
900	184
125	483
246	254
669	787
313	234
330	83
657	254
834	316
487	428
799	1006
313	458
662	899
764	786
740	67
313	634
895	977
57	634
330	18
551	125
247	693
487	624
684	46
719	258
222	50
313	313
240	508
344	192
621	813
453	527
313	313
998	330
211	724
998	590
904	91
313	799
799	891
313	806
178	732
799	198
799	998
330	610
904	810
1012	383
231	895
57	434
313	612
246	977
884	598
693	356
83	554
187	770
383	875
539	378
246	1001
764	125
690	236
246	294
330	716
330	483
313	86
786	174
684	1009
355	447
313	330
330	657
289	559
497	409
313	125
83	748
67	710
57	419
313	401
299	259
49	527
653	977
624	125
125	409
425	977
164	286
313	988
246	590
387	962
9	977
760	246
164	849
918	517
653	942
653	330
313	421
910	875
387	445
91	951
125	895
998	1
383	827
764	434
330	285
322	612
622	669
998	941
828	175
904	904
83	977
313	4
189	361
144	710
988	657
330	442
282	634
261	968
761	479
246	83
282	694
653	498
57	600
876	275
799	799
653	698
471	434
551	552
867	860
704	946
471	693
855	69
533	83
144	801
570	340
904	140
566	34
246	853
653	442
125	600
168	601
984	400
551	254
799	497
799	428
979	822
645	170
49	875
699	175
439	650
657	516
792	216
497	126
533	190
487	101
330	716
140	401
140	157
289	286
453	1001
313	46
294	497
261	721
313	977
1001	542
246	895
998	487
653	924
130	748
799	391
313	843
657	361
754	455
83	1022
810	527
1	685
525	268
246	84
525	285
330	18
977	67
505	748
40	678
285	685
653	634
64	745
348	125
498	809
110	582
218	421
313	995
313	400
487	804
942	549
998	330
125	128
313	126
231	884
233	645
313	727
799	501
51	125
299	872
653	951
598	639
313	697
525	533
355	335
622	10
709	10
261	634
786	977
77	225
313	77
313	601
875	455
998	953
662	286
110	91
810	619
792	946
313	601
313	582
904	1009
986	734
601	724
313	424
125	645
313	600
18	277
246	693
285	17
313	360
299	1001
330	83
22	213
1012	18
760	829
125	811
313	904
218	46
330	368
764	67
653	904
425	187
610	70
176	492
619	458
634	711
430	198
313	801
764	899
785	946
246	46
231	554
313	653
998	527
83	865
31	758
313	174
760	355
222	598
442	940
285	600
110	894
83	628
487	294
313	917
653	998
313	1
527	286
998	953
330	669
497	693
125	192
1	570
799	598
533	693
623	356
487	892
737	203
222	898
489	306
914	159
775	575
904	372
487	164
610	34
653	895
988	693
1012	657
254	286
83	176
313	222
313	261
591	564
222	240
330	151
574	248
77	624
22	977
246	125
533	710
313	383
600	883
1012	125
764	610
330	324
728	47
984	206
965	283
313	246
716	324
430	904
868	813
246	12
128	681
383	989
923	764
222	887
651	634
399	645
231	1012
904	213
533	612
977	234
67	715
246	657
125	277
402	443
189	261
612	22
487	118
653	979
653	344
363	372
760	18
998	590
904	447
313	716
430	564
289	716
313	659
246	610
330	496
125	827
313	989
294	904
610	458
246	125
690	977
501	898
313	507
83	418
1	527
383	222
168	941
490	598
313	998
764	222
998	273
875	598
525	651
313	136
764	46
313	693
246	977
764	51
439	894
969	875
313	810
610	684
1	218
350	557
285	839
799	612
330	322
83	424
601	50
634	804
533	848
313	261
669	894
1012	67
998	458
231	847
653	175
591	10
533	410
313	634
313	471
998	246
125	503
799	164
988	977
46	634
83	477
740	378
653	693
110	848
439	125
593	867
760	643
83	83
49	67
368	552
141	724
83	600
653	228
799	261
246	397
313	164
799	77
110	259
847	977
313	719
799	277
50	119
533	132
1012	373
834	812
313	233
77	810
313	922
313	89
487	430
721	234
246	810
669	236
818	265
868	466
313	953
246	46
57	401
313	828
57	883
651	684
786	732
884	641
998	516
898	800
140	387
601	619
77	500
218	716
934	383
551	189
799	459
355	561
904	258
264	222
914	722
164	828
125	828
810	669
299	234
205	977
653	306
597	379
998	624
159	414
497	46
1012	848
904	434
453	657
669	801
344	904
355	848
551	118
264	125
669	889
330	125
458	448
904	657
171	212
141	540
84	89
125	118
12	516
946	89
330	240
246	669
760	810
704	561
942	875
998	487
839	962
313	891
1012	788
764	828
612	884
164	176
442	507
383	530
843	46
998	1
848	261
810	594
894	492
313	895
430	810
622	378
313	397
218	988
18	77
313	78
877	383
760	261
187	434
775	693
313	669
786	912
251	693
439	999
246	251
497	527
330	501
764	977
628	12
330	727
533	322
355	335
313	91
612	912
904	419
141	1017
313	192
330	600
313	430
998	471
383	516
218	634
610	1023
430	264
383	634
704	600
83	847
760	434
194	324
387	634
551	662
459	977
998	977
497	77
223	380
612	582
313	89
289	716
218	505
264	701
600	401
313	324
430	601
313	64
884	383
141	977
904	125
313	806
313	338
497	261
601	222
397	977
467	277
18	1001
83	153
313	422
895	458
83	657
4	540
601	694
969	233
591	610
622	535
704	201
415	543
261	665
313	12
330	356
998	977
810	980
497	711
904	442
313	131
330	610
322	18
489	561
834	286
164	908
231	121
877	151
453	936
246	936
590	151
231	552
487	42
610	359
261	233
904	610
533	324
313	18
57	760
653	634
246	222
591	634
444	222
313	628
764	928
929	261
799	653
205	669
525	931
1007	974
998	159
497	598
690	400
953	659
998	34
653	591
14	458
497	277
322	810
83	383
904	306
799	527
222	810
383	764
261	645
998	71
566	904
904	230
998	610
591	233
1	695
497	929
330	424
612	904
657	122
73	473
313	439
525	70
313	323
988	716
313	222
89	710
313	867
313	977
951	318
313	182
998	847
387	946
407	728
904	577
650	192
125	261
222	716
430	898
231	83
662	527
892	254
1	222
125	350
57	404
246	1012
998	77
634	557
799	1
194	213
653	922
564	395
164	801
344	764
400	67
799	331
564	779
872	125
313	917
83	459
313	489
653	453
222	125
231	254
653	42
904	958
904	977
834	246
799	277
14	110
1012	922
231	953
653	121
551	401
653	494
898	850
192	434
453	598
977	483
212	710
601	422
497	684
285	565
309	272
998	121
246	425
313	246
651	140
168	977
168	458
799	139
313	487
487	706
946	861
164	716
610	810
657	10
136	764
231	645
942	551
125	418
246	222
218	812
131	306
834	542
657	67
425	898
698	952
497	727
246	693
998	261
927	900
355	988
799	140
46	854
799	870
372	977
313	240
294	977
760	600
313	261
877	544
313	658
187	215
439	140
977	515
313	313
304	67
522	936
246	507
799	904
897	786
527	813
593	46
799	998
136	645
918	847
97	898
792	177
447	67
929	175
704	601
246	469
145	867
313	132
704	527
764	484
1	699
653	76
313	525
313	827
704	484
551	399
313	458
246	727
551	610
910	40
895	324
988	122
313	313
768	277
224	577
1012	967
222	77
483	1023
141	959
68	867
24	234
18	259
998	83
998	977
918	977
231	46
884	51
313	877
653	882
246	634
383	988
612	501
1012	187
965	610
313	163
389	823
566	18
330	442
525	662
145	977
222	847
748	859
904	163
653	699
231	903
340	898
313	565
424	1007
651	492
145	51
313	246
877	875
799	67
222	895
344	941
222	710
810	458
313	313
998	179
313	1001
355	898
313	601
313	57
313	439
904	563
1	855
877	483
965	948
662	98
740	800
313	912
653	140
501	400
799	804
222	353
799	285
430	483
355	838
653	716
792	316
591	18
624	977
313	760
330	680
998	664
653	483
185	669
487	942
313	818
246	222
313	73
243	140
18	598
690	582
855	128
164	216
313	57
313	14
313	0
246	466
653	400
998	330
570	383
397	259
653	612
1002	247
185	359
643	140
904	447
430	704
600	946
83	669
231	222
998	828
313	653
487	612
487	696
430	941
313	410
1022	634
313	716
330	704
313	653
988	716
313	233
764	97
487	246
904	504
1012	920
335	421
998	330
998	125
83	383
653	77
653	489
222	1023
83	222
904	368
612	904
299	287
601	810
222	4
834	634
335	598
313	83
404	356
533	904
868	835
246	504
313	657
313	516
492	361
110	1009
330	285
400	903
39	194
330	168
330	827
162	686
653	904
330	977
998	516
313	552
83	264
899	11
799	895
684	622
1	473
222	22
164	941
551	192
1012	40
760	610
430	810
125	645
49	489
383	361
748	118
83	383
46	67
231	234
246	855
977	89
344	471
83	409
497	634
83	704
792	418
125	141
330	164
313	759
261	122
601	47
313	46
362	610
447	598
525	18
83	758
497	903
218	12
330	430
125	682
140	424
877	254
83	508
998	330
313	598
222	918
18	38
799	484
533	600
593	977
453	988
799	77
313	650
497	125
415	550
527	854
582	348
497	335
653	261
598	563
57	344
231	18
344	669
313	843
164	600
799	299
1	40
834	716
57	73
313	83
764	442
164	904
487	911
544	1009
140	157
344	77
516	422
83	268
313	183
684	234
246	34
653	764
313	383
330	892
739	645
425	988
690	258
145	368
57	286
83	126
551	848
0	483
231	175
57	634
653	422
313	299
904	977
330	609
965	929
83	12
97	721
313	799
333	977
261	798
998	904
140	543
222	977
383	894
834	411
189	67
289	657
231	168
998	884
612	716
612	704
84	459
998	630
601	610
353	324
467	109
631	110
313	439
442	634
953	128
690	77
813	335
222	650
918	903
218	18
222	930
359	657
222	286
246	527
810	159
246	827
313	246
723	875
313	658
653	839
591	400
567	828
892	140
904	187
1	400
425	737
125	516
877	40
18	77
497	677
330	273
313	467
653	969
313	313
430	680
527	46
218	841
760	1
792	669
690	34
487	847
313	60
998	768
904	372
313	532
812	4
77	295
619	404
430	801
1022	977
551	716
1	582
799	904
246	71
799	843
525	904
246	286
610	804
313	83
246	373
330	1022
274	12
704	977
264	610
83	297
246	368
497	381
904	977
799	73
716	908
810	589
18	977
46	828
18	286
344	927
848	552
231	330
998	373
998	28
806	248
313	600
701	989
125	125
313	313
497	880
489	977
231	261
551	835
653	125
453	183
125	918
164	194
344	527
953	516
591	527
504	270
322	77
430	904
904	505
527	702
330	175
222	412
760	827
799	664
18	806
344	918
136	977
344	650
1012	651
44	716
313	313
246	551
758	324
246	189
977	977
222	828
57	662
591	680
125	76
313	236
18	693
355	125
527	571
843	234
799	335
1012	402
355	977
533	612
948	412
330	492
799	601
313	920
799	261
187	552
877	157
439	1001
222	331
246	612
799	261
977	598
653	662
330	962
799	73
721	625
313	83
953	855
18	67
362	141
653	988
313	164
289	125
525	261
313	247
164	497
551	67
904	71
834	294
330	442
313	977
313	898
442	527
76	459
527	786
453	442
83	234
918	141
442	727
533	743
653	898
224	125
313	77
83	512
313	125
313	977
57	67
313	340
164	355
159	166
330	612
330	46
14	951
601	622
1006	125
313	903
799	425
387	971
340	122
324	265
313	83
942	600
141	875
799	350
653	758
977	336
612	489
313	313
610	265
330	727
46	625
904	391
653	458
313	57
330	854
313	998
136	234
988	400
591	83
799	286
222	192
977	213
904	699
921	669
132	213
792	335
690	471
1012	164
83	678
330	97
49	582
313	1001
330	497
704	18
430	953
18	391
344	397
246	140
653	322
110	324
313	83
760	60
344	125
895	373
313	39
313	444
551	775
355	590
313	904
246	921
653	716
222	988
998	125
222	228
799	4
653	734
185	884
799	970
313	533
934	904
657	414
998	261
313	213
591	246
785	125
487	410
600	977
810	522
77	600
489	634
799	746
330	355
313	400
988	560
653	306
83	222
125	670
222	84
799	84
524	823
877	877
904	977
313	904
313	157
313	998
442	571
44	410
261	622
261	157
799	340
812	634
313	122
246	610
610	306
313	591
758	860
487	786
313	313
704	497
998	812
222	331
125	598
551	1001
969	286
591	264
653	497
400	350
601	610
487	542
330	693
425	222
389	53
53	125
222	125
233	400
313	600
527	773
125	858
246	963
84	977
439	948
49	497
988	662
313	988
313	598
120	786
57	855
527	650
551	516
57	677
442	565
998	953
550	598
799	915
988	483
657	645
771	600
57	610
330	741
551	810
57	400
969	989
1012	240
810	716
83	929
83	540
818	520
1	577
619	236
799	49
313	634
304	46
313	231
898	230
951	818
998	977
330	83
497	761
222	130
387	886
550	233
653	264
678	881
246	136
675	786
904	977
67	598
487	383
340	527
953	355
977	272
125	188
222	125
286	598
313	977
653	653
998	18
716	459
582	786
525	355
330	650
46	391
786	258
507	409
1012	368
258	894
330	330
330	168
489	598
799	514
953	904
904	192
383	496
1012	651
487	634
313	1020
723	410
46	240
185	962
704	577
487	223
799	293
246	701
246	977
799	904
904	372
383	442
313	769
18	748
810	335
83	316
600	516
760	792
977	616
998	77
1012	340
489	483
299	942
313	344
313	222
527	977
246	810
246	110
653	904
383	912
998	964
497	286
125	598
57	551
424	619
222	125
953	1
566	40
998	904
286	664
83	610
559	693
904	898
551	977
1	527
222	286
313	307
411	18
998	487
551	948
799	799
591	246
313	877
612	977
192	354
653	610
719	693
295	550
222	539
591	716
330	533
914	46
340	941
313	222
246	324
792	977
126	898
904	539
634	258
313	330
330	622
847	175
998	525
18	541
653	231
330	693
391	455
760	246
792	448
610	936
1001	288
402	324
934	312
218	324
110	34
980	378
46	176
330	771
1001	821
652	458
653	424
330	895
650	489
828	895
551	11
313	254
593	664
1012	195
313	258
653	716
330	344
551	471
466	483
453	442
601	634
422	779
497	125
313	387
57	227
748	951
313	222
313	140
430	904
77	539
222	75
453	710
439	899
914	286
977	573
340	33
855	530
799	764
246	261
313	516
313	22
998	489
57	593
904	669
400	67
344	483
700	951
313	164
600	564
908	835
49	189
140	165
834	1016
600	716
904	788
313	693
1012	690
442	598
168	261
313	140
313	43
313	330
164	277
313	591
965	234
355	894
527	46
846	977
904	997
799	83
313	286
164	400
516	613
372	977
998	125
313	875
998	136
600	657
953	4
998	662
425	1001
222	791
313	653
330	539
799	875
7	77
965	554
704	126
812	813
313	277
658	159
246	953
246	125
977	920
46	422
998	236
313	612
313	574
740	550
274	907
1012	764
189	527
57	442
246	225
487	675
330	704
998	497
330	624
522	306
430	965
953	424
222	259
942	125
83	603
264	786
601	84
218	786
231	286
825	175
653	64
612	187
760	83
57	190
942	555
653	666
289	119
653	551
306	693
1	792
83	684
953	128
313	1012
799	57
591	83
891	634
231	410
828	508
533	507
313	222
76	543
527	141
690	414
313	14
313	624
313	884
740	372
330	988
918	479
125	233
965	699
140	828
784	34
261	758
77	206
246	610
680	304
246	398
246	768
977	356
313	988
704	377
533	425
743	277
313	716
977	479
904	412
560	128
998	236
653	685
57	714
313	653
634	520
313	910
246	813
601	140
874	786
57	299
1012	883
704	285
634	738
77	936
222	434
760	286
83	779
788	496
834	73
785	442
799	501
601	402
812	527
653	330
164	904
84	258
330	977
355	261
784	391
83	77
927	516
313	483
497	769
159	424
487	125
57	650
799	591
313	618
727	125
487	422
740	545
168	442
843	63
125	409
125	600
246	237
313	523
331	962
330	977
684	24
330	875
344	12
1010	936
704	877
618	746
125	385
313	299
400	898
855	610
313	686
313	877
570	946
612	340
764	400
727	786
355	552
904	957
799	383
246	430
439	624
927	899
690	969
46	306
38	373
612	140
799	213
684	634
799	929
313	1022
892	764
18	421
799	251
1012	222
430	946
998	34
313	612
653	541
348	233
799	1
591	442
690	222
771	550
487	136
505	67
653	977
313	853
259	107
330	83
294	118
83	391
18	927
313	313
313	76
189	26
662	267
313	542
998	779
799	383
1006	125
444	704
83	988
653	459
313	610
551	622
834	246
411	125
653	762
185	110
760	283
125	428
18	89
680	727
723	46
727	678
978	286
998	634
246	704
1006	176
904	18
46	598
330	60
344	977
799	1009
552	693
653	265
110	442
218	340
136	619
231	335
799	330
853	400
680	764
246	84
330	988
799	969
372	898
313	330
222	222
591	483
799	83
591	728
799	799
872	12
313	653
904	222
288	128
313	841
834	237
83	439
330	818
313	57
884	788
786	192
125	550
77	324
246	977
313	157
83	1006
219	977
699	940
760	898
653	330
1	201
442	657
330	288
591	125
591	598
246	154
764	828
998	704
439	657
430	286
185	83
246	642
1	610
799	322
653	1009
313	383
383	657
330	141
77	125
430	786
988	693
887	175
653	747
948	60
344	125
313	799
764	610
786	542
810	1001
222	721
998	52
313	977
222	206
355	977
222	657
940	67
246	643
527	970
675	698
877	159
157	410
828	946
563	609
330	1022
977	524
792	23
612	10
164	806
246	225
47	277
330	610
313	222
998	923
583	34
145	813
246	125
57	140
424	163
313	986
998	533
313	57
340	912
222	977
685	875
760	664
330	472
601	303
313	222
136	716
313	34
761	732
892	83
743	806
880	826
442	951
313	125
760	324
359	422
409	645
125	903
165	898
330	222
612	77
527	94
331	786
185	598
18	125
313	136
125	67
246	609
313	834
313	694
892	67
653	848
764	634
294	222
189	125
721	557
884	657
313	669
425	498
261	634
222	125
533	97
799	501
246	559
764	142
904	222
330	933
83	1009
400	920
125	63
330	570
330	140
953	442
716	483
904	843
582	886
313	884
246	136
430	234
487	246
1	477
810	422
653	168
977	400
998	998
442	410
799	304
653	222
313	601
765	192
601	699
313	372
430	466
246	340
313	634
462	118
680	904
834	483
136	222
1001	818
18	222
400	598
344	286
231	533
313	222
904	125
231	601
313	394
261	664
125	507
313	834
286	405
610	261
799	810
246	898
330	988
211	801
653	957
313	57
624	261
77	818
344	951
628	71
246	977
83	600
322	704
330	843
83	236
977	512
313	213
677	286
83	145
884	416
737	306
51	1022
799	988
330	904
164	904
264	650
799	49
125	175
764	84
313	91
313	380
77	117
653	18
313	388
286	693
77	552
501	400
286	669
713	10
261	758
799	482
344	192
600	557
487	693
340	60
228	125
799	684
1	1001
653	598
1012	516
892	194
1022	210
424	119
313	855
140	977
904	561
868	929
704	425
246	422
533	400
764	479
590	729
1012	294
929	1001
176	861
743	698
459	30
775	254
82	522
348	402
231	818
792	936
487	624
764	378
600	306
904	125
904	222
353	324
653	977
187	977
313	419
327	400
653	233
125	4
22	46
799	125
550	530
313	191
487	533
313	515
1012	634
237	360
248	989
224	813
313	1
704	977
46	117
550	262
83	324
159	600
1012	222
998	297
83	710
313	349
125	100
313	285
799	410
889	952
313	875
487	330
834	859
373	959
159	706
60	898
428	361
439	428
141	619
653	344
904	843
187	946
453	442
936	213
760	953
77	359
653	259
497	758
313	764
22	111
83	942
877	504
533	168
313	520
834	447
760	977
716	193
313	745
527	735
998	891
998	788
716	598
653	222
189	610
497	277
505	634
313	977
533	977
591	563
18	128
904	22
610	125
764	140
550	192
246	428
303	898
313	459
83	331
313	657
77	554
969	875
294	995
1	847
125	170
330	834
40	343
904	1010
313	758
57	46
313	600
977	100
240	728
834	471
998	383
246	574
163	559
313	904
231	877
690	497
83	400
83	261
591	877
46	734
653	164
740	12
222	669
998	83
400	378
246	254
998	185
222	977
84	285
313	877
294	977
313	877
411	875
922	539
383	39
910	786
330	164
716	459
313	777
144	67
246	764
1022	619
551	818
998	764
904	67
497	222
600	310
1	786
313	716
222	334
904	527
313	745
164	530
231	581
487	401
222	977
501	187
785	430
313	827
1012	18
591	898
313	680
799	301
294	383
264	442
313	953
904	118
786	400
799	527
785	716
799	453
246	704
1001	977
998	916
313	330
817	822
340	400
313	539
813	1001
653	828
591	582
47	977
164	83
601	289
998	187
246	988
600	688
593	560
313	716
313	643
612	551
430	624
582	801
929	710
877	991
313	126
294	467
198	394
848	192
998	543
442	664
998	265
83	77
83	680
125	622
246	34
662	316
313	641
466	507
313	653
313	164
246	83
83	457
760	721
397	577
83	144
430	828
764	10
877	969
313	425
439	600
786	213
313	110
803	716
904	716
653	324
1012	598
57	622
552	664
231	598
799	219
760	248
145	234
1012	868
222	758
122	645
164	657
125	516
330	439
330	319
904	18
383	770
330	634
313	439
624	516
799	785
877	941
799	487
855	786
7	530
799	697
760	877
313	140
988	610
231	898
313	653
525	669
313	799
487	324
699	977
758	151
799	979
467	125
168	918
653	774
313	313
855	128
313	83
533	988
194	190
570	675
764	693
83	140
834	4
600	1001
702	192
77	174
313	185
877	849
425	192
680	194
653	912
125	483
576	619
231	83
4	12
216	693
704	459
551	764
551	915
551	236
222	141
254	400
508	598
532	46
653	664
246	810
658	222
330	818
551	192
810	501
294	383
83	442
383	968
892	698
653	331
1012	792
1001	920
110	458
799	810
344	551
914	792
18	40
799	792
247	466
121	324
246	904
998	497
222	988
653	324
828	828
662	619
57	904
313	917
487	222
112	527
799	551
222	988
400	277
799	806
125	4
843	192
313	322
322	690
313	389
442	740
727	353
313	330
877	109
612	97
83	125
22	261
953	222
84	233
612	721
330	353
83	335
453	458
1012	378
125	870
152	977
533	559
211	1001
313	895
591	89
487	247
904	975
998	401
977	645
497	773
283	89
998	760
313	634
322	46
83	141
231	984
799	828
400	151
662	301
313	125
57	430
877	977
246	497
895	13
745	517
57	286
330	457
877	544
110	559
313	884
222	212
1012	651
721	748
593	254
775	977
261	875
716	798
430	994
246	918
987	818
313	535
246	140
1022	434
737	12
810	741
904	577
501	428
612	669
322	83
986	806
313	363
185	1001
330	631
383	691
344	497
355	154
313	669
286	634
487	368
643	748
224	222
313	516
598	598
18	459
330	977
261	669
92	222
313	653
313	344
46	619
349	59
799	401
330	283
83	22
246	222
264	895
527	561
743	378
164	877
877	716
998	116
799	67
313	861
140	324
591	312
566	77
313	1001
904	22
848	213
904	570
330	570
497	222
313	125
159	1018
132	252
349	483
125	489
760	369
828	67
313	841
164	665
927	560
716	458
974	517
330	866
187	693
977	128
533	422
164	83
83	91
57	624
591	34
442	828
653	34
998	598
222	282
428	458
157	34
613	410
653	110
330	598
401	128
813	372
998	246
653	813
222	340
1012	428
698	977
760	189
680	459
653	518
313	383
764	489
582	867
525	704
998	522
834	968
899	907
799	657
998	551
313	246
299	1
164	141
690	929
653	651
1	372
912	889
222	89
313	145
904	855
834	286
877	125
313	442
653	760
525	899
760	222
83	699
799	877
57	306
92	467
904	507
222	1001
313	1018
677	713
998	1022
313	164
344	610
446	700
653	83
977	34
875	516
828	693
762	184
527	400
533	350
550	391
653	360
313	1009
76	400
330	904
313	810
986	459
18	810
330	344
631	309
125	236
136	434
1	598
1001	598
430	612
224	659
132	618
313	330
298	410
425	818
430	662
246	1012
185	141
799	289
313	487
977	894
1	496
745	234
653	698
313	786
313	543
83	904
330	222
723	710
246	563
222	122
83	111
313	657
497	398
313	222
998	246
877	52
612	977
998	110
1006	412
83	612
690	131
799	818
233	912
218	89
231	533
669	686
391	977
83	651
610	125
30	380
799	977
246	282
330	983
1002	977
18	946
430	312
653	650
877	400
83	307
600	898
125	157
330	18
977	818
313	3
1	261
313	669
383	397
330	501
424	977
330	664
57	219
874	875
383	483
222	598
330	18
224	259
313	234
442	368
246	489
313	4
910	466
313	792
799	433
847	733
653	834
313	222
918	286
927	740
810	598
953	748
313	657
591	285
929	94
285	532
313	46
313	476
383	40
57	760
430	125
904	40
653	77
261	788
125	669
111	539
313	600
185	222
877	448
222	254
912	434
760	213
313	942
591	564
222	46
97	974
1012	324
246	891
988	42
140	483
799	1001
77	125
610	714
799	484
884	988
904	140
834	877
168	699
904	624
83	904
313	125
942	254
984	189
222	977
313	355
246	222
951	724
612	307
442	324
487	601
340	441
653	1009
222	724
140	125
591	601
998	344
231	231
591	282
942	125
224	37
313	212
77	962
570	448
57	294
487	657
760	121
383	77
411	675
998	988
653	899
285	710
988	331
497	812
344	894
430	50
14	812
313	483
680	233
313	810
136	904
965	38
185	383
764	77
653	222
514	324
313	313
760	187
810	60
125	669
231	527
653	425
1001	975
140	46
799	141
601	527
313	669
83	710
344	988
507	669
834	728
810	324
189	988
246	60
877	306
264	306
539	598
77	903
533	813
459	413
998	136
624	342
203	67
18	213
799	645
704	828
799	175
998	829
799	653
218	336
92	222
125	909
330	965
918	898
768	530
157	403
141	598
957	748
218	977
653	904
727	139
653	122
313	551
533	835
344	140
57	304
998	151
591	64
843	128
730	324
799	512
764	489
83	612
1012	121
988	511
912	175
651	946
281	175
313	612
83	125
898	65
313	22
83	397
331	163
313	977
799	1012
721	492
10	586
83	67
359	46
785	894
998	698
612	904
83	786
442	125
1	890
330	22
330	760
758	951
810	324
77	669
83	969
125	963
355	645
90	659
330	68
764	261
216	806
307	380
914	324
140	101
409	236
246	140
442	1001
294	669
505	447
313	929
18	685
397	125
231	942
591	785
313	977
344	904
684	118
313	164
799	246
904	977
610	428
1001	183
324	1009
67	594
653	400
304	442
299	1001
877	551
904	247
286	234
144	857
49	28
898	142
222	962
965	125
918	477
838	424
497	254
974	306
1012	704
849	98
487	83
313	810
629	277
313	83
313	977
904	375
904	838
799	125
313	313
57	591
868	400
904	247
57	716
168	570
246	286
927	488
77	51
591	1012
1012	135
140	10
551	46
264	912
904	551
799	185
904	610
231	527
533	550
610	349
185	563
904	927
289	472
771	716
507	977
231	140
77	404
110	977
261	939
892	800
430	83
231	324
313	936
344	248
246	83
969	594
246	1
246	91
292	324
998	748
330	164
927	752
653	977
313	125
428	634
843	372
501	535
977	212
813	977
313	655
653	501
313	125
313	904
904	458
828	920
285	394
224	125
764	544
904	361
904	421
740	977
612	904
140	400
231	450
469	875
218	988
988	157
18	496
799	330
222	286
653	246
246	344
83	894
246	294
698	12
497	67
218	309
83	828
132	422
83	400
313	610
442	977
313	344
953	904
313	286
1	264
18	316
231	877
83	458
998	192
799	855
977	175
716	977
965	213
1001	47
289	128
828	286
904	610
653	758
998	553
355	425
998	125
746	693
760	341
904	886
83	918
653	18
810	664
344	483
67	994
988	520
904	951
551	748
83	222
424	213
612	828
155	77
799	18
222	600
246	10
183	634
612	400
653	216
83	71
914	810
222	545
582	810
533	974
764	125
998	246
652	1001
344	144
313	799
313	313
704	563
415	23
799	813
261	118
264	912
922	324
203	977
904	165
57	277
46	709
497	125
313	653
132	428
313	533
471	179
785	258
313	330
286	492
849	806
986	618
527	183
653	23
313	1012
391	254
274	46
431	324
77	297
84	508
68	518
57	453
313	83
313	26
799	998
658	449
785	634
246	246
582	125
841	448
1	4
125	977
934	47
1012	331
1	324
619	689
936	130
330	877
598	952
313	899
50	324
828	175
313	471
313	914
998	261
164	977
313	677
669	422
313	1012
313	998
669	293
246	677
697	251
246	140
83	765
998	246
313	125
918	598
330	353
218	286
969	77
508	770
892	601
875	598
467	336
83	551
799	498
83	956
330	554
77	786
551	192
799	980
877	828
533	812
178	125
222	119
231	1012
83	516
57	164
904	977
152	786
998	368
799	455
330	847
18	580
313	951
877	240
26	170
224	40
57	877
425	340
391	721
246	507
330	49
344	710
330	1021
904	598
1	77
1012	134
601	786
218	118
745	786
322	368
760	67
313	83
998	693
83	265
83	552
904	206
49	83
533	1
222	693
597	698
222	779
904	222
942	222
988	410
430	969
847	865
187	699
83	868
313	610
125	600
246	125
313	942
497	140
430	141
1006	12
721	393
444	293
136	67
313	83
83	324
657	588
1012	1
313	986
67	12
877	601
4	401
998	977
601	466
785	610
551	1022
313	77
799	428
806	859
313	258
53	125
998	551
246	390
164	946
286	80
313	998
1012	136
704	898
313	1009
313	330
799	383
344	125
430	505
988	140
554	552
313	501
442	800
292	565
330	408
612	704
466	748
764	479
574	125
591	582
383	125
313	324
760	907
690	884
125	306
340	471
313	828
892	83
771	372
246	764
313	125
39	1001
397	264
313	203
760	764
467	721
344	125
927	12
591	516
653	455
551	848
246	904
533	929
988	159
658	600
313	400
261	1022
330	110
330	277
582	324
313	350
743	939
998	434
140	46
969	669
313	18
1	110
313	83
489	693
487	704
231	360
246	29
799	22
383	67
657	489
730	110
313	773
698	119
164	83
121	261
57	82
551	624
610	459
319	930
18	600
653	330
222	627
222	894
601	222
834	929
165	639
988	140
988	757
834	455
83	951
46	875
453	67
38	492
998	669
600	236
246	704
799	977
313	472
18	222
125	867
998	121
904	988
313	164
570	988
53	634
988	610
591	236
799	60
653	391
231	383
125	23
46	419
716	94
764	272
799	1010
988	12
313	313
125	657
1	773
313	927
313	848
246	34
1	222
653	46
612	849
818	693
246	322
619	395
430	331
453	140
231	222
453	46
313	130
764	50
712	67
211	400
313	651
313	884
877	904
969	89
313	791
622	324
313	855
1012	469
430	977
285	598
344	550
46	598
740	131
884	650
1021	904
77	482
330	164
330	929
313	289
897	716
745	216
658	948
40	177
83	489
313	942
497	222
84	512
222	951
313	144
313	979
904	848
264	693
1	904
764	818
812	98
222	349
313	568
551	286
723	977
187	149
612	111
1001	516
224	222
834	982
904	684
176	820
601	619
855	4
330	594
1	331
570	494
168	669
330	157
330	889
734	565
340	233
313	785
904	988
998	469
57	330
527	918
313	904
675	372
868	182
222	157
400	598
430	904
1001	409
394	898
653	46
313	1012
77	446
740	693
49	144
518	807
760	769
231	434
699	67
313	138
313	467
222	228
533	977
501	527
559	748
246	340
827	380
551	610
998	10
246	228
988	121
313	330
653	758
904	483
653	205
83	131
551	622
533	466
525	946
610	662
313	792
471	918
828	400
439	67
892	187
222	527
313	89
834	865
442	107
313	591
313	627
657	335
775	761
313	303
313	698
653	988
430	904
397	472
727	634
565	174
335	12
222	343
904	92
799	622
501	828
977	89
998	877
653	1022
998	222
330	800
313	998
313	701
240	498
570	859
657	361
330	570
57	551
84	540
904	800
222	256
372	806
57	810
330	356
591	479
313	494
261	977
699	889
533	601
786	324
18	324
621	894
923	524
458	40
139	258
231	857
799	225
467	874
600	977
330	723
459	321
884	33
904	187
18	222
246	516
508	34
430	530
998	570
330	693
326	400
877	140
330	174
1	539
1	658
125	598
246	141
551	598
355	828
680	786
799	612
653	18
168	828
421	598
760	650
125	598
303	401
929	21
612	1007
600	928
453	610
612	693
289	84
313	144
83	507
1012	114
289	550
799	788
246	77
657	898
653	46
760	716
313	904
442	721
927	400
799	965
313	786
497	828
662	662
125	157
246	977
723	604
246	505
231	988
168	222
988	192
261	1022
942	176
313	52
313	1
936	634
313	634
145	977
125	412
690	891
285	841
653	165
653	218
299	898
446	46
877	904
764	324
313	525
145	4
18	868
998	110
653	157
622	75
83	710
918	10
83	946
313	307
653	283
53	222
125	597
313	344
331	46
799	998
222	894
760	551
76	915
344	898
904	483
734	865
18	145
304	222
727	324
313	843
998	977
18	516
430	421
313	140
168	898
140	685
294	828
355	471
843	716
49	425
222	655
1	868
313	948
600	659
77	261
83	641
313	978
49	425
487	324
516	193
453	67
231	125
330	60
964	600
344	630
313	942
653	922
313	330
998	383
18	564
612	483
313	344
760	678
977	710
984	125
246	912
868	292
653	165
533	125
799	963
83	612
83	183
998	387
552	823
344	523
657	144
977	286
313	157
504	222
998	387
988	716
799	350
304	222
246	222
651	306
684	125
764	550
998	330
471	125
164	251
330	168
904	932
764	340
904	628
505	786
600	95
487	428
760	657
453	544
49	472
848	176
904	89
313	598
904	810
760	83
425	854
246	83
442	561
904	898
231	557
7	400
466	867
619	206
254	193
600	67
218	898
680	740
261	288
904	387
1021	83
313	261
658	1001
261	259
876	975
942	224
330	111
246	189
313	344
189	86
313	487
246	1012
246	125
799	430
760	222
771	904
988	173
246	22
330	600
799	483
721	724
904	140
313	442
313	430
904	898
18	699
372	40
922	977
313	190
877	128
497	959
653	67
57	946
799	4
497	324
721	748
439	527
110	598
240	827
904	865
727	977
834	818
750	102
601	786
922	563
868	616
430	600
313	159
22	859
487	12
657	459
610	116
313	227
799	510
313	400
1	324
760	246
222	316
771	810
591	424
566	1001
507	875
430	969
904	285
716	874
344	112
904	786
110	804
218	126
897	801
313	868
551	100
330	12
313	843
904	122
743	486
904	261
313	83
487	125
246	577
669	98
653	550
932	669
313	669
527	1009
313	600
110	144
330	698
83	1022
745	346
330	551
998	894
799	991
810	693
698	324
487	786
786	630
785	439
83	355
192	157
313	140
125	618
600	175
690	1023
467	76
740	716
533	988
222	610
222	175
690	125
159	824
591	306
904	12
222	261
799	57
799	67
165	261
527	1001
442	335
792	721
57	600
246	792
601	1009
799	810
760	727
497	192
591	383
982	360
704	544
591	97
125	190
704	880
1022	980
313	77
313	60
313	799
653	125
251	12
600	277
834	1001
84	125
140	125
185	10
46	400
786	146
442	46
792	46
246	698
125	408
593	125
313	533
313	810
313	222
313	601
222	212
313	314
289	198
740	422
313	442
430	18
67	508
140	828
600	483
313	979
653	1001
723	868
904	719
577	1001
222	1001
799	401
67	827
600	716
53	677
344	904
554	755
704	238
653	977
551	988
1	929
612	624
313	654
1002	600
998	322
313	430
424	951
904	613
430	914
340	372
313	344
504	59
313	246
120	786
83	716
335	496
810	846
1	342
313	920
448	883
775	338
355	898
294	501
1001	669
389	600
653	788
83	946
891	225
57	383
222	277
653	610
233	710
159	125
222	553
764	125
471	203
799	810
330	410
313	306
430	828
313	212
264	669
430	657
110	758
953	758
222	963
653	508
936	898
764	222
653	940
83	630
651	669
785	765
83	622
650	634
330	834
247	512
1012	821
38	724
1012	53
591	904
313	650
401	552
430	442
904	912
998	883
442	527
591	26
799	57
355	977
313	883
1006	714
619	693
400	422
313	455
294	1
760	83
261	806
261	47
383	509
998	83
125	125
704	891
723	645
653	246
601	977
834	601
18	261
653	1
904	289
313	747
313	706
397	222
653	82
183	157
126	67
313	292
18	977
988	46
18	140
904	145
46	361
330	737
624	258
49	786
651	212
222	213
18	969
965	664
487	965
593	368
799	223
533	442
83	598
669	755
998	948
523	331
904	693
533	904
868	258
313	80
438	917
313	83
246	977
313	125
812	792
487	246
246	645
136	977
988	125
979	428
313	651
313	998
612	442
246	308
140	4
83	89
940	398
1012	601
533	479
891	410
799	716
246	189
977	552
799	330
786	721
383	139
349	622
49	389
313	760
83	125
653	441
487	22
892	83
504	59
877	988
313	398
704	125
185	788
330	989
222	77
533	855
831	400
77	693
653	516
231	213
653	860
415	581
904	63
330	83
313	604
313	653
998	410
313	125
998	86
582	401
764	786
84	285
246	234
222	936
313	501
254	212
965	977
792	12
125	141
349	412
984	383
669	752
313	977
313	246
653	73
624	47
313	159
274	455
1	813
313	360
83	727
516	995
327	462
998	530
222	331
313	601
330	285
198	372
653	176
313	67
313	434
222	609
610	507
848	650
383	112
551	363
812	125
877	758
525	723
497	140
799	294
46	450
716	237
125	898
612	400
83	645
453	786
57	680
942	446
136	237
904	46
855	175
125	669
634	598
653	498
398	213
946	262
653	501
231	67
542	517
60	466
307	286
704	716
246	265
570	922
313	730
489	634
222	323
397	895
480	527
662	709
313	721
330	83
884	933
741	70
600	130
246	764
497	289
443	324
18	728
53	176
330	539
977	989
313	681
1012	10
330	828
533	977
758	865
697	515
83	601
330	734
977	12
313	591
14	222
1001	459
848	1001
799	895
383	724
77	68
40	32
740	479
313	330
442	552
799	340
497	806
591	497
83	574
977	598
313	330
998	904
799	598
998	299
313	618
533	83
988	847
757	187
83	383
910	699
397	721
634	366
904	140
330	929
18	939
610	854
223	598
383	693
246	237
612	458
904	651
330	372
877	912
330	330
83	1009
313	34
83	828
330	619
677	176
246	125
330	889
63	310
222	645
1022	974
246	141
313	424
157	516
313	132
892	144
425	828
453	383
383	86
313	336
610	331
101	67
430	946
383	447
591	75
140	898
83	286
792	222
651	182
487	251
507	977
849	154
313	693
593	292
998	340
18	293
582	977
83	979
299	634
313	998
289	125
415	716
439	453
313	601
442	40
313	246
18	946
231	222
246	719
1	527
397	655
704	1009
487	859
653	77
977	75
313	22
550	233
313	136
313	330
927	600
799	361
601	125
313	551
910	891
551	60
102	125
799	570
653	67
904	286
83	60
799	965
467	874
125	854
600	234
140	835
299	507
653	895
998	330
453	277
313	313
313	330
998	192
792	946
570	645
383	977
313	723
653	645
164	83
330	83
40	410
168	977
383	361
853	770
313	710
551	657
877	988
904	684
834	854
487	442
601	347
740	977
246	368
998	977
231	704
246	552
330	453
313	140
1001	174
760	977
125	634
330	716
313	288
246	483
313	669
892	483
347	977
205	977
904	658
140	983
246	102
651	681
760	442
344	854
1021	10
570	233
525	164
727	424
653	904
313	289
261	763
313	690
222	600
140	618
125	847
330	355
704	582
313	775
877	128
610	598
246	422
83	372
313	234
643	693
205	406
344	895
977	865
83	434
330	582
313	828
516	151
313	872
877	400
662	71
664	410
657	630
487	67
760	792
67	59
507	977
159	977
704	651
799	855
723	951
813	401
222	762
684	565
285	418
799	400
344	321
231	701
57	299
946	104
487	335
551	125
313	967
222	125
145	758
591	18
843	634
313	653
551	758
222	198
487	397
799	600
442	936
799	598
164	218
231	83
313	487
83	189
612	1007
136	843
430	810
525	551
799	657
813	977
843	619
164	201
313	97
83	222
653	344
313	745
295	125
430	434
453	765
657	737
313	916
231	324
313	699
246	751
509	977
497	286
313	760
233	786
910	492
187	277
246	222
222	247
83	391
313	527
929	434
799	977
67	598
187	895
7	977
847	1001
848	306
799	508
653	698
612	773
278	361
261	786
83	559
998	18
442	59
330	737
799	57
313	904
439	806
704	843
330	953
125	507
764	410
527	1001
57	236
799	527
368	645
18	516
1	977
785	60
760	419
299	472
684	258
222	875
904	34
77	552
929	51
205	645
1012	77
487	447
430	83
222	144
765	874
222	962
653	953
46	669
799	586
643	67
650	847
313	810
330	892
998	100
953	610
810	400
904	800
601	758
839	104
904	261
834	977
834	591
895	277
760	34
610	285
877	962
877	610
22	400
951	142
978	184
834	904
246	285
313	698
83	483
348	518
313	330
610	977
428	693
83	46
164	18
799	892
799	998
222	324
704	125
39	236
313	415
313	453
330	77
183	188
313	492
344	929
998	125
662	544
231	330
18	254
330	619
313	570
898	951
313	704
904	16
283	63
264	598
313	313
14	855
439	877
653	286
313	953
843	125
1	251
799	988
313	497
222	634
340	880
904	47
570	657
299	601
164	125
998	46
884	467
551	483
125	233
765	700
497	125
375	391
838	699
140	598
222	598
843	675
942	895
834	693
760	764
591	217
752	298
261	98
383	4
313	904
979	908
998	884
810	600
125	630
792	400
185	140
735	508
489	634
877	222
344	669
344	855
313	745
591	904
904	353
313	752
313	145
653	810
83	1
84	236
187	939
998	40
799	904
313	430
1001	883
83	942
904	89
1	261
847	710
1009	515
550	609
843	324
998	977
313	389
49	141
785	813
164	1009
875	669
719	977
313	951
904	977
998	806
383	378
987	286
998	810
723	286
261	128
764	922
810	598
669	234
246	610
612	693
349	798
799	83
83	846
792	118
487	904
189	977
904	1001
719	689
653	634
400	563
330	848
1	187
554	125
828	974
651	1001
289	125
425	431
848	1009
153	324
218	446
799	653
313	799
601	140
313	231
904	812
264	442
313	799
438	657
1001	894
313	977
551	813
653	1001
1022	306
159	557
653	507
497	977
383	21
344	977
904	222
799	775
693	711
125	669
313	487
998	380
653	977
612	324
313	904
313	653
353	118
344	222
330	977
125	321
466	192
313	330
998	895
383	758
847	400
231	448
313	600
884	904
868	23
998	693
998	246
653	716
330	612
662	527
83	236
340	633
344	831
313	828
988	634
792	828
313	1012
799	910
998	109
612	286
723	904
77	527
330	128
228	918
222	600
810	550
591	4
953	634
313	716
551	550
313	904
597	115
313	853
551	434
600	748
398	977
891	400
313	977
760	157
331	175
657	857
965	969
904	400
516	34
425	343
231	286
313	430
904	758
313	527
313	834
18	501
988	192
684	286
18	110
313	612
168	779
125	977
246	600
1	721
164	904
246	286
799	278
884	624
125	839
892	489
988	22
313	748
313	546
442	989
653	479
18	699
231	1001
533	424
57	610
653	533
231	657
83	222
430	651
634	1009
439	60
977	920
83	40
313	679
904	77
313	859
533	254
246	140
1019	128
799	246
57	205
799	330
684	175
812	400
246	77
497	112
497	442
988	176
786	174
582	467
83	977
904	254
397	212
222	228
313	313
313	383
313	726
330	680
246	442
83	125
988	28
313	936
83	693
508	516
497	40
601	47
330	539
1	716
67	916
140	125
533	164
330	693
527	144
313	140
442	10
664	693
969	261
998	904
344	18
60	895
973	650
904	868
330	185
125	564
740	422
799	330
977	758
684	786
530	977
600	983
222	898
222	840
1001	899
330	786
591	236
527	139
764	897
285	746
1012	51
83	669
748	98
46	539
313	721
723	522
313	83
83	77
1010	222
205	634
812	810
942	828
264	400
799	286
246	758
998	643
330	368
46	595
631	693
40	100
313	487
330	988
4	786
551	489
313	775
231	425
442	977
550	368
723	550
84	10
83	865
977	286
0	46
998	246
904	610
612	125
998	570
813	800
497	471
932	70
898	693
918	234
83	600
834	517
998	118
344	1
487	330
716	622
1012	904
653	489
289	854
222	159
964	46
313	701
566	333
344	894
522	887
125	67
904	988
904	970
218	222
799	501
601	50
716	977
83	582
297	645
877	292
601	786
1012	286
507	977
680	904
368	622
1016	693
458	598
222	758
533	222
998	745
330	383
313	799
693	34
155	895
690	512
758	410
67	277
601	151
330	1012
83	46
527	721
719	813
1	898
799	704
231	551
801	693
335	901
313	422
936	977
330	222
313	313
83	159
164	46
1	67
313	497
246	119
83	68
577	527
313	206
83	258
998	466
697	127
904	975
946	565
399	89
83	46
998	988
652	277
313	516
125	422
231	877
998	484
136	634
313	456
550	212
313	140
192	1009
89	221
988	125
330	877
313	418
330	163
977	67
254	619
877	144
657	1001
591	125
653	417
487	828
316	522
799	758
164	340
824	428
222	410
533	598
834	727
330	764
591	110
125	261
285	1006
313	612
330	316
330	125
261	428
801	336
1012	4
551	494
313	828
946	889
843	669
145	89
375	12
810	46
760	1
401	702
984	629
1012	969
57	848
164	904
988	424
313	728
698	898
653	977
313	389
46	192
313	233
998	258
764	895
684	624
77	848
904	275
612	847
383	619
57	861
863	176
330	83
704	764
185	277
727	698
313	471
570	915
83	457
83	693
246	904
246	230
764	977
904	623
497	897
551	786
904	792
