164	221
166	52
166	252
186	39
215	207
166	149
173	87
215	252
166	181
166	216
238	19
164	30
94	96
213	201
100	12
166	152
166	141
166	89
100	28
216	74
252	12
88	30
94	121
210	74
40	135
166	206
166	88
175	96
166	230
173	38
185	224
166	152
54	30
51	125
166	18
166	170
165	152
52	239
166	155
166	30
63	156
166	36
213	191
166	208
166	74
185	246
166	212
166	166
94	125
169	52
221	30
166	180
50	122
212	216
230	225
166	13
166	42
251	230
209	124
175	218
39	101
180	34
164	175
172	19
89	209
219	55
180	30
213	252
212	177
165	30
214	180
213	209
164	52
41	116
209	52
89	175
166	100
210	169
213	143
94	143
179	224
252	224
169	8
179	252
252	125
184	252
94	217
166	12
49	79
90	219
165	216
209	7
213	127
166	209
52	224
212	169
209	175
164	61
173	121
166	210
220	112
94	152
166	221
166	65
166	216
212	168
221	252
51	116
51	52
221	255
13	2
235	30
185	224
252	123
252	149
166	166
177	30
166	166
28	2
165	212
212	209
166	191
94	121
234	78
166	52
94	238
166	166
209	140
166	139
220	254
164	215
41	115
61	180
169	121
213	88
213	252
164	121
88	211
209	169
212	236
166	213
166	209
181	5
141	205
164	254
30	152
175	235
209	216
213	216
52	61
166	209
94	209
213	100
212	224
166	35
94	245
30	122
209	230
166	165
166	230
166	22
94	240
164	125
166	6
173	209
94	151
211	178
166	116
166	170
166	252
166	252
166	209
94	109
48	221
166	191
51	216
166	227
91	216
125	21
166	213
215	30
166	250
166	138
172	177
124	152
90	124
164	39
88	215
58	141
18	13
177	152
166	252
246	30
213	124
187	252
100	225
165	252
209	210
209	101
221	69
94	185
213	225
88	175
214	175
184	151
51	51
180	30
166	138
89	88
89	17
213	146
213	30
166	121
51	252
185	100
166	24
219	251
52	96
166	165
252	30
50	184
59	35
212	88
94	185
209	100
209	238
235	230
165	239
166	221
208	184
58	30
166	251
165	221
212	105
94	212
166	30
166	212
88	65
166	2
166	51
42	120
60	121
13	8
169	52
166	81
28	18
252	74
169	221
35	116
166	172
166	252
213	230
166	52
165	88
52	181
166	100
165	19
213	212
166	238
166	52
213	175
177	87
166	215
252	39
32	125
94	173
166	30
150	68
185	185
232	224
166	173
61	247
252	177
221	207
166	62
230	121
221	254
166	175
88	240
209	180
33	225
213	175
166	241
166	212
252	196
165	96
175	211
166	121
166	94
213	212
254	35
166	166
55	114
213	218
30	28
252	80
91	19
55	230
209	251
88	209
166	252
51	255
209	252
124	74
52	221
219	30
166	52
252	226
94	74
252	78
88	52
164	240
209	246
52	52
166	28
255	119
209	169
212	180
213	184
166	223
88	249
89	35
166	166
52	254
252	158
252	74
213	30
238	150
166	101
216	124
52	152
166	50
49	247
51	205
165	212
184	74
208	27
208	227
101	30
88	88
88	98
173	180
89	5
216	161
125	121
212	191
215	51
101	224
212	243
166	224
54	152
165	175
212	16
175	35
221	224
166	81
50	54
52	196
241	77
61	74
230	159
52	30
164	177
186	191
88	221
166	2
213	15
52	121
213	241
52	180
213	209
166	178
52	235
248	29
213	30
213	88
94	175
166	230
249	30
36	121
166	209
180	207
50	121
213	212
15	72
24	29
52	224
175	39
94	100
215	252
88	215
215	225
164	49
166	165
88	243
89	230
89	35
30	124
172	184
213	215
50	152
166	212
52	127
166	243
166	107
185	39
191	252
216	12
35	30
184	38
94	13
166	209
221	25
166	172
213	169
177	114
30	30
166	124
91	230
209	191
89	216
166	30
166	94
252	19
213	207
173	236
52	119
184	190
166	213
30	121
166	236
241	230
172	180
252	96
125	230
166	49
88	12
166	138
168	180
224	71
166	177
164	135
252	39
94	58
94	88
166	88
169	25
213	106
89	250
39	96
55	100
88	252
74	72
166	94
121	23
172	156
252	159
241	160
172	125
94	94
220	125
88	177
152	74
184	121
166	16
88	215
166	221
89	49
52	58
252	124
166	165
168	239
216	38
175	221
164	173
166	12
209	127
166	181
166	8
212	42
177	1
212	184
58	73
213	94
91	209
55	230
249	141
166	209
88	116
166	213
96	136
173	209
166	216
166	185
166	94
250	121
39	39
89	175
191	21
166	124
173	181
35	207
166	82
166	115
219	252
94	169
125	124
184	202
166	128
166	29
180	5
169	47
220	243
216	127
166	215
191	125
165	210
212	39
166	213
166	215
54	254
212	173
168	169
213	88
39	38
175	180
166	19
19	143
177	47
173	62
94	254
172	252
171	52
51	221
172	124
39	127
165	177
189	74
216	30
41	224
89	52
52	8
166	166
94	216
89	88
164	252
213	154
255	121
221	30
55	21
252	96
210	19
214	221
88	215
209	52
212	211
213	211
173	174
212	191
212	252
216	180
47	30
172	169
212	51
172	13
62	80
52	18
94	252
173	61
89	30
218	185
166	119
173	216
88	87
166	42
166	50
184	74
88	152
88	216
50	38
166	209
209	61
38	113
166	125
214	175
212	35
52	125
88	88
166	166
90	185
184	240
39	1
166	125
213	88
166	212
218	154
250	21
209	184
166	221
209	225
213	124
63	61
94	184
212	224
166	213
18	11
166	221
166	166
166	35
166	209
94	175
212	12
125	194
58	252
88	121
36	35
209	175
94	74
185	251
209	184
58	68
88	215
94	173
216	254
252	124
165	252
239	16
212	88
63	254
185	191
166	166
180	21
88	216
88	52
166	30
88	96
214	125
209	252
191	207
94	141
166	90
213	215
215	185
216	152
63	180
191	35
166	209
105	30
50	121
90	44
213	57
212	53
166	166
177	16
177	13
121	152
89	30
88	249
88	178
252	239
213	216
88	191
90	252
94	121
250	96
166	166
49	252
166	51
30	28
88	80
28	140
51	246
25	5
94	224
185	74
187	224
21	143
213	209
214	88
252	118
166	216
185	196
213	209
166	180
61	3
255	74
38	239
166	74
166	213
166	212
165	152
209	71
175	49
166	219
166	11
175	30
166	88
166	177
166	212
30	118
166	246
166	36
166	90
63	243
213	230
166	172
215	121
212	224
89	215
30	114
223	39
166	221
29	74
94	52
165	121
50	30
169	125
38	180
88	221
240	30
249	246
96	69
52	120
208	210
101	125
184	71
213	121
246	135
52	52
88	252
166	188
212	180
166	254
166	13
166	215
166	209
218	240
166	239
211	65
30	21
218	39
166	252
177	239
58	244
166	34
166	8
254	12
166	94
94	212
52	252
52	185
166	252
61	156
51	96
158	152
209	186
91	114
94	37
173	129
88	175
50	51
166	209
213	14
209	125
224	138
213	39
224	16
212	138
218	151
30	125
175	72
209	125
221	5
88	172
166	52
211	156
169	115
240	224
252	252
209	49
166	215
39	39
212	96
88	184
125	74
166	89
166	209
63	177
166	165
51	250
225	71
166	50
166	90
166	215
185	10
169	152
212	172
166	55
212	138
209	30
96	13
35	130
250	116
213	221
209	210
166	166
224	13
212	55
252	125
210	39
50	30
52	18
166	166
209	125
209	35
166	175
94	80
213	212
90	30
215	28
165	96
225	121
215	74
164	216
212	208
164	87
225	73
164	249
166	52
164	177
165	30
166	8
252	68
209	175
13	13
166	94
166	13
94	190
166	152
30	230
166	30
89	220
177	152
88	122
166	241
62	252
213	251
33	152
89	100
96	139
119	146
166	89
164	121
51	225
88	121
213	252
210	252
63	39
212	48
89	30
166	184
51	169
214	96
166	166
74	207
52	142
96	30
166	55
94	121
52	250
169	101
54	241
52	8
209	20
52	2
166	179
252	74
166	52
169	230
88	33
89	52
212	52
94	165
30	72
166	219
52	186
39	30
77	138
58	156
165	21
184	39
221	224
166	204
166	36
39	2
165	40
100	239
88	172
88	116
166	47
166	20
121	3
166	63
168	252
166	173
94	35
213	177
166	21
216	158
175	52
52	125
166	152
213	39
169	195
252	125
88	116
213	156
166	40
215	74
38	180
252	29
213	207
169	30
166	169
166	105
35	32
166	30
211	179
39	8
209	180
94	209
35	69
209	240
30	19
222	180
39	235
173	121
184	239
212	88
94	56
94	121
211	252
212	202
152	87
215	61
213	235
166	91
166	81
166	125
252	121
166	221
209	46
107	125
185	155
96	30
164	215
100	16
94	152
180	225
89	71
212	184
164	252
164	105
94	52
169	30
52	230
165	241
52	224
191	180
213	209
166	189
209	191
166	241
51	35
180	101
39	19
166	168
169	130
169	142
173	209
166	29
209	38
50	38
166	233
165	177
165	212
166	213
166	209
88	74
175	16
88	252
89	219
220	28
166	30
52	119
216	252
20	74
166	213
166	152
166	214
166	252
30	138
38	244
94	235
166	196
90	209
30	121
209	209
212	16
50	224
166	21
166	166
89	42
224	12
94	52
38	30
166	88
219	52
52	30
166	184
166	18
166	166
177	21
89	35
51	96
39	74
164	36
224	19
166	219
52	185
212	36
213	88
212	90
50	30
39	149
215	59
58	180
239	207
185	71
209	77
212	39
191	230
52	195
94	215
209	252
166	23
89	175
166	74
213	155
52	251
89	243
209	186
61	124
88	215
165	55
52	96
166	88
185	177
169	152
186	8
252	12
213	38
52	58
164	100
166	172
252	141
166	52
164	240
63	33
52	74
212	191
89	152
221	21
252	243
170	216
210	125
166	52
250	47
172	123
211	225
89	99
166	96
166	164
51	123
166	207
62	20
53	38
88	177
213	212
218	52
215	2
172	96
166	178
166	149
187	16
166	182
30	230
35	125
215	74
175	102
213	74
52	224
213	5
177	2
166	139
166	175
172	114
191	28
174	169
62	42
88	30
38	152
213	30
52	79
94	152
165	138
172	251
213	221
212	209
165	101
94	164
41	130
61	125
185	30
166	210
212	25
252	138
252	36
169	121
94	96
249	180
29	74
172	184
166	164
90	90
166	185
213	89
212	30
212	74
175	252
35	33
166	94
168	197
213	214
103	96
184	232
180	152
166	42
52	152
166	212
212	52
179	230
166	125
88	36
46	207
175	218
166	227
30	74
209	126
30	125
166	213
89	163
251	180
58	254
52	252
169	52
213	246
209	209
39	28
94	51
166	252
189	136
213	94
166	224
165	177
215	81
88	39
180	10
166	13
52	227
212	88
164	19
166	78
175	175
215	157
209	136
88	209
166	185
52	230
169	52
170	252
94	184
166	172
171	252
212	39
169	28
166	96
164	123
213	3
94	39
175	252
166	213
35	30
166	12
213	186
212	173
212	30
88	142
184	13
213	30
51	30
221	5
166	213
90	28
212	68
91	141
166	173
94	215
166	169
166	164
88	47
209	74
62	121
50	124
55	156
94	152
18	154
212	191
172	200
213	127
166	119
88	109
52	5
39	30
58	178
169	238
213	240
89	164
213	88
209	209
220	121
212	2
89	35
212	35
184	130
52	18
88	135
213	39
94	225
169	30
164	96
213	60
181	19
166	52
94	30
165	212
166	88
172	175
213	169
213	216
212	16
35	224
166	211
212	221
216	30
166	212
252	152
52	125
94	88
152	12
174	184
166	115
212	209
96	30
5	71
166	252
166	23
166	230
173	251
96	121
240	247
212	52
186	46
39	230
166	209
166	215
177	151
88	230
180	30
100	206
94	172
180	30
166	209
88	191
213	10
212	62
100	138
213	212
88	35
62	65
166	238
101	246
94	180
215	218
164	52
252	152
88	246
94	152
88	209
212	88
174	28
166	212
165	87
88	98
209	209
212	91
252	224
46	71
212	91
166	35
213	252
94	180
166	38
166	211
213	27
169	54
166	223
166	252
252	19
184	226
209	230
94	52
173	18
213	42
213	191
30	3
47	21
184	125
209	74
211	121
94	173
30	12
214	216
166	209
94	252
212	35
215	13
166	38
51	96
166	252
215	51
186	156
52	186
94	172
184	189
213	243
166	209
107	2
166	34
34	30
88	16
51	38
238	116
213	52
166	213
166	183
166	166
221	221
164	52
172	191
166	212
211	224
213	164
166	166
50	184
252	105
39	101
175	152
88	252
166	52
213	28
213	230
213	168
166	164
52	184
166	62
166	213
29	87
252	159
211	116
55	16
90	18
166	200
172	172
213	209
216	252
166	164
166	213
209	42
30	21
90	38
166	213
252	30
212	169
208	211
166	209
212	215
166	52
166	209
213	185
252	101
166	58
209	120
30	138
175	121
51	5
164	30
209	240
212	30
52	30
94	165
212	209
52	235
166	121
252	157
35	224
252	30
213	52
252	177
166	156
164	52
166	177
216	181
187	30
166	94
49	230
209	252
100	30
166	212
221	191
212	180
191	252
209	12
166	255
175	177
175	74
177	47
185	112
89	109
88	124
38	33
221	19
186	230
186	47
166	35
166	89
50	115
50	96
213	177
96	157
181	121
52	230
209	185
125	118
209	118
52	35
175	100
88	220
52	101
50	19
213	235
216	185
212	212
175	137
164	224
184	251
94	224
30	12
166	121
213	139
213	177
166	227
94	185
213	30
30	8
175	73
107	121
88	209
166	209
209	175
89	0
173	139
98	152
50	246
216	180
42	116
209	8
35	124
240	30
185	36
166	99
210	177
173	51
89	5
169	252
209	177
61	74
172	177
166	166
166	209
164	88
166	124
125	115
172	200
180	30
164	174
166	52
221	157
212	125
88	156
164	209
101	13
88	239
165	184
172	51
212	62
213	74
172	184
173	168
213	35
166	55
94	216
169	74
172	230
209	225
94	252
88	211
166	191
173	100
221	30
166	252
166	184
50	30
50	127
185	58
211	124
212	209
185	146
88	96
252	30
169	55
165	36
94	230
88	139
166	212
50	30
94	180
213	184
239	125
168	47
94	90
166	94
166	240
255	24
166	209
166	213
35	121
209	224
166	177
101	30
105	230
88	38
164	172
94	52
186	138
166	166
173	71
212	39
165	29
166	88
166	169
218	152
89	241
88	52
166	252
212	224
166	74
115	73
190	127
191	47
106	30
215	54
166	18
164	255
166	251
166	141
180	74
166	71
166	219
172	191
50	40
213	236
166	52
213	51
221	38
166	50
89	127
50	72
55	18
175	124
166	152
166	244
219	252
224	139
166	213
184	42
172	71
166	216
219	12
165	30
250	157
212	52
166	213
164	224
166	185
30	152
212	88
166	96
166	158
166	52
209	175
166	20
213	212
212	250
166	35
63	69
152	68
209	12
164	57
166	210
90	35
166	173
166	165
213	250
166	109
209	184
213	221
121	74
166	173
94	21
235	230
154	136
58	30
88	8
166	175
213	12
166	51
213	124
184	181
221	254
211	18
166	171
255	156
94	8
213	251
177	12
165	212
213	30
215	12
152	10
212	10
239	2
166	2
166	94
166	213
94	74
209	133
215	252
166	94
36	224
83	85
50	186
94	118
177	30
235	128
166	165
166	207
51	184
166	209
209	98
61	29
191	235
221	238
166	30
88	218
224	74
52	29
213	38
213	50
209	12
166	220
216	62
88	209
212	51
166	16
94	18
166	121
164	209
191	47
213	38
53	180
190	138
88	74
175	38
222	58
213	218
166	212
190	226
52	127
36	139
214	71
166	18
166	166
169	191
209	230
164	215
165	30
169	30
94	58
220	238
172	223
212	14
94	52
173	209
52	24
50	36
38	38
166	49
166	166
221	191
166	209
164	185
175	156
240	121
209	52
52	35
52	81
88	25
166	173
166	81
166	191
94	223
235	30
172	241
212	89
224	151
169	252
166	191
94	251
94	88
115	2
165	88
180	42
177	123
218	127
120	22
94	30
166	94
52	184
169	177
58	124
166	74
166	121
166	209
169	100
166	94
96	18
166	152
208	185
218	111
51	5
209	69
209	21
189	137
166	55
166	184
209	28
52	19
213	94
213	125
252	126
166	156
241	96
169	52
91	50
213	24
94	2
178	38
252	252
166	38
88	122
50	3
166	212
221	33
166	124
52	5
166	209
166	96
94	254
166	180
212	120
88	187
250	105
212	173
166	52
166	47
165	30
213	90
212	88
252	30
42	156
166	249
209	61
209	209
236	151
31	126
213	89
166	164
88	73
30	114
54	125
175	52
191	30
212	209
212	12
175	181
212	252
166	254
52	125
94	88
165	32
172	239
94	209
94	221
166	38
52	124
88	209
213	81
39	96
213	230
213	47
51	30
51	30
166	212
166	209
165	74
166	51
166	213
212	87
89	216
213	212
166	221
164	64
166	215
16	69
168	63
209	252
191	177
172	32
166	13
88	209
173	87
169	55
89	218
121	156
212	200
30	0
166	214
88	72
166	169
94	62
52	39
212	89
212	172
88	191
55	247
94	35
214	184
94	189
213	178
184	35
209	252
230	152
169	30
213	100
172	29
185	36
212	47
180	100
156	118
221	180
63	191
185	8
166	50
50	216
211	101
209	40
191	30
51	39
216	252
216	143
39	180
212	35
51	127
252	124
177	21
209	34
172	30
209	191
216	178
166	175
166	16
213	165
209	185
39	121
210	180
169	54
88	63
177	87
94	252
52	254
252	38
216	139
166	184
52	191
175	54
90	52
166	243
166	18
90	230
125	124
94	100
252	225
166	124
166	88
166	252
213	90
221	252
213	181
166	216
209	252
209	124
166	49
166	13
166	52
213	180
173	38
94	52
255	152
88	51
213	55
213	30
96	24
164	210
166	89
213	175
52	18
173	216
96	236
169	42
94	30
252	19
166	58
213	215
89	251
30	207
173	224
252	152
209	30
51	154
221	252
166	218
168	30
94	25
212	252
213	209
94	165
221	233
208	175
138	136
166	50
172	125
62	18
209	35
210	121
51	184
54	122
165	209
165	125
166	194
166	239
221	38
209	52
166	166
180	112
166	38
19	121
166	212
52	100
190	47
252	30
218	35
58	20
88	29
109	29
166	207
209	52
166	94
96	19
221	224
94	78
166	213
166	88
13	8
166	94
215	216
213	221
166	171
212	52
215	224
166	88
166	172
240	154
221	181
94	243
173	30
89	35
213	209
166	243
166	213
212	54
166	173
213	165
30	152
212	252
209	152
88	224
30	121
173	37
166	235
252	19
38	12
101	74
238	21
39	207
166	208
166	212
166	212
166	168
212	58
212	169
175	52
52	8
213	177
175	180
212	220
166	96
240	243
209	36
121	21
54	124
169	52
166	52
250	251
212	220
213	209
36	116
213	52
215	191
180	47
52	240
88	235
166	230
213	222
27	146
211	169
90	252
166	166
215	30
213	219
215	181
166	30
166	127
35	16
212	121
94	220
213	52
55	252
38	125
166	169
216	252
101	125
166	107
156	138
208	177
94	180
212	52
209	170
166	102
225	18
166	30
166	52
255	30
212	88
213	96
213	138
88	5
88	52
166	58
166	99
52	224
213	212
52	96
165	138
166	213
212	62
94	51
166	186
166	168
63	13
215	124
29	20
215	53
19	5
213	118
185	58
212	35
166	175
216	124
88	30
173	30
238	19
166	30
53	191
51	223
166	62
88	74
175	191
215	252
230	152
215	50
50	115
51	108
221	121
47	69
209	216
164	191
88	88
50	151
213	175
89	52
173	191
213	50
252	138
214	224
212	52
166	88
166	210
212	209
38	29
35	207
166	28
166	252
212	211
94	80
209	139
166	36
212	136
213	165
189	5
212	238
212	221
30	207
94	94
100	30
213	30
52	235
166	94
51	40
213	191
218	30
215	52
213	18
74	2
213	151
58	237
166	208
166	127
181	47
165	180
212	169
52	125
166	236
175	73
166	185
166	12
38	125
216	156
116	74
166	221
175	62
166	52
166	115
213	56
88	152
216	229
115	65
166	88
213	164
175	52
164	30
91	252
35	225
54	25
61	38
209	219
172	30
213	213
166	30
166	80
213	252
177	79
91	191
175	191
185	30
88	78
252	8
235	146
35	226
164	173
208	209
166	30
166	169
252	30
209	153
94	230
184	182
88	71
164	65
166	230
169	125
252	30
52	52
252	195
51	121
155	74
173	74
88	39
221	58
212	59
213	175
166	166
30	8
28	121
212	184
173	141
252	13
177	142
169	251
94	252
209	230
101	30
166	245
61	125
254	152
209	20
164	2
88	255
50	125
90	169
88	252
46	123
124	82
35	233
51	30
184	100
246	152
166	125
216	252
165	215
42	30
166	30
166	216
209	184
89	51
30	71
209	2
88	8
173	46
166	252
51	169
164	235
177	141
166	79
50	2
251	119
166	156
47	30
113	74
209	30
35	125
39	124
213	185
175	52
209	175
89	12
166	230
209	5
212	39
166	48
18	138
181	21
212	35
52	252
52	100
252	39
166	94
166	58
166	215
175	105
166	52
215	180
88	224
254	125
166	214
212	16
51	30
39	177
212	63
166	38
214	168
213	209
52	125
94	190
166	35
213	37
50	180
166	88
52	163
30	127
209	74
63	180
52	252
166	101
212	30
211	39
166	21
175	252
166	124
212	212
213	49
164	184
215	30
64	130
209	241
166	141
212	36
96	121
191	152
173	169
166	212
89	124
180	196
166	28
94	88
94	174
165	252
123	201
166	225
209	42
212	96
34	12
62	243
89	191
212	252
166	52
173	177
212	52
212	88
165	255
2	87
166	209
166	191
166	166
166	164
88	235
51	39
175	121
212	209
88	30
20	201
215	125
212	17
180	152
94	252
213	156
94	51
166	173
39	127
62	30
52	70
89	252
166	168
166	100
88	222
209	177
175	107
94	251
94	172
39	20
212	221
213	35
215	187
52	121
212	63
190	230
48	30
166	221
230	152
213	50
166	230
209	52
47	200
212	219
218	184
90	185
209	125
168	71
124	141
50	252
213	215
212	52
166	89
5	138
166	101
175	224
166	89
52	155
52	127
166	103
175	48
180	74
213	118
88	47
52	200
91	121
215	52
221	37
212	5
166	125
209	13
35	124
166	213
120	112
127	74
100	238
170	52
221	39
53	38
172	51
166	209
213	173
52	60
50	3
166	209
88	239
172	98
52	7
175	251
218	177
54	96
165	252
39	19
168	155
166	108
166	74
166	221
30	156
213	50
94	212
169	100
50	252
166	166
175	124
89	65
171	251
209	252
185	221
212	13
250	124
173	221
209	30
166	47
89	52
175	191
166	207
89	88
219	130
166	213
212	252
209	62
166	157
52	151
169	169
52	225
215	52
212	16
30	230
166	240
252	96
252	128
165	235
166	213
164	246
213	19
55	74
241	68
216	42
38	141
166	12
52	13
94	35
213	89
252	96
252	230
177	125
52	250
88	30
166	173
50	63
213	125
166	248
166	166
218	224
213	186
166	230
94	94
212	222
166	172
51	68
169	39
166	166
94	88
169	87
166	94
212	221
250	30
213	215
88	120
212	175
212	71
51	118
165	55
185	37
164	52
52	96
216	124
88	30
166	179
88	30
51	252
211	29
94	42
164	216
121	152
172	216
211	30
90	185
165	209
166	255
52	56
186	177
166	7
166	209
166	39
210	81
50	185
51	38
213	118
166	212
212	88
164	215
94	177
88	52
239	125
213	172
213	212
36	230
211	14
94	130
236	141
252	121
164	38
96	74
166	51
166	244
166	122
50	235
166	157
213	216
213	88
212	124
215	30
216	124
16	207
230	115
166	30
125	116
212	52
166	44
88	252
88	78
52	125
166	8
213	252
166	168
212	209
94	195
212	201
215	221
224	121
96	16
61	252
90	177
88	219
166	88
166	50
247	115
212	89
88	235
125	127
169	251
94	177
88	8
166	207
166	213
104	152
209	185
166	202
94	19
173	52
212	30
52	54
52	191
158	68
164	185
166	172
166	209
166	165
213	185
88	50
166	172
213	255
47	5
166	185
164	125
182	74
209	252
184	156
166	172
216	74
221	25
165	74
88	115
173	141
173	30
212	17
166	40
213	191
212	164
96	30
224	14
50	216
88	50
152	136
214	168
166	209
88	152
172	30
94	164
166	94
89	178
251	180
88	215
89	191
185	141
125	80
166	185
166	252
191	252
228	19
173	175
166	88
91	30
252	147
88	100
169	30
94	89
220	74
166	189
165	175
173	7
209	252
252	154
209	168
252	19
166	52
94	125
166	252
166	177
213	50
170	61
208	252
94	89
210	35
29	74
213	13
182	30
94	164
212	16
166	224
166	212
88	252
30	124
166	68
215	152
52	58
212	30
214	237
125	124
209	124
166	168
94	209
89	39
185	225
89	52
166	0
47	3
50	34
175	52
35	30
191	47
220	249
98	149
94	180
166	252
165	37
52	252
53	116
219	74
61	225
212	246
52	185
175	96
212	250
166	52
250	150
39	155
219	181
169	252
212	221
215	52
173	35
49	21
213	16
125	139
166	250
18	135
55	224
213	52
51	38
63	124
51	139
35	78
99	30
94	175
212	216
62	74
185	180
175	38
252	21
209	30
212	225
166	47
49	13
184	125
185	235
212	182
166	216
209	230
166	221
166	96
166	2
212	252
185	252
88	8
215	16
175	100
88	209
209	157
213	89
51	184
185	252
94	224
169	156
166	166
213	216
177	152
56	116
125	18
166	15
177	124
166	76
215	169
216	74
230	207
184	35
94	152
94	35
166	38
212	10
52	252
166	38
166	169
250	125
94	255
166	221
213	122
216	39
209	252
89	184
166	181
166	89
168	34
213	214
166	52
88	207
166	221
38	127
51	205
89	74
55	141
215	50
243	121
173	217
252	140
166	212
166	89
170	149
166	88
165	212
166	173
166	30
88	239
166	230
252	30
88	38
52	125
166	175
212	36
89	185
166	212
62	177
216	185
52	55
173	139
52	21
166	184
164	88
241	2
166	157
165	241
209	96
166	69
100	152
30	30
62	74
208	13
62	222
169	81
94	165
212	235
166	88
252	152
88	219
213	99
166	96
185	207
88	215
166	213
215	2
252	30
88	246
52	125
94	105
184	30
165	215
38	225
54	35
32	19
58	180
166	96
52	121
164	210
212	12
166	96
252	28
89	39
94	238
51	30
184	240
164	61
141	65
166	52
125	225
175	121
166	185
166	166
213	181
152	2
213	121
21	3
214	121
166	49
88	5
166	166
219	37
166	166
209	138
214	215
166	84
213	219
252	121
213	164
213	21
213	38
172	81
164	139
88	125
212	221
209	252
209	127
169	122
88	55
48	152
166	74
166	212
213	30
209	224
166	209
209	30
125	116
52	224
35	47
166	52
166	9
124	127
74	137
212	30
213	170
124	156
247	30
39	138
213	180
213	175
166	52
166	209
165	204
166	21
100	126
51	180
166	114
39	224
212	58
88	219
59	125
212	141
35	102
212	100
88	241
222	125
52	58
209	62
88	30
166	30
35	72
166	164
212	88
249	101
62	246
238	74
166	213
208	230
35	47
101	29
30	121
221	221
51	180
219	252
108	224
24	139
209	121
209	121
94	50
213	52
166	166
252	30
166	209
49	239
168	52
166	94
209	221
213	40
52	30
166	29
172	240
184	180
221	156
212	30
166	127
173	72
169	125
209	121
94	38
166	42
165	62
213	37
177	38
209	74
213	238
166	52
40	147
166	35
52	74
171	58
39	82
62	222
89	251
169	37
166	255
213	157
166	175
212	215
166	180
37	152
94	252
165	191
164	252
94	169
166	169
164	81
226	200
214	180
124	16
89	88
88	38
211	21
243	47
254	13
172	38
212	218
173	185
209	123
191	121
220	61
166	252
166	169
212	121
212	41
61	157
105	141
52	246
166	252
185	255
49	39
121	21
252	35
51	47
166	58
213	252
165	172
36	207
88	121
166	152
209	207
89	245
215	79
172	194
166	138
166	184
51	116
52	179
88	124
88	252
173	169
94	50
51	210
166	166
39	121
213	224
216	225
175	121
213	250
89	221
213	212
166	91
166	252
209	138
166	30
88	125
54	96
88	152
215	121
209	52
94	35
209	39
88	186
52	30
252	18
223	29
88	207
52	127
88	20
39	224
156	115
94	251
212	89
191	191
166	212
165	215
212	96
88	75
221	182
213	152
166	209
209	141
166	252
91	218
89	164
166	5
169	137
210	38
175	52
166	13
96	224
251	124
164	62
88	96
252	30
168	240
166	151
94	252
51	252
209	240
213	152
184	235
109	125
213	240
38	30
166	47
212	30
94	52
30	224
216	138
209	139
89	126
184	8
213	94
213	177
213	230
213	107
186	35
94	52
208	91
172	169
212	221
213	121
185	121
94	139
166	164
166	179
208	209
37	30
216	121
94	209
166	52
209	169
165	152
215	224
172	124
184	246
175	39
191	38
88	254
186	230
39	121
169	224
61	16
185	181
30	3
212	52
101	125
208	252
184	255
166	181
219	13
94	63
172	16
166	180
252	152
191	115
88	172
166	225
252	101
213	216
209	224
166	141
166	166
166	171
191	125
88	216
51	177
213	169
35	125
180	121
166	30
52	181
47	139
252	30
88	241
106	30
52	180
184	221
168	230
251	235
209	168
89	74
166	165
252	29
166	52
18	138
88	96
90	209
28	80
166	18
218	221
50	51
213	219
191	152
166	224
94	94
164	30
209	240
166	220
216	125
166	94
166	185
166	216
51	38
252	8
166	30
115	69
166	208
49	230
166	212
13	141
166	209
173	100
252	30
166	252
61	240
164	30
172	204
166	139
252	78
164	244
121	74
166	212
209	73
166	154
94	215
177	30
166	83
191	116
94	230
169	152
89	50
209	255
168	230
213	124
213	209
213	89
166	89
224	140
90	87
252	246
213	55
213	213
94	212
166	12
164	88
166	62
88	127
213	35
166	38
213	172
52	52
166	177
209	19
215	38
181	224
94	88
52	243
166	30
212	180
88	27
94	68
165	100
212	121
59	247
52	12
209	185
38	100
184	30
166	52
212	254
50	252
211	122
166	213
184	252
89	252
173	185
88	209
191	227
251	74
175	124
166	94
213	191
88	209
52	224
166	88
50	219
252	125
152	207
62	186
166	208
166	184
30	157
166	179
88	221
166	115
52	30
180	224
50	180
51	221
166	125
175	230
100	125
166	213
33	115
180	225
165	191
166	74
166	98
89	34
88	156
94	209
166	52
37	230
209	210
209	239
180	124
94	235
52	230
169	252
166	165
180	204
166	220
168	252
94	52
174	160
39	30
212	52
166	164
169	252
166	212
94	116
166	52
94	210
94	82
213	252
191	241
212	52
166	191
166	73
173	38
220	119
191	38
55	21
88	124
51	112
94	35
62	250
52	71
94	88
52	252
209	108
212	180
89	125
52	232
180	96
166	184
169	74
180	16
212	36
88	52
166	212
89	230
217	240
212	30
213	221
212	173
88	88
51	74
41	156
166	63
237	122
169	9
221	250
55	254
212	209
88	51
166	213
146	74
209	239
212	173
213	156
252	34
209	35
166	175
212	240
180	97
166	2
216	67
239	3
88	209
166	177
212	88
209	252
185	30
52	230
96	229
88	96
50	61
52	100
166	191
164	88
175	5
252	136
220	99
246	41
169	124
173	50
209	207
101	21
166	189
213	240
209	209
50	207
30	224
94	215
124	121
191	138
165	184
52	101
209	74
212	164
166	121
166	164
212	74
166	252
213	215
213	35
215	191
166	38
94	52
94	169
89	88
209	29
115	139
252	229
173	238
241	130
166	224
210	136
24	116
104	124
169	252
230	12
122	152
166	122
88	52
63	38
224	87
94	252
51	127
166	175
164	88
166	165
166	226
166	212
58	230
35	124
166	166
215	121
221	224
218	147
96	106
52	125
88	230
94	211
222	41
166	30
51	216
88	91
172	221
166	180
88	252
166	212
94	51
166	236
51	186
166	152
212	224
215	141
172	49
189	124
88	2
30	5
166	96
209	225
246	16
252	126
208	209
185	5
252	121
166	154
215	141
35	2
216	242
252	224
209	191
209	221
178	21
164	207
94	230
52	127
30	156
212	28
166	52
212	38
216	39
52	30
213	165
175	175
166	164
213	19
166	8
52	252
213	212
166	214
50	30
184	121
166	38
213	230
209	223
186	252
166	48
166	118
50	21
166	166
50	185
175	216
166	17
88	180
223	240
212	18
50	191
125	225
213	121
181	42
166	191
12	129
166	125
49	34
156	138
50	52
209	52
91	30
166	177
166	249
214	30
166	152
51	185
209	175
213	54
209	30
209	5
166	164
166	88
213	209
212	52
166	225
209	52
191	28
184	39
184	124
52	18
124	154
30	207
185	180
215	207
88	96
90	50
166	208
36	96
39	238
212	215
180	154
166	173
88	52
213	243
212	47
94	212
51	221
185	30
185	115
166	215
243	114
91	5
166	94
88	187
166	166
112	151
50	191
169	202
41	224
213	54
52	224
177	180
166	252
166	209
52	121
230	149
39	39
185	141
94	240
191	18
212	218
35	153
209	175
94	215
96	5
38	30
166	58
213	156
166	96
166	168
212	63
38	235
209	230
177	238
180	121
165	108
94	30
88	225
166	81
166	172
94	172
252	225
213	207
51	239
189	30
164	141
166	128
166	89
216	154
51	138
52	180
215	55
213	230
166	124
252	36
166	185
250	39
125	124
96	74
212	250
208	29
168	143
52	185
88	116
155	129
186	120
210	2
166	35
165	251
209	252
51	169
52	190
91	139
166	52
185	40
215	109
166	54
185	35
166	206
88	119
166	96
166	185
94	169
166	94
50	35
172	252
209	227
39	29
16	158
224	158
164	74
166	61
213	88
221	230
88	224
177	30
164	221
166	88
124	201
213	212
246	125
216	25
213	37
208	16
172	74
209	205
209	9
54	30
47	126
213	8
166	166
169	74
166	149
88	172
38	230
63	254
89	215
213	96
166	212
216	125
165	177
165	164
50	168
38	224
173	191
166	121
209	138
54	221
213	101
166	169
166	213
220	121
209	101
212	88
180	152
221	30
51	36
215	190
212	21
166	30
212	127
166	36
213	209
38	74
166	209
209	191
175	69
213	252
215	74
209	55
58	101
62	253
52	30
61	30
166	38
172	71
41	65
252	24
221	96
54	151
90	224
52	252
165	63
88	52
212	49
51	63
166	28
166	62
52	30
88	64
209	52
212	96
213	74
94	230
166	243
19	8
52	191
208	224
209	191
185	186
166	89
209	242
184	18
173	230
88	230
63	58
175	251
89	19
212	241
21	81
171	96
166	99
215	209
175	38
164	18
166	172
164	224
166	13
88	53
94	39
88	173
166	252
252	3
166	16
166	89
213	52
51	230
173	238
210	107
166	191
213	88
169	106
166	252
48	127
212	58
165	175
208	128
169	52
89	62
19	195
208	61
209	74
62	116
173	63
166	125
166	213
212	252
232	124
55	38
166	127
25	124
221	35
166	143
221	29
212	209
54	252
213	30
50	221
166	252
166	52
166	191
209	209
51	177
215	12
180	96
166	8
166	175
166	52
125	138
212	184
91	62
218	96
213	220
164	59
213	35
213	241
169	241
166	58
223	180
252	224
52	35
52	73
166	177
88	30
50	177
252	225
213	213
96	139
88	46
184	221
7	138
164	52
166	215
55	224
241	230
213	49
166	187
213	94
208	238
89	191
166	121
166	219
252	25
50	39
166	96
166	165
208	52
216	243
213	55
35	234
212	88
166	89
96	230
41	152
94	30
55	252
166	239
174	51
186	96
175	72
252	28
169	146
88	122
62	254
213	215
52	251
212	8
88	254
51	161
213	212
213	157
166	49
52	186
212	13
94	223
212	121
166	215
180	141
94	224
209	152
166	175
169	8
30	138
252	21
52	241
89	191
209	12
42	74
51	35
88	141
224	121
210	252
252	107
252	244
212	181
166	166
212	252
52	52
90	101
52	13
166	105
39	38
212	180
216	240
166	51
240	156
94	58
209	210
166	13
252	157
39	5
166	224
212	51
172	21
209	255
88	74
166	213
166	218
88	49
180	29
215	51
88	73
213	139
230	156
30	13
38	224
173	52
166	88
186	30
209	100
52	251
164	207
164	177
166	55
186	149
213	52
175	127
166	236
147	5
209	30
173	28
52	216
152	73
166	28
94	96
35	30
175	177
218	52
172	252
166	209
252	156
255	30
94	8
88	50
52	39
166	172
238	125
107	152
99	73
166	89
173	215
52	207
181	25
213	201
94	63
51	30
94	39
166	181
89	251
88	152
212	209
250	116
209	227
213	79
166	166
216	110
166	74
24	116
219	100
191	28
212	254
166	172
52	35
212	215
238	30
212	14
184	177
88	116
212	38
30	120
241	28
212	201
88	220
212	5
169	124
32	235
166	212
166	29
212	52
212	209
166	51
166	88
52	124
165	38
100	30
211	52
152	139
52	13
209	211
166	52
172	175
213	52
52	54
212	45
166	138
166	221
180	205
166	165
90	177
252	240
212	169
232	152
184	58
89	191
94	30
252	116
212	191
166	230
210	219
184	235
88	52
212	173
164	152
215	74
94	68
94	58
241	157
212	209
16	8
222	38
240	10
166	13
50	68
213	94
252	8
166	30
94	175
209	169
88	230
94	30
94	52
63	157
213	115
100	30
50	155
212	252
210	52
166	185
208	207
36	46
91	106
212	35
166	213
164	30
215	250
213	209
213	88
166	135
94	169
212	214
166	213
88	114
216	81
240	30
166	55
209	82
51	177
88	30
209	191
212	168
52	58
173	184
164	221
213	164
88	209
209	187
166	164
94	35
165	212
88	121
166	252
166	152
188	30
94	151
88	30
30	124
165	30
213	88
213	30
218	233
252	156
212	157
52	30
94	12
114	73
166	94
62	251
166	94
166	44
236	30
213	246
173	175
166	220
164	185
51	38
52	30
89	219
166	219
166	213
166	243
94	251
94	209
215	216
213	184
166	19
213	209
173	61
52	30
166	230
169	52
88	13
52	185
209	121
173	124
165	212
212	124
164	1
212	184
88	91
168	230
88	50
50	122
215	225
175	52
88	185
53	30
166	125
215	172
166	169
74	5
240	155
212	62
165	209
166	51
30	207
172	252
94	20
166	175
38	152
252	180
250	152
88	177
52	177
50	42
223	252
100	155
191	230
94	88
166	24
166	209
166	212
214	215
252	20
30	152
184	193
213	121
165	230
224	224
166	213
180	30
213	138
94	209
213	18
213	125
166	186
166	209
168	169
88	30
52	138
252	201
213	121
212	55
166	221
239	2
89	191
100	146
221	62
50	30
173	252
212	182
212	38
125	120
88	87
166	88
51	125
166	9
88	121
62	121
251	224
209	35
94	100
94	209
115	3
166	52
39	141
241	47
88	252
223	58
166	40
166	88
52	177
175	59
165	240
213	221
166	94
209	186
88	178
210	225
185	99
166	173
252	96
246	230
172	52
164	185
208	239
164	209
173	235
101	47
209	58
94	16
213	127
212	239
94	94
35	16
166	165
181	239
88	74
166	209
213	88
173	51
169	141
94	35
94	88
94	172
241	230
252	16
165	221
94	30
94	225
213	238
52	119
169	127
255	30
99	121
173	96
88	30
166	94
213	156
172	185
89	209
164	175
209	101
172	209
166	182
214	146
209	180
166	191
166	91
88	21
168	221
50	86
241	35
52	154
164	38
88	191
166	164
221	5
91	157
166	173
166	63
241	227
94	47
184	19
178	30
191	38
166	50
212	115
213	252
96	114
91	209
30	5
166	226
185	125
164	185
166	185
166	99
175	35
166	184
213	169
166	35
212	230
239	124
213	184
166	54
218	18
213	240
180	202
224	74
166	63
212	88
209	115
208	156
220	96
209	224
213	12
88	172
166	39
191	106
219	52
30	124
38	81
52	220
39	35
50	74
94	209
51	38
177	228
169	125
166	88
175	102
230	8
166	230
88	100
39	101
191	12
166	87
213	227
184	5
166	165
58	177
166	29
52	124
224	14
173	30
209	181
105	146
212	209
166	157
166	126
88	209
171	124
213	139
88	216
213	18
212	80
184	39
212	50
166	12
166	58
212	185
223	177
215	127
80	204
166	216
94	250
164	164
230	28
166	105
252	139
51	216
214	191
166	235
209	125
166	213
89	55
8	69
88	39
208	152
166	94
252	224
42	227
209	33
94	164
52	30
255	235
218	226
166	125
55	13
208	115
221	246
94	252
30	116
166	165
215	61
209	169
164	30
166	246
29	130
94	94
213	19
189	35
221	240
19	121
166	212
216	207
166	8
94	209
88	255
166	52
105	116
165	14
42	154
208	119
166	21
213	224
166	94
252	1
236	113
8	10
88	5
173	52
166	115
166	216
172	230
166	209
52	30
91	16
216	152
166	166
166	213
61	180
211	155
185	30
252	155
212	30
166	8
224	158
216	120
169	38
96	20
175	64
166	230
52	186
180	73
166	18
166	21
215	239
166	209
212	52
164	88
211	168
152	2
172	61
209	207
88	224
185	74
94	209
209	100
166	252
212	125
213	124
252	107
213	169
175	30
191	121
166	50
88	125
166	85
209	216
221	177
209	240
211	125
221	177
213	212
125	2
213	64
165	79
209	14
166	47
185	116
166	164
172	209
166	94
166	207
58	64
88	30
165	221
209	152
165	252
51	191
166	125
62	240
88	215
164	90
42	146
166	141
173	252
166	224
213	91
212	175
177	30
166	166
216	230
240	30
166	51
212	90
212	180
166	74
29	3
38	224
252	37
166	222
213	152
173	209
124	205
94	252
164	12
52	225
164	254
251	71
191	42
52	99
209	209
213	47
241	21
100	8
166	107
52	139
52	35
251	127
94	24
90	124
88	96
166	79
166	30
166	191
212	50
252	138
51	156
166	215
166	121
212	30
88	39
52	235
180	34
52	181
212	196
62	207
252	252
230	74
184	58
216	74
57	230
214	54
213	33
30	224
166	180
164	88
216	221
173	241
88	74
239	156
166	212
209	239
172	80
212	91
94	215
165	39
166	19
209	102
94	39
166	180
166	221
166	220
252	34
185	141
166	178
166	184
169	39
210	2
166	166
52	246
213	125
36	157
183	230
212	74
88	254
166	94
221	61
94	152
189	21
213	25
252	183
166	166
209	136
212	125
166	35
213	13
124	225
100	224
164	13
230	152
166	209
172	96
88	177
166	94
209	18
212	151
221	62
166	164
166	141
88	63
100	124
49	63
94	150
166	152
213	35
215	224
172	52
212	212
166	212
61	142
52	54
165	42
94	116
89	169
166	47
166	166
116	3
212	209
212	30
166	247
252	156
168	52
215	74
24	230
215	139
54	102
220	252
166	230
30	230
94	12
209	30
209	122
218	16
169	152
27	121
54	96
168	225
175	224
212	185
211	180
252	252
166	243
94	172
166	156
250	18
52	240
184	181
88	210
166	252
166	51
173	74
213	168
30	28
252	30
39	115
96	16
213	51
174	49
166	209
88	30
166	212
249	39
52	35
165	63
50	248
94	74
173	96
173	120
209	100
166	224
91	185
166	212
230	74
214	88
166	121
185	157
212	210
253	252
52	184
185	180
191	30
166	61
252	246
186	69
166	224
116	74
30	156
166	88
166	183
52	230
166	180
166	212
166	13
213	221
122	80
212	139
51	229
166	213
157	12
209	185
172	236
35	19
216	249
89	230
94	103
165	52
191	12
166	22
175	14
89	88
89	61
166	214
209	169
166	42
30	2
94	185
52	35
88	74
213	212
191	30
230	69
94	209
177	135
209	21
180	30
191	65
101	13
213	40
164	178
209	55
224	74
209	252
213	195
89	221
52	235
94	196
208	191
166	166
166	90
209	230
214	186
166	92
49	184
94	212
221	12
166	191
185	221
166	219
166	30
165	30
166	166
49	121
166	54
166	175
212	216
164	124
209	121
212	215
241	30
212	30
166	166
166	28
230	87
252	96
89	157
109	21
88	241
177	80
186	243
90	177
39	30
166	30
22	145
166	235
211	250
5	72
216	24
230	119
213	19
165	209
166	213
253	125
166	216
166	38
166	254
184	185
209	185
166	215
63	191
191	121
213	96
185	246
173	185
177	96
166	38
166	35
177	230
212	39
215	74
88	246
212	38
166	180
30	230
94	156
166	238
191	30
166	152
166	209
166	235
213	54
166	121
175	54
212	79
52	35
180	2
166	94
164	209
52	185
166	30
38	126
164	185
221	125
166	218
249	252
96	140
212	209
165	52
212	96
166	55
212	49
166	185
209	52
209	252
166	173
213	74
213	154
213	55
166	74
166	52
94	185
152	152
220	97
166	35
213	94
61	32
213	250
169	2
209	124
212	156
186	225
212	121
213	14
166	180
94	5
88	184
165	252
88	116
166	180
39	16
166	215
209	252
166	225
184	30
29	152
29	74
212	52
52	38
166	212
166	235
166	218
166	224
166	252
254	47
94	72
94	252
125	124
39	30
89	252
213	216
215	49
252	125
94	191
166	28
63	28
213	173
251	41
166	89
35	125
211	87
217	116
166	33
213	52
213	79
166	52
31	30
99	224
166	166
166	252
173	5
30	124
169	230
51	252
209	48
212	249
166	37
88	177
52	39
52	250
173	211
166	2
166	88
191	255
240	152
94	189
213	29
209	25
166	51
94	52
50	121
169	30
252	42
243	225
94	252
30	29
208	209
220	30
166	233
252	125
169	52
166	152
94	8
166	146
96	238
26	224
94	221
175	252
213	213
212	164
210	35
166	136
52	243
209	28
166	112
164	2
35	96
216	252
241	30
213	88
212	215
213	249
166	141
252	30
89	179
209	50
252	42
213	51
164	216
166	121
166	184
213	164
186	6
32	246
94	13
252	202
213	28
164	172
177	227
211	30
94	224
166	13
252	9
172	191
166	164
94	251
180	121
88	209
216	36
166	213
166	21
52	250
213	152
94	74
166	52
180	123
209	106
213	177
187	24
230	69
94	189
166	94
212	221
88	229
165	211
172	230
191	191
100	74
191	130
166	183
180	183
49	238
165	124
89	74
49	13
209	219
254	30
52	246
209	184
173	38
91	10
209	98
96	19
52	38
123	152
177	127
216	38
213	39
209	209
166	180
213	230
39	96
166	49
166	166
156	153
191	252
191	243
100	121
209	19
94	52
212	154
209	184
166	90
30	152
166	255
213	51
251	35
62	120
213	125
94	52
166	223
39	11
173	175
251	33
88	52
152	15
212	44
166	125
166	94
90	252
38	152
209	196
88	50
185	252
94	200
94	212
104	121
166	249
89	12
209	74
216	30
36	138
166	177
218	63
94	215
94	132
213	94
221	100
94	12
166	172
172	209
39	30
209	35
209	52
164	216
213	18
88	52
62	78
166	157
169	39
216	16
169	240
166	12
216	85
164	239
213	164
175	184
221	177
166	163
47	30
212	108
49	98
244	125
209	124
213	224
213	30
166	30
252	156
166	54
166	216
94	109
213	47
191	112
213	30
180	106
243	239
173	34
212	173
215	209
181	227
166	185
30	230
39	97
173	35
88	30
165	184
88	209
55	251
94	252
215	35
209	220
127	74
186	161
212	215
164	235
43	121
180	152
185	152
88	185
213	30
169	125
166	212
184	202
165	51
50	55
186	180
169	30
166	28
39	133
91	50
166	88
50	38
255	96
212	116
30	81
51	37
74	204
217	241
94	158
51	39
38	124
219	180
88	180
166	185
212	52
55	19
166	128
61	225
166	212
2	201
51	39
168	52
38	30
175	124
124	127
212	139
166	212
89	172
185	139
166	42
52	216
166	239
240	18
213	177
50	12
52	30
88	169
213	212
238	73
166	42
220	39
166	215
166	72
38	96
166	30
52	62
89	191
180	236
190	116
51	29
50	30
52	216
166	88
166	184
88	182
165	172
175	96
213	121
94	125
88	121
215	30
166	46
52	14
173	169
184	246
166	173
213	39
213	45
213	39
210	180
166	62
218	6
35	224
88	124
166	88
166	96
158	151
166	166
240	127
173	52
209	209
52	30
124	115
220	30
30	224
212	185
89	74
212	224
63	116
173	39
165	58
222	125
166	209
216	58
209	52
213	169
212	169
94	212
166	88
209	30
175	63
94	58
213	39
166	213
213	38
52	18
213	218
230	158
191	30
166	88
221	230
61	78
209	184
246	207
89	121
169	242
213	30
185	192
166	251
41	13
49	185
164	51
166	123
94	223
51	30
28	139
166	94
212	39
166	174
166	186
88	152
49	221
166	209
124	224
218	30
166	215
213	185
175	121
209	254
212	210
170	191
101	230
169	2
166	30
213	224
216	177
38	201
166	213
212	20
51	125
94	52
52	74
175	157
184	121
166	252
54	18
35	12
166	74
50	177
52	252
166	183
38	36
219	191
213	184
52	138
166	209
94	252
166	124
230	29
209	177
184	224
166	35
166	39
166	165
166	172
88	221
209	9
52	184
164	188
209	125
166	169
254	96
166	96
185	38
166	125
221	38
96	118
190	138
213	191
219	2
166	123
240	32
185	139
166	215
52	139
39	207
51	14
88	121
166	152
166	212
52	246
88	152
213	94
180	121
221	100
30	201
219	42
52	8
50	216
166	252
164	54
30	207
30	230
213	79
166	135
164	172
213	2
185	30
213	180
52	8
212	51
88	38
30	30
29	152
175	52
88	216
125	28
213	224
90	180
88	52
166	207
166	94
213	30
89	224
30	139
89	30
126	118
172	219
177	29
166	30
252	230
169	58
213	175
213	102
50	30
94	172
212	28
209	77
173	2
215	16
184	252
173	224
209	211
209	139
166	246
181	230
156	204
124	124
212	136
38	35
89	219
175	238
164	18
252	115
166	230
166	209
175	96
88	152
88	252
61	38
166	55
88	215
88	173
30	152
166	252
177	30
62	238
246	238
166	221
212	186
213	36
209	125
182	144
88	125
169	52
172	175
166	212
166	191
166	173
96	141
166	215
216	186
166	52
236	30
166	209
164	238
208	74
209	185
254	115
179	74
166	166
96	119
94	38
39	37
89	52
125	16
51	39
215	38
209	185
62	35
166	252
209	100
94	252
166	213
52	252
212	164
212	252
166	50
94	210
30	19
166	185
252	152
166	35
166	39
186	224
166	89
208	230
166	252
177	74
166	42
215	252
177	152
213	54
252	136
74	136
221	252
166	88
166	52
213	175
61	139
96	141
213	88
166	30
94	96
252	206
52	115
224	68
166	34
166	19
166	122
209	52
166	37
124	207
138	207
88	105
213	56
212	102
213	2
215	175
88	49
209	21
125	153
52	240
252	17
94	94
191	152
52	178
175	211
215	30
166	213
166	120
166	252
166	28
215	16
94	186
166	124
191	207
209	252
51	186
213	55
213	29
125	127
209	52
166	88
209	122
157	69
212	54
172	152
51	221
223	30
51	221
35	29
209	120
246	152
30	152
225	118
38	240
185	185
212	172
254	224
166	184
91	13
166	212
246	115
166	28
165	47
252	101
125	152
213	212
213	212
166	19
166	213
114	115
16	16
50	5
88	42
252	152
166	94
94	209
52	74
215	62
13	141
166	51
215	126
166	169
166	177
90	52
94	240
213	49
166	60
88	184
39	177
88	61
166	209
212	200
88	220
88	51
181	115
252	254
221	105
166	139
212	175
211	184
166	35
173	149
173	121
165	38
221	74
39	30
38	116
51	102
164	185
94	116
252	37
94	2
213	38
30	14
94	30
166	212
185	152
252	124
240	35
166	186
51	101
212	209
52	157
166	88
235	121
211	252
185	152
218	125
100	224
209	186
218	221
47	201
166	30
49	135
166	212
52	30
166	24
166	121
166	211
180	3
88	158
168	238
50	121
209	96
212	16
212	230
166	88
166	166
173	177
88	35
177	101
53	216
88	50
225	152
101	124
175	180
96	138
178	252
166	209
166	94
61	238
166	52
30	19
213	175
88	219
38	96
191	35
209	6
38	125
88	252
209	210
88	191
181	5
185	180
166	79
184	96
212	215
168	254
88	12
172	252
166	101
35	13
252	121
166	209
215	55
88	51
166	94
52	247
61	96
88	55
89	16
52	177
94	184
213	254
101	152
166	55
51	81
169	74
166	166
166	213
52	141
100	41
61	39
209	39
221	28
174	252
215	96
124	16
224	121
89	30
215	252
30	150
212	14
212	209
59	121
166	177
89	5
166	226
221	191
252	230
166	88
241	124
209	225
52	102
166	252
212	191
172	172
213	30
169	46
94	164
212	12
212	211
164	156
50	142
94	209
88	252
166	213
209	124
166	191
189	24
212	42
175	74
213	221
52	252
190	42
166	185
88	38
235	30
166	125
168	180
209	152
252	123
166	88
209	111
101	71
182	243
213	235
166	169
21	116
166	88
173	241
180	152
52	121
209	152
154	79
166	127
172	216
215	52
213	246
166	230
43	124
94	50
166	169
238	226
125	224
185	35
90	91
156	5
172	209
166	245
209	30
213	168
166	181
241	135
166	220
94	181
38	246
166	150
51	121
213	94
89	172
177	21
212	175
121	201
175	2
212	35
175	125
166	30
88	101
156	157
212	69
39	139
166	52
50	125
215	224
166	175
209	225
166	218
38	21
166	140
214	30
166	252
88	177
88	50
166	185
21	139
94	30
166	168
213	30
252	207
175	125
209	29
173	52
166	121
209	221
209	124
88	252
166	212
89	88
166	55
213	208
185	194
220	36
213	215
166	121
88	116
166	215
165	252
214	235
212	88
50	63
165	42
94	165
89	121
166	184
173	127
165	38
106	30
50	124
209	152
88	209
166	209
166	180
52	55
88	52
166	2
166	209
186	178
215	177
209	211
166	120
166	180
88	30
172	141
169	52
55	30
212	30
38	21
166	30
49	121
166	88
91	154
213	184
221	59
166	121
89	141
208	101
177	149
209	50
152	152
166	116
59	16
166	13
166	164
166	96
102	207
166	96
166	24
102	18
172	191
250	128
215	30
215	30
164	151
166	213
213	180
166	173
166	164
221	241
165	212
166	90
169	224
89	125
30	121
52	240
175	152
166	252
88	35
166	127
96	122
94	177
94	61
169	114
166	50
252	99
166	216
213	84
35	28
94	164
121	71
50	39
185	127
88	255
252	230
166	212
52	38
88	116
209	224
165	252
166	35
50	38
73	138
213	51
166	252
166	212
166	218
88	35
166	238
166	212
169	87
208	121
166	108
213	218
212	51
213	212
88	38
52	16
166	52
166	240
252	246
172	47
216	146
166	246
180	121
89	106
213	125
39	47
222	2
52	35
88	173
166	152
185	119
213	119
184	185
177	35
165	252
165	212
185	127
94	174
175	125
39	121
213	152
166	29
214	154
166	39
165	125
38	24
222	73
35	30
88	116
252	243
209	204
166	213
166	178
166	30
215	35
252	30
252	30
51	96
213	42
219	252
166	30
185	207
52	35
88	152
94	169
173	29
185	124
94	81
166	251
166	201
166	252
94	91
172	252
166	165
213	30
52	252
94	12
94	175
156	156
166	212
42	71
38	124
212	250
209	209
166	175
213	209
185	116
213	170
52	186
212	246
166	42
213	94
209	180
221	255
89	222
210	177
211	221
88	252
88	191
172	134
58	225
169	124
177	5
213	127
88	96
166	94
169	74
90	251
210	121
173	215
30	0
212	252
94	88
209	25
241	78
166	241
166	252
209	191
94	94
28	74
94	42
243	5
215	184
88	38
213	96
221	255
166	166
213	88
166	185
213	213
166	42
166	211
166	51
166	243
166	212
211	36
157	138
94	214
213	91
212	221
252	96
94	35
52	80
166	121
166	63
224	195
166	74
166	156
172	185
166	91
54	185
211	152
88	221
185	96
52	18
88	59
39	99
213	212
188	114
166	127
88	184
189	224
94	212
173	253
212	39
98	125
235	154
169	182
166	166
212	152
213	184
166	224
54	115
214	127
213	216
212	189
209	108
181	96
100	119
166	5
164	171
215	241
164	209
224	114
166	246
213	46
94	214
88	149
225	196
94	209
88	38
90	156
166	189
53	216
88	125
168	35
16	116
166	209
166	98
215	36
166	184
166	209
212	185
166	221
19	160
213	11
94	173
89	180
164	240
164	63
221	121
212	169
209	74
213	20
211	236
252	96
252	2
166	152
94	59
88	146
212	252
251	121
213	213
213	252
52	63
208	252
88	191
166	208
166	12
88	233
223	138
90	30
166	36
166	166
216	39
52	127
181	150
42	152
166	30
88	124
59	12
166	219
183	127
185	200
212	89
88	169
94	81
212	230
30	21
182	134
252	74
52	124
212	121
166	180
241	30
51	191
166	212
94	58
172	134
88	215
221	252
166	252
215	29
39	246
166	209
213	240
166	59
252	115
217	151
88	169
88	185
51	124
88	38
166	164
169	30
252	225
177	78
209	18
52	139
166	191
213	30
166	52
252	136
213	52
39	119
165	243
212	136
94	88
52	25
94	224
213	184
164	209
88	222
166	173
212	215
166	173
166	51
216	124
173	172
166	213
94	216
209	209
96	30
51	252
213	88
166	188
252	252
166	30
94	169
213	160
213	38
172	152
213	209
39	224
52	121
166	224
30	29
166	51
215	175
186	225
252	152
213	127
166	157
212	157
254	238
166	88
88	208
221	74
213	157
52	188
36	108
164	146
212	216
88	252
88	28
88	51
89	35
29	124
166	30
39	121
166	218
88	63
88	121
166	16
166	88
30	2
212	220
166	165
94	224
209	224
172	235
55	221
213	215
213	209
212	139
88	221
188	96
166	149
166	94
166	105
166	252
94	50
101	152
166	186
30	10
94	252
212	121
94	240
212	40
166	42
94	121
30	225
221	101
173	215
88	173
213	23
94	215
166	47
166	213
52	20
255	127
209	18
90	96
209	191
39	21
181	115
213	186
169	255
166	96
166	138
213	244
213	62
94	165
39	121
213	50
209	136
166	74
166	51
212	181
166	221
252	139
214	177
221	251
166	47
209	175
165	121
164	88
180	243
166	252
32	152
166	252
164	189
94	53
177	154
48	30
53	96
166	168
252	252
221	189
52	59
215	252
30	200
213	127
252	25
124	149
216	62
221	46
164	225
166	252
209	30
52	185
12	161
213	125
173	90
166	30
114	139
173	224
191	30
216	252
216	62
88	255
166	30
50	185
221	30
124	152
166	74
149	139
209	52
212	115
255	74
212	52
212	52
223	30
252	105
29	207
30	114
166	16
89	255
221	181
166	169
173	96
166	224
186	225
224	5
94	124
51	38
38	125
212	173
21	207
184	20
166	139
94	139
212	98
252	236
94	90
212	158
166	185
94	88
89	8
29	115
52	72
166	224
166	207
218	29
177	143
166	55
88	215
212	230
212	54
185	41
213	51
246	30
255	124
166	212
94	210
166	178
212	158
94	173
166	235
88	93
96	15
166	175
239	150
166	60
38	74
166	209
213	169
213	38
166	252
240	96
94	165
213	248
191	154
191	46
212	116
216	185
185	154
166	38
243	30
63	39
166	173
213	209
213	216
94	50
213	122
166	215
213	101
212	211
165	185
50	197
184	182
28	72
191	238
212	209
237	230
178	119
88	88
94	221
52	185
180	224
50	182
39	13
213	249
180	100
213	116
166	208
238	23
166	185
94	38
94	74
58	124
94	101
254	151
186	156
35	8
209	152
166	207
164	49
212	74
252	81
166	121
252	38
39	238
209	252
209	62
185	38
173	107
228	30
209	244
212	184
175	185
177	108
50	39
166	52
252	101
213	209
51	221
180	12
35	230
125	21
164	51
89	252
184	240
246	16
213	130
50	35
166	71
28	141
236	28
213	209
166	73
166	209
88	209
209	13
166	191
166	252
52	39
94	52
89	207
166	252
38	156
38	30
50	225
36	152
88	209
212	169
166	164
24	30
51	52
209	241
215	52
166	52
173	124
166	173
252	101
152	200
209	175
51	18
39	243
164	251
224	138
252	158
166	200
166	88
174	30
166	154
188	39
166	209
166	209
186	181
209	37
166	252
166	52
47	154
212	160
48	191
213	51
52	38
88	209
166	209
166	58
55	125
235	121
166	30
89	8
166	175
186	161
246	16
88	29
221	5
168	251
169	8
213	172
173	105
169	52
177	30
175	49
169	254
90	172
166	166
90	175
209	52
213	135
166	166
35	235
88	8
18	21
255	246
252	13
166	220
166	209
212	67
252	38
53	52
212	185
215	107
209	12
191	99
88	216
42	30
252	139
166	173
213	36
212	89
96	224
39	230
212	178
94	30
166	96
213	250
88	190
168	191
211	52
177	30
164	50
185	38
209	74
37	30
213	209
213	224
212	252
88	191
152	138
184	62
240	115
171	122
52	5
252	121
88	51
50	41
166	96
218	19
152	2
165	164
94	243
208	252
166	13
166	79
184	96
166	74
166	172
166	172
219	55
173	175
213	16
173	52
191	107
166	152
124	19
94	210
30	125
61	39
166	157
180	29
166	2
191	180
215	175
212	173
165	101
220	8
213	209
166	195
169	52
191	252
88	221
125	12
38	124
88	8
213	210
94	39
51	224
166	51
166	219
166	221
94	124
212	215
209	221
94	230
166	166
166	88
184	235
216	245
88	210
164	191
179	115
48	252
166	179
52	191
52	152
166	55
39	150
252	243
39	28
224	74
166	14
172	96
234	19
89	252
121	152
53	21
209	243
208	186
52	87
175	36
166	250
251	120
166	252
212	207
252	2
166	63
166	152
166	39
166	52
19	141
166	238
166	252
94	43
164	50
210	108
94	164
240	243
184	35
127	137
89	185
33	116
94	230
166	121
52	18
166	94
35	2
185	124
191	122
165	209
166	191
164	88
169	230
212	212
254	125
88	47
94	3
213	20
208	141
208	252
164	52
88	177
166	212
166	181
48	191
124	226
181	224
100	124
175	184
165	215
210	28
212	160
252	157
164	88
165	252
184	30
184	224
166	106
181	143
166	125
94	172
52	224
88	125
49	220
209	17
47	13
58	152
216	177
166	177
166	212
208	152
246	5
213	215
216	87
94	252
166	213
212	124
209	169
166	174
52	74
180	224
252	121
52	100
165	69
166	94
173	216
173	180
246	139
184	135
89	215
166	44
88	227
209	74
50	74
94	32
94	180
166	51
247	224
191	239
216	191
33	30
166	241
209	252
55	156
188	36
52	30
213	124
212	177
50	28
252	156
212	105
88	221
166	252
214	209
94	164
213	141
166	63
157	13
89	30
94	51
239	29
213	180
91	216
252	152
214	209
166	213
252	19
166	127
88	5
191	127
165	89
166	173
94	221
221	30
191	252
166	239
88	21
172	42
216	221
173	32
252	114
91	50
212	42
211	127
166	52
94	90
166	87
224	5
166	184
213	165
166	235
166	99
94	62
121	16
215	52
50	252
166	125
94	74
173	230
53	87
61	46
214	238
88	252
30	16
252	155
166	2
252	255
212	52
212	252
212	224
165	18
30	152
50	18
166	94
116	146
184	124
94	52
165	23
221	155
94	91
186	235
124	16
221	28
213	172
252	35
166	53
88	18
166	52
166	121
212	252
180	141
213	226
166	35
38	5
235	154
166	50
166	175
30	127
52	54
99	138
166	89
181	35
166	224
175	243
89	191
191	34
164	124
166	121
213	129
212	54
88	218
166	61
88	124
88	168
173	216
89	175
209	254
184	151
166	90
213	175
216	13
177	138
62	2
215	124
89	30
213	52
213	125
216	39
243	135
152	15
212	215
166	58
49	221
166	214
213	36
185	121
212	30
212	62
212	224
100	15
52	152
166	42
96	124
212	191
88	38
184	38
208	220
94	30
177	177
96	152
166	169
88	180
166	219
89	201
208	58
40	139
213	169
185	39
165	125
212	119
184	180
30	224
210	39
94	255
166	174
166	24
52	1
173	124
166	126
165	101
166	213
19	155
209	185
166	96
17	207
94	200
166	216
169	207
213	52
213	125
166	180
94	94
173	234
203	207
88	235
166	209
166	52
255	78
166	135
210	250
166	177
166	61
138	72
61	224
35	125
218	38
164	101
209	87
166	124
191	21
252	238
235	8
96	30
170	124
164	69
164	49
177	121
221	123
166	30
209	181
52	252
166	165
213	35
94	212
172	125
30	16
209	184
166	166
125	74
175	36
94	165
89	169
39	177
166	30
88	172
166	94
180	124
252	177
246	19
209	20
54	38
209	191
45	156
213	49
219	38
166	252
184	252
166	252
166	175
101	152
30	224
94	209
191	252
165	58
212	46
166	213
30	15
209	121
50	115
166	200
185	96
166	164
94	52
164	50
88	250
94	236
213	252
30	129
94	178
209	46
213	143
252	19
166	50
215	186
209	96
166	38
173	52
166	213
212	50
209	52
165	47
30	152
252	124
215	30
166	79
39	121
230	28
88	224
239	239
169	224
175	51
217	52
209	30
230	230
216	36
250	46
213	51
211	246
166	94
166	224
252	74
169	52
50	52
213	13
94	139
209	252
164	141
172	52
255	224
187	252
50	103
245	18
220	74
30	12
166	165
212	158
184	47
61	252
94	20
52	125
185	252
166	212
166	210
166	35
214	74
88	252
168	124
213	94
209	74
209	230
125	138
166	216
172	124
166	250
184	8
220	249
212	125
209	219
166	47
119	201
223	180
214	175
166	239
185	30
166	42
180	74
184	30
51	61
165	191
211	224
212	8
166	139
88	193
94	83
172	51
166	250
213	52
181	106
125	121
166	166
88	88
215	221
166	30
209	210
252	230
166	252
169	35
88	52
165	74
252	30
166	212
172	30
40	230
94	91
213	138
166	184
166	89
213	88
216	252
38	155
50	135
215	185
169	29
181	181
166	102
212	30
209	230
94	191
51	16
210	183
172	5
212	30
166	212
89	52
42	13
166	16
252	177
52	30
49	252
213	235
212	243
219	251
209	52
164	215
166	88
166	177
184	255
209	122
213	124
169	125
52	141
212	191
166	166
239	30
166	88
215	181
94	26
50	221
94	252
166	94
213	207
166	52
236	143
88	188
52	225
166	186
30	23
212	246
212	209
88	172
252	224
230	19
52	63
175	184
52	38
24	19
172	169
209	52
166	51
243	74
252	19
166	245
255	146
35	156
181	42
168	30
219	12
213	74
166	255
222	252
168	171
166	94
116	1
166	78
63	36
212	177
246	73
212	252
89	184
212	169
209	39
166	172
215	125
166	224
209	30
94	164
166	213
52	30
212	30
88	185
50	177
190	35
177	200
166	166
166	127
212	24
52	100
94	164
209	170
169	237
166	230
213	82
212	184
168	216
53	30
184	125
252	135
51	181
48	2
213	139
166	166
166	252
166	212
61	150
183	152
88	62
215	52
94	133
213	94
94	50
52	121
252	224
166	166
209	38
55	121
166	166
89	90
125	201
209	185
166	124
213	30
94	212
166	216
88	36
230	139
54	252
166	221
221	79
53	127
221	224
180	24
55	139
42	230
166	172
213	58
88	180
94	61
49	30
166	213
165	55
241	224
208	141
166	94
213	30
47	13
166	88
166	212
88	115
89	173
88	38
166	209
88	32
215	184
164	241
51	116
213	47
164	39
213	212
166	252
166	179
252	21
180	246
210	18
35	139
94	217
166	180
255	24
252	74
52	196
208	191
216	190
52	189
213	212
212	250
166	213
166	166
164	69
166	88
88	52
175	40
52	12
168	63
166	186
184	19
164	224
100	115
212	174
177	29
166	94
166	30
169	141
89	185
89	254
209	38
209	38
94	107
228	124
213	243
166	173
89	88
52	100
166	213
212	89
88	252
50	2
212	212
209	115
52	250
173	169
216	252
166	216
212	103
166	96
164	56
52	121
166	174
209	180
208	252
166	63
166	212
169	96
216	54
173	101
166	30
166	221
212	180
238	115
212	20
169	252
48	177
218	71
213	33
94	221
212	209
166	213
124	127
213	191
166	29
177	239
39	201
166	173
166	30
59	71
178	120
94	89
52	138
208	124
166	34
252	254
96	224
88	255
215	30
166	52
213	30
166	94
51	216
94	216
212	173
88	218
209	36
191	230
173	252
166	30
165	105
221	152
185	126
175	47
252	180
165	138
166	184
121	13
49	137
221	58
156	156
166	221
94	52
62	177
209	55
213	221
232	227
152	141
94	30
94	185
166	89
35	47
218	207
166	94
52	227
166	124
30	124
178	38
252	181
213	18
52	139
166	88
166	209
126	123
30	87
88	135
52	181
166	89
209	62
52	101
209	52
209	224
252	124
213	52
96	224
235	232
209	29
35	206
209	252
213	96
30	121
168	152
224	157
209	13
178	157
166	173
38	120
38	134
181	121
52	68
164	224
184	252
213	240
210	216
213	169
89	88
213	124
166	30
51	121
209	230
213	5
59	30
166	213
209	185
166	52
88	125
212	100
185	38
214	91
216	39
94	96
49	116
224	2
166	24
212	152
52	55
100	47
30	154
166	56
88	88
166	88
101	47
169	5
252	30
166	38
213	13
94	38
50	74
252	203
212	88
166	209
166	246
212	65
94	252
213	89
164	16
88	49
89	210
166	19
25	121
166	255
220	13
168	239
209	201
91	105
166	73
100	230
213	35
209	245
88	230
240	100
41	152
30	30
166	152
213	52
216	74
166	224
165	125
165	252
88	207
169	182
51	138
218	96
166	94
94	212
35	30
166	126
35	100
164	157
166	173
166	49
252	157
173	211
88	49
166	89
51	96
213	19
166	94
166	127
166	211
172	221
251	225
252	125
166	225
212	89
94	252
169	8
213	88
213	243
184	240
213	209
173	30
209	96
38	180
62	252
237	18
210	157
166	186
224	156
166	94
252	180
251	39
230	141
166	250
240	30
246	152
209	177
166	125
166	125
219	30
123	115
94	16
166	212
52	185
166	203
251	252
172	252
166	191
209	156
59	127
94	28
52	177
52	151
166	221
94	51
52	246
177	152
213	212
166	226
175	115
238	204
209	177
165	218
215	30
50	38
124	126
177	124
166	121
173	152
213	127
88	88
94	135
166	30
172	209
88	51
212	88
166	209
157	116
166	213
210	252
91	209
209	13
213	74
88	52
58	72
166	106
250	36
209	254
166	96
94	175
239	121
50	224
88	116
165	175
166	166
164	185
215	52
211	230
216	224
48	116
252	35
164	221
50	74
252	138
212	30
38	8
213	22
213	36
212	55
246	120
94	52
166	62
88	173
166	90
166	175
213	51
212	175
88	30
88	216
166	227
173	255
212	96
55	252
39	65
51	230
90	185
166	213
52	52
172	30
212	88
49	42
213	94
213	191
58	134
88	125
219	191
177	42
52	132
209	96
212	124
212	230
252	224
212	96
52	242
175	121
166	243
52	254
52	180
169	219
125	128
185	8
39	37
166	94
213	30
252	123
254	12
166	207
94	136
214	251
18	65
255	122
166	88
213	30
166	46
118	139
166	94
184	119
94	94
39	225
166	221
175	30
213	50
166	54
94	191
175	124
165	89
50	51
175	191
213	153
94	152
213	35
168	230
172	30
215	208
100	230
175	52
213	125
209	20
88	191
253	30
212	252
169	157
94	35
169	185
52	224
94	164
166	215
166	213
164	88
50	128
94	50
184	240
166	125
51	52
212	51
186	188
209	124
252	230
50	180
166	252
209	151
166	166
166	55
30	157
156	135
240	29
186	74
213	212
180	123
89	88
185	37
52	35
166	124
49	252
175	74
38	33
221	61
52	40
212	218
172	152
213	184
166	30
191	124
216	154
166	180
166	52
168	49
209	2
24	141
165	209
166	50
249	180
51	81
166	39
240	152
209	125
94	246
213	177
96	141
209	157
88	50
166	52
96	200
89	55
166	121
149	74
94	215
166	175
175	185
252	177
220	120
221	121
166	212
49	180
94	80
166	173
166	164
88	215
166	52
175	216
166	157
215	30
213	252
94	185
94	35
166	30
213	212
213	246
18	6
241	115
213	173
94	30
51	96
177	116
166	212
165	30
213	172
185	141
169	30
213	121
216	135
212	252
212	238
185	96
165	96
184	30
164	52
38	119
252	40
164	209
213	209
166	2
121	114
50	238
30	121
213	120
185	35
221	96
52	151
94	88
166	164
239	230
172	252
211	125
165	212
96	30
212	209
166	68
52	221
36	96
30	79
166	216
52	246
173	209
166	169
214	172
166	54
169	252
166	181
213	51
166	166
88	242
91	30
208	52
58	246
236	21
172	52
213	39
35	238
164	251
219	124
168	207
212	50
166	156
88	53
215	39
164	35
213	88
39	244
52	152
50	21
166	252
89	30
30	121
166	19
52	121
213	175
88	119
213	22
166	215
166	51
166	89
252	16
166	30
213	74
166	39
166	184
89	2
166	218
209	30
58	111
94	161
94	115
58	37
164	209
209	191
252	96
30	224
52	35
166	89
166	89
52	101
175	224
52	177
209	16
213	124
166	215
166	38
52	124
166	152
251	121
236	124
51	235
124	158
62	30
166	180
252	225
166	225
51	8
35	230
185	121
89	121
166	180
51	240
215	185
185	61
52	155
172	35
172	239
108	28
52	62
52	21
166	25
175	141
166	88
188	225
94	89
166	209
166	230
165	38
212	251
54	178
166	213
166	172
185	39
166	184
185	252
50	177
252	120
88	130
166	209
252	41
166	94
184	221
212	89
212	52
166	35
52	74
52	241
215	12
166	252
212	42
88	42
166	210
180	30
89	136
30	115
220	74
94	209
94	224
166	184
50	175
166	35
221	125
224	207
172	27
88	19
212	141
166	170
35	224
88	96
39	152
94	51
94	51
221	79
166	175
209	216
209	224
184	7
221	42
252	124
166	252
208	177
209	221
184	101
52	184
172	236
212	78
166	30
166	252
50	230
52	184
171	52
52	124
19	13
63	2
215	96
63	35
94	195
166	50
94	237
254	152
51	52
186	235
166	124
166	100
213	36
52	55
177	101
173	191
166	252
166	2
166	215
166	38
