60	24
105	41
105	58
105	6
17	57
23	8
105	101
30	108
123	5
65	117
65	73
8	103
35	44
105	85
105	73
9	4
105	24
105	24
8	40
28	6
123	40
1	9
105	6
42	73
112	44
123	60
112	117
112	33
105	26
105	112
112	40
85	121
53	29
112	73
5	58
105	25
44	21
123	77
24	118
121	121
1	88
44	24
121	4
112	81
60	117
13	81
8	17
44	8
28	24
33	28
105	8
60	72
58	18
105	87
24	73
121	24
42	13
105	8
8	121
8	58
105	44
105	24
105	6
123	8
5	25
123	44
105	115
26	73
110	24
5	28
105	44
112	113
40	28
105	105
105	5
5	60
112	72
123	84
123	101
123	91
8	72
67	121
105	29
105	6
105	121
8	56
110	113
8	54
77	16
106	24
123	8
121	81
9	93
49	84
35	8
60	80
105	2
8	33
105	40
121	40
121	58
42	22
58	73
53	49
8	9
44	65
112	24
105	66
8	40
123	13
105	28
105	113
72	24
85	26
85	70
105	65
105	62
23	113
105	4
112	40
123	60
121	65
28	81
112	112
105	93
121	24
123	66
8	60
24	34
123	72
105	40
99	37
105	101
85	81
6	113
62	5
112	113
101	6
85	34
35	24
112	24
70	95
105	44
23	99
67	121
85	49
105	121
40	113
44	33
122	66
23	49
60	81
58	20
105	99
105	105
112	44
123	53
44	44
105	4
112	65
83	40
60	11
40	28
99	2
105	112
8	95
121	73
105	110
105	121
105	105
62	106
58	2
105	81
40	24
112	8
83	19
112	123
85	33
121	117
60	24
105	62
105	28
8	19
105	8
53	121
2	109
112	44
67	65
121	4
113	73
105	42
79	24
8	1
8	40
123	21
65	88
105	58
5	48
8	24
28	24
105	73
53	72
105	9
105	30
74	58
105	81
105	41
8	6
123	49
105	44
24	24
123	6
105	123
112	13
123	121
123	24
105	120
105	40
105	123
53	88
105	123
105	8
121	40
105	105
112	8
105	95
121	65
56	2
105	57
8	28
67	33
105	112
105	24
40	77
95	57
42	40
1	32
44	66
105	123
110	30
21	65
105	84
105	66
83	77
13	24
44	40
105	44
112	56
112	122
105	35
44	91
121	88
121	58
44	58
44	5
53	52
112	95
112	60
8	21
62	5
5	65
8	49
44	96
42	72
44	8
105	67
105	13
105	121
67	60
105	35
60	102
13	22
123	6
105	9
44	8
121	24
123	66
33	24
121	24
119	17
8	73
123	106
40	28
53	65
51	77
112	62
105	54
112	4
8	92
8	5
33	24
115	9
123	84
33	24
35	56
74	88
74	91
112	64
44	4
8	77
28	95
105	67
123	24
105	60
105	44
44	23
105	108
105	58
42	58
44	13
24	84
97	22
123	6
33	42
105	33
105	5
105	62
105	58
21	84
49	77
8	113
8	64
40	28
36	24
123	5
53	28
105	34
60	6
105	56
33	125
44	40
105	127
112	91
105	69
35	49
105	28
123	4
65	80
44	6
105	112
123	2
105	98
105	33
40	9
105	105
67	24
44	24
105	19
123	85
44	30
105	44
52	73
121	80
6	100
8	67
105	112
112	40
33	81
101	22
105	123
121	113
35	20
67	24
2	113
44	49
67	72
105	60
105	8
123	109
121	77
74	66
123	95
121	60
105	67
123	44
92	61
8	40
123	121
93	48
67	55
105	105
112	81
105	110
105	44
112	102
65	48
9	75
112	99
105	42
40	66
112	121
92	4
60	81
19	13
105	121
105	120
121	52
5	67
44	44
92	110
105	33
105	19
105	112
112	82
90	40
74	97
44	40
121	48
65	72
21	99
49	81
62	49
53	110
62	83
33	30
40	102
105	4
121	121
56	11
5	73
88	24
49	17
44	60
121	60
105	121
85	91
51	81
6	89
105	105
112	46
53	52
105	40
121	24
8	113
8	21
105	105
121	109
65	24
123	70
105	42
121	24
112	44
60	24
74	85
105	65
105	99
88	113
119	40
123	67
62	75
105	85
105	73
121	113
103	58
15	24
40	6
105	24
105	40
123	66
44	8
5	40
105	73
35	11
123	44
24	24
67	40
123	44
44	33
105	44
105	113
44	49
42	17
105	24
8	60
83	43
44	81
33	28
112	26
121	24
8	127
85	60
105	11
33	70
44	40
8	5
44	89
77	78
44	72
105	53
67	124
35	8
65	19
112	110
121	126
8	49
58	24
35	30
105	105
105	6
23	8
105	92
5	24
44	40
123	100
112	24
65	6
105	42
123	44
123	83
105	121
53	62
8	75
44	79
52	4
123	33
123	34
40	32
105	124
105	105
65	61
44	51
105	111
9	73
105	33
56	24
44	103
56	24
35	33
88	73
105	73
44	109
2	57
105	112
105	85
44	53
105	33
105	108
92	40
123	91
105	121
40	49
105	19
123	8
44	24
8	85
123	8
67	52
51	24
105	105
44	58
23	42
105	81
44	70
123	41
112	40
105	112
28	120
60	4
105	33
105	82
123	8
8	8
105	8
112	65
44	73
85	24
121	42
62	117
121	27
110	9
112	6
105	24
44	42
121	24
112	33
15	73
67	17
40	73
58	113
8	40
23	33
74	81
28	17
8	40
105	123
33	49
13	24
28	99
42	93
81	91
24	82
105	8
112	112
40	24
23	9
112	44
123	120
112	44
58	24
67	24
13	86
105	8
65	1
112	8
105	66
81	9
40	96
112	73
105	8
35	62
105	112
105	113
85	83
105	28
44	80
8	42
121	121
42	34
105	85
23	6
40	4
44	85
74	33
43	4
123	81
105	73
112	4
65	24
99	75
42	127
105	71
123	75
53	58
28	64
105	33
40	28
77	93
123	33
44	58
62	73
62	83
65	24
112	112
44	62
123	121
105	105
105	24
4	109
74	120
123	24
105	112
105	80
105	63
112	19
8	6
44	65
105	113
123	113
8	65
33	4
105	112
105	65
105	20
105	24
105	6
92	4
103	80
123	44
8	24
105	81
44	24
105	121
35	113
53	24
30	40
105	24
81	57
112	8
112	121
121	63
105	70
112	77
105	49
65	89
92	48
5	121
112	56
5	24
121	13
36	107
123	26
44	113
105	77
35	1
117	84
105	43
105	92
44	40
92	121
105	12
105	24
44	6
75	75
8	8
81	73
105	81
112	67
5	9
105	56
5	24
105	105
49	6
56	77
105	23
8	33
44	44
105	40
105	121
124	73
44	62
123	93
19	95
105	5
123	9
15	91
85	80
112	24
123	85
8	93
105	121
44	17
8	6
121	58
105	107
64	64
45	25
44	44
65	80
123	109
24	48
66	52
105	74
123	60
58	24
44	4
58	73
19	89
121	17
105	26
44	5
21	113
62	28
85	49
23	4
62	4
24	80
121	42
8	85
121	1
105	56
123	49
40	28
112	42
105	85
105	5
121	30
105	123
105	58
40	25
35	44
123	24
105	24
44	42
58	98
121	24
40	56
33	36
123	65
123	103
105	81
105	22
105	40
19	77
8	26
9	6
44	89
5	24
62	80
8	8
105	121
123	75
8	121
105	40
105	113
121	12
28	26
85	121
35	13
105	121
5	108
22	107
105	105
123	80
120	64
35	42
40	73
121	6
8	34
121	48
44	120
44	72
123	89
123	48
105	44
112	44
53	60
44	113
8	33
92	65
105	107
81	80
8	58
5	28
121	40
62	93
105	44
105	105
105	123
92	58
121	73
28	24
77	4
105	70
112	42
44	73
121	77
24	113
8	8
67	60
105	105
1	9
5	9
121	51
112	35
112	40
44	25
81	52
105	123
105	24
5	33
105	24
105	121
105	5
105	105
125	16
8	6
77	111
112	117
105	8
105	121
121	28
105	33
105	105
123	8
105	123
105	5
123	24
105	40
33	24
5	64
88	24
8	5
105	35
17	50
65	24
58	73
53	5
19	4
112	28
1	81
51	24
123	73
112	72
53	42
67	40
44	5
105	44
67	42
123	26
105	105
60	40
60	81
105	73
72	73
60	60
105	5
60	30
8	22
105	112
103	49
62	8
67	103
42	48
44	113
105	40
105	51
105	56
121	73
24	95
121	73
5	28
49	34
121	95
105	51
105	123
53	50
62	49
105	13
62	4
2	84
8	113
40	4
40	4
56	2
92	19
40	117
56	75
40	17
24	107
60	73
9	9
35	68
105	62
105	121
5	52
112	56
121	6
85	28
33	75
105	9
105	4
53	101
35	8
44	102
105	8
121	89
112	24
53	8
112	74
62	48
105	11
121	24
105	73
123	65
28	9
105	33
8	6
40	24
60	40
17	24
105	119
123	40
113	32
40	9
67	51
56	84
65	77
85	121
92	24
1	32
112	40
105	6
58	9
112	100
103	17
105	58
28	34
113	73
105	112
23	5
112	24
112	34
105	67
5	89
121	120
105	73
105	121
99	24
112	111
105	105
8	73
97	98
112	81
24	120
24	113
97	4
112	23
24	77
105	105
105	24
105	105
42	89
65	24
60	52
121	6
105	105
112	44
112	75
123	24
105	112
105	123
44	100
24	4
105	40
44	85
8	9
99	99
103	40
6	73
105	123
83	4
105	121
123	40
44	97
