225	139
110	53
148	71
382	71
211	371
20	419
216	221
308	468
138	208
48	274
100	497
372	206
216	197
110	348
378	439
475	410
216	111
434	139
216	237
216	298
441	383
216	177
216	100
465	148
211	366
288	496
451	214
216	211
434	236
439	51
448	228
183	58
225	129
71	111
211	139
225	24
183	110
139	439
139	49
149	453
102	224
207	207
279	194
139	439
451	267
281	410
382	221
207	58
420	419
426	419
110	221
434	57
93	104
102	301
216	441
406	104
308	410
114	497
139	110
48	100
113	210
206	237
462	110
211	410
121	88
68	370
225	296
434	327
54	433
216	69
211	343
52	496
216	102
435	231
211	410
413	110
216	222
216	420
281	32
216	410
20	110
376	114
282	439
282	15
362	288
216	457
149	419
216	225
110	143
216	148
216	110
439	8
382	257
429	459
139	155
207	86
473	419
216	114
372	168
216	478
211	378
434	52
278	110
201	186
211	57
207	461
382	387
207	110
216	288
149	110
410	415
284	444
372	113
211	406
299	484
129	439
197	465
377	129
216	373
61	225
68	129
128	53
216	104
259	53
279	434
216	453
216	216
236	139
216	377
211	376
502	110
100	338
291	72
163	274
225	139
197	139
139	139
343	142
279	139
279	383
221	305
196	201
225	278
128	253
376	52
216	14
434	210
207	71
298	71
52	185
58	275
382	34
420	415
447	221
216	85
211	225
211	439
236	450
421	176
71	439
438	213
224	444
447	110
434	260
225	45
434	376
216	430
298	250
225	439
93	32
473	225
279	102
216	53
48	168
216	447
382	222
225	139
216	104
343	140
500	100
216	105
110	439
447	443
139	69
279	225
216	102
142	439
279	52
216	207
188	37
102	456
138	146
502	222
417	419
127	202
138	155
139	220
216	298
216	127
279	470
216	58
216	30
139	453
61	351
413	377
216	110
216	102
41	410
216	439
217	439
406	147
149	453
113	453
279	83
228	223
334	222
434	462
216	334
211	71
250	178
434	154
298	138
382	500
279	114
279	222
216	419
216	278
139	139
207	139
451	282
225	221
211	396
211	225
343	413
48	259
207	475
211	188
211	439
434	220
225	110
451	217
211	114
298	377
451	207
451	207
279	327
337	274
434	139
279	114
382	104
461	114
236	370
216	110
102	71
216	343
382	372
139	32
216	263
250	140
61	296
216	279
225	95
61	207
58	107
110	76
323	139
434	114
434	480
149	463
279	161
207	103
216	293
216	448
216	61
451	207
216	149
435	53
434	52
216	383
102	222
221	222
236	228
216	207
434	430
216	66
113	487
124	129
434	250
279	448
420	96
211	231
211	93
139	114
216	149
216	188
207	366
212	452
211	342
382	386
382	207
228	439
216	352
216	298
207	504
240	221
434	152
382	439
370	453
138	439
382	419
41	483
216	448
216	449
308	275
197	342
284	441
343	52
259	10
439	338
427	100
382	439
259	379
410	213
451	17
58	508
102	362
473	188
216	276
216	251
216	32
362	147
207	453
139	221
139	439
352	416
448	201
129	478
216	142
207	30
500	261
211	260
216	434
278	300
110	24
216	73
216	130
439	450
216	299
201	253
207	119
225	51
377	142
434	372
216	139
188	25
168	50
207	291
279	207
39	142
76	478
216	211
216	279
148	37
197	18
278	260
393	100
500	71
188	379
447	259
502	478
279	71
211	20
216	439
441	419
382	439
225	58
216	216
216	438
413	201
277	441
216	138
366	110
216	323
225	370
216	110
211	419
216	274
382	102
225	59
225	217
61	110
216	372
216	368
102	288
382	207
139	149
216	129
129	62
225	301
343	71
113	149
216	48
110	33
356	511
211	100
211	17
279	225
197	371
217	189
48	173
279	439
216	430
382	427
183	405
413	273
216	327
368	223
281	396
183	274
216	207
216	382
221	88
225	460
420	465
216	149
434	420
475	274
139	280
448	58
372	80
216	174
371	418
139	419
216	216
413	139
139	210
111	274
110	32
434	281
267	383
277	396
434	274
216	382
188	468
110	277
434	207
225	30
211	270
207	75
382	138
216	478
382	240
377	448
362	448
434	461
279	222
210	202
377	439
54	71
211	439
71	274
113	144
139	373
372	142
211	460
279	439
149	24
222	107
279	250
343	413
216	382
211	217
102	236
111	439
216	183
279	188
110	379
221	32
216	343
279	210
139	322
214	141
216	139
382	52
216	214
217	400
149	53
149	222
281	502
225	478
377	128
216	410
104	385
207	259
52	53
250	278
216	439
225	419
420	441
139	212
211	253
183	93
277	453
207	496
236	228
279	48
124	129
378	59
225	142
211	222
59	53
216	33
382	427
429	222
211	276
216	260
225	105
420	217
416	148
71	478
139	228
336	100
279	110
207	287
434	110
61	441
217	411
296	284
216	216
279	413
149	84
216	279
102	402
236	90
33	66
451	221
75	284
372	104
427	225
211	447
281	235
288	475
139	412
216	26
52	158
382	168
216	188
139	441
216	449
216	284
85	34
240	282
111	486
236	419
52	458
377	129
382	211
420	33
451	450
154	142
255	439
434	221
382	221
331	453
279	139
420	215
139	294
216	59
434	308
451	149
466	72
323	233
451	287
279	168
277	277
362	345
225	441
181	453
139	114
311	410
225	448
434	264
71	419
236	50
279	237
211	296
48	336
382	419
207	208
377	188
434	377
211	323
240	224
216	439
382	221
216	110
216	279
211	495
211	154
343	136
214	121
211	258
413	439
277	104
48	413
473	246
216	149
197	24
277	313
451	439
216	413
225	127
149	71
102	257
288	154
225	127
216	281
211	202
108	504
216	114
225	456
211	406
207	350
216	344
462	127
279	451
372	149
434	406
259	345
211	133
211	70
362	189
366	141
39	277
130	133
279	140
281	107
441	441
382	397
148	441
372	149
439	453
377	110
474	383
48	163
434	148
130	52
211	441
211	260
211	438
279	439
211	250
216	53
448	264
110	274
110	274
382	406
270	139
216	440
216	439
279	222
372	236
434	280
451	301
439	104
102	201
382	433
211	105
211	225
277	430
138	274
61	221
216	211
277	276
110	76
434	462
298	139
362	56
127	133
434	323
216	216
102	236
447	448
382	206
216	274
382	197
298	378
39	503
207	277
377	301
372	119
277	99
20	171
216	434
336	440
352	441
462	222
277	214
277	223
113	282
281	250
236	185
298	504
216	439
225	139
102	129
225	181
216	122
225	148
393	104
348	441
221	119
372	217
291	104
41	33
216	110
378	25
139	57
277	450
216	216
138	221
447	207
95	114
216	216
434	251
434	47
382	192
52	18
48	420
61	44
214	104
462	259
6	110
225	379
211	47
447	447
139	485
39	430
382	211
343	99
216	114
451	439
216	71
59	253
216	207
188	489
311	222
462	139
216	207
216	277
216	114
207	65
216	448
216	277
447	439
39	110
148	142
225	217
225	217
139	439
216	228
434	142
402	326
312	419
129	453
352	85
59	438
281	274
270	413
48	370
71	105
502	104
110	438
270	502
474	284
434	202
511	439
216	207
139	133
154	53
211	110
216	363
70	438
216	143
139	47
372	207
216	448
447	95
168	439
216	206
382	452
421	119
345	459
362	419
451	52
434	143
119	433
216	189
343	71
382	236
56	222
216	250
420	336
101	141
216	475
149	478
382	433
197	100
100	114
211	236
279	443
225	97
434	188
250	84
207	62
211	223
113	33
114	53
462	207
279	345
41	453
216	451
281	278
419	107
443	44
39	225
129	142
448	65
393	377
207	362
110	419
225	127
222	479
139	439
216	336
39	221
259	420
110	221
129	296
216	222
216	419
216	133
100	187
216	211
53	117
279	434
188	168
396	453
221	439
34	119
352	393
427	168
448	280
462	343
216	277
216	274
402	52
52	453
447	221
211	391
473	453
240	114
377	336
139	138
434	115
372	207
250	149
281	28
382	406
216	270
113	139
207	200
343	104
216	111
121	438
216	383
279	441
48	222
281	250
53	410
462	407
279	255
298	455
216	433
139	439
323	277
308	438
211	100
251	277
216	107
110	57
216	453
17	110
216	207
225	439
48	413
110	438
216	439
216	372
216	439
139	168
207	221
451	212
139	189
139	453
110	371
362	453
152	463
216	139
216	28
250	146
434	211
139	186
216	281
345	188
502	33
420	496
139	138
281	210
279	188
270	393
382	66
281	39
279	187
225	348
216	139
211	250
216	419
435	110
102	236
318	322
152	110
279	343
216	496
216	434
110	419
382	225
216	217
362	197
211	211
470	141
139	138
225	438
434	257
502	221
216	277
207	452
171	52
222	287
139	25
216	75
216	323
382	225
211	236
48	197
496	305
139	110
382	114
447	71
207	439
434	457
104	203
281	119
102	225
139	18
216	214
216	110
216	447
451	277
217	274
298	110
207	207
216	434
216	274
216	119
461	104
70	24
196	284
308	65
149	400
413	53
216	281
288	370
102	110
216	439
382	307
382	323
427	214
53	202
382	453
447	236
277	24
216	114
216	217
240	217
502	424
434	221
343	277
323	284
434	155
104	119
376	439
420	497
378	452
382	114
448	73
113	255
138	342
216	142
281	250
216	192
207	169
461	365
188	367
420	298
372	71
225	134
71	379
279	377
216	260
216	315
451	207
197	214
372	375
110	291
17	93
139	138
449	14
93	378
41	465
259	129
216	51
102	188
434	449
298	97
138	419
30	465
420	111
309	439
216	448
427	439
214	459
356	369
102	188
216	216
434	377
382	419
139	138
259	52
216	375
382	52
495	222
207	138
110	274
138	111
139	430
451	102
71	52
214	441
35	439
207	110
279	250
216	95
228	378
71	65
61	104
216	250
473	308
250	448
216	139
211	225
129	296
216	201
299	110
382	478
382	352
382	211
337	433
197	250
225	133
413	439
447	183
32	300
216	59
216	462
429	410
240	433
434	102
216	216
221	274
279	139
241	59
382	357
129	192
323	57
216	453
216	351
259	507
207	402
245	33
18	140
61	114
216	259
434	441
382	65
382	15
495	115
366	71
277	53
298	419
129	274
225	139
138	104
103	458
110	221
216	402
250	377
225	97
222	419
434	439
362	293
188	65
473	231
474	284
224	441
216	448
382	502
139	506
382	287
138	255
216	236
362	225
207	50
100	439
139	468
377	110
211	149
59	441
343	149
343	293
216	188
413	448
211	30
71	97
216	412
100	169
85	257
100	114
438	438
216	434
216	439
72	76
216	56
54	32
259	287
279	420
211	419
377	383
377	188
149	231
207	391
259	204
216	279
362	71
407	52
129	292
216	188
110	439
447	439
128	214
211	119
279	377
413	262
216	197
211	207
48	71
188	439
502	189
111	107
427	139
504	497
279	439
102	327
509	274
420	112
352	104
211	113
181	410
54	212
225	188
207	420
279	439
216	217
382	149
216	452
259	475
382	8
207	207
279	210
372	197
210	433
439	208
382	142
225	140
462	128
211	250
56	100
216	441
216	400
461	52
139	358
216	288
211	474
211	57
352	419
500	366
183	127
279	35
434	139
478	117
216	19
216	370
228	439
124	410
216	139
451	434
216	433
216	221
278	133
139	274
393	202
216	102
216	211
449	479
372	135
73	379
372	441
73	458
114	255
207	410
129	214
211	139
308	100
207	284
217	282
127	227
372	369
102	439
410	96
211	419
225	296
216	104
216	382
447	367
216	451
207	275
447	154
278	438
334	435
216	216
71	142
197	110
216	298
216	298
434	53
110	439
216	434
334	139
434	206
75	250
298	24
104	260
207	14
211	225
102	149
434	59
236	33
168	65
129	222
216	419
439	222
434	186
377	478
138	277
382	434
434	383
211	308
365	452
236	204
216	48
110	268
139	452
138	396
250	129
211	44
434	354
228	133
279	110
426	214
413	222
382	279
216	100
48	56
216	382
325	24
382	400
439	453
216	240
217	221
216	467
211	25
345	25
259	420
279	203
419	410
382	452
85	33
58	49
146	222
386	100
139	129
402	453
427	225
48	419
216	334
377	59
279	73
279	225
10	149
207	287
207	270
48	221
191	410
216	129
216	114
362	222
225	222
225	128
216	297
434	250
207	41
216	138
439	104
207	343
216	233
154	439
102	308
211	224
434	221
217	114
216	451
217	439
211	110
197	336
372	105
100	318
48	475
447	148
256	90
61	415
420	298
110	50
279	434
216	33
32	141
362	184
102	47
139	450
420	439
48	267
48	121
362	259
448	220
250	100
138	453
382	221
288	378
207	221
207	284
473	308
430	117
435	25
346	260
216	288
382	420
216	197
447	139
48	211
434	139
216	216
362	139
161	222
345	129
216	298
448	371
113	225
290	453
211	284
402	453
211	225
362	298
211	449
378	276
207	224
102	443
447	100
188	100
48	33
420	225
216	451
113	362
207	465
270	17
211	24
382	372
216	434
110	114
41	257
124	448
113	458
368	24
225	206
207	324
207	142
216	61
59	274
130	114
216	259
382	127
61	100
279	377
139	107
500	73
139	93
382	183
207	97
225	274
138	128
400	274
279	372
343	111
102	488
447	439
382	279
250	107
216	500
216	59
382	201
216	371
473	111
377	127
434	376
471	260
250	377
434	211
216	110
502	276
52	104
216	383
396	31
197	138
216	372
451	379
211	259
211	228
236	502
48	212
345	34
221	282
413	419
149	219
382	287
216	110
216	352
217	441
147	453
102	188
216	6
216	307
139	176
441	23
114	342
216	139
434	419
129	378
189	375
102	350
201	439
413	148
119	65
298	439
210	71
188	274
281	214
462	139
58	131
225	439
382	211
345	440
149	439
211	438
216	53
207	30
216	231
379	430
217	439
75	439
279	124
207	439
130	139
279	223
473	128
216	274
140	274
372	207
451	250
377	407
48	246
439	275
420	225
85	234
451	413
216	214
216	225
382	439
207	410
352	282
139	441
139	224
362	400
217	274
149	274
216	32
139	443
48	150
149	110
207	24
377	377
323	439
447	298
216	240
279	114
211	212
216	419
113	259
216	434
102	71
211	400
99	106
139	222
352	53
183	104
376	52
434	230
216	250
138	449
311	439
372	110
462	225
393	206
102	413
216	183
257	445
216	458
447	478
128	222
139	511
372	110
392	128
438	185
211	274
86	222
420	378
149	206
448	106
434	345
236	439
207	53
216	188
372	139
216	452
323	128
237	110
382	434
372	189
216	362
216	447
207	59
377	100
216	207
281	221
250	114
451	447
382	217
277	438
207	453
216	372
277	274
434	281
216	141
206	267
366	19
240	148
225	175
323	342
225	214
447	207
52	25
216	93
216	216
129	299
139	287
225	202
216	149
100	189
211	298
288	379
211	143
216	371
102	497
216	461
216	287
211	215
298	99
203	344
461	284
439	439
216	439
382	207
435	154
439	332
315	297
216	434
221	148
225	502
216	217
279	298
216	434
216	93
20	287
281	274
281	379
102	143
382	211
139	160
129	189
259	53
225	110
377	57
298	373
447	113
216	427
382	212
68	110
225	410
216	466
216	102
298	52
211	94
110	65
154	277
345	274
382	149
382	236
434	110
236	163
382	478
504	52
250	433
277	119
216	48
216	130
298	139
393	353
453	458
216	45
188	439
225	139
211	129
461	439
71	363
211	128
139	296
473	110
225	457
102	110
413	443
207	33
382	114
507	274
225	419
279	434
32	307
382	104
211	274
100	453
259	298
441	452
222	158
207	221
211	207
216	453
216	207
257	133
250	431
216	113
114	439
216	362
362	225
228	44
102	101
298	377
225	327
279	211
207	110
211	421
110	419
211	443
216	298
100	114
188	284
217	296
211	422
372	168
278	379
473	144
216	197
41	478
188	110
48	410
279	457
225	188
377	435
216	47
382	138
127	184
216	274
57	439
237	284
216	298
345	439
102	139
52	430
366	492
71	213
236	371
323	237
211	104
382	221
216	413
402	44
216	25
149	301
127	441
207	100
362	127
225	475
211	166
474	441
451	496
277	383
75	17
217	433
216	413
448	435
17	135
54	183
451	362
149	71
236	32
222	51
298	441
372	222
110	274
48	444
216	418
240	461
216	93
19	453
281	222
288	100
211	140
240	138
207	24
462	298
102	370
434	225
453	267
217	217
225	145
279	188
281	114
279	211
511	439
139	274
343	441
434	139
377	71
216	114
30	72
439	410
129	446
216	500
451	90
259	225
345	369
102	482
102	114
47	465
281	241
439	231
313	115
228	52
343	139
507	277
406	291
52	99
382	502
212	144
250	217
100	433
281	473
103	400
362	225
447	383
211	225
207	127
362	441
39	197
211	250
279	53
211	430
207	225
259	225
216	279
448	58
343	51
207	71
377	168
216	93
216	462
207	225
154	511
216	240
274	274
139	448
217	149
216	48
420	23
377	33
216	375
216	110
231	253
382	412
382	250
382	416
207	367
281	51
362	293
216	149
76	458
39	439
216	443
382	111
377	448
448	419
281	458
216	171
102	25
138	104
434	197
48	288
197	251
298	149
216	418
211	362
369	274
259	206
231	274
475	142
279	53
211	211
48	114
225	51
371	400
225	6
434	231
382	207
212	274
197	383
216	475
250	117
451	426
214	439
475	110
447	139
139	410
447	438
427	250
124	439
382	383
225	138
211	138
110	287
372	188
279	124
439	104
382	100
216	139
52	433
59	410
362	25
216	406
216	434
127	439
473	188
372	139
434	113
30	110
315	139
52	208
216	110
71	119
382	368
56	348
110	400
212	419
48	366
183	383
211	211
216	197
393	71
211	36
451	139
279	276
434	52
279	415
207	225
211	225
207	378
434	453
372	222
279	33
282	201
451	500
216	411
413	274
18	379
228	222
225	65
259	371
216	183
225	33
439	158
150	107
434	496
114	222
211	448
216	216
451	25
216	53
17	453
207	337
202	233
155	202
110	60
343	460
71	439
465	439
378	99
382	211
451	420
225	311
377	441
104	418
502	33
35	328
102	458
434	383
181	277
279	366
413	419
139	274
188	439
410	452
139	231
206	301
139	44
149	110
216	250
377	391
216	382
95	52
298	253
216	216
255	199
382	259
189	202
216	257
291	439
285	383
393	210
382	97
207	30
216	52
434	110
139	439
217	52
272	131
216	405
154	439
207	376
216	366
447	419
207	24
434	447
382	438
216	197
197	419
110	146
197	222
473	83
441	274
53	458
377	53
114	33
211	25
211	174
110	104
400	260
447	124
453	453
382	228
127	274
225	110
48	214
20	410
216	50
149	287
212	433
139	217
197	439
443	104
95	149
216	169
298	30
25	439
279	337
216	102
448	443
207	17
48	211
434	439
32	396
279	287
110	367
434	500
207	443
372	119
216	98
413	383
362	217
298	338
412	371
119	453
362	393
462	115
370	18
413	439
377	301
216	439
377	262
434	39
447	217
149	33
188	396
277	52
279	139
30	395
362	197
298	139
396	295
259	214
451	211
473	110
56	45
382	270
480	121
216	138
207	138
203	497
279	288
139	76
70	274
366	256
216	382
382	102
434	48
216	139
493	93
216	149
211	100
216	221
211	34
419	360
279	279
225	391
75	18
181	129
434	100
149	474
110	388
370	110
216	377
382	211
207	270
216	211
382	343
216	310
382	225
279	74
216	413
216	382
279	110
277	452
207	110
382	298
278	110
250	301
429	453
279	52
207	439
216	142
279	372
278	65
434	138
279	301
48	52
201	59
298	236
114	62
114	439
435	199
124	139
71	53
225	0
110	274
216	225
216	435
103	164
99	478
216	496
382	211
211	72
113	260
124	327
216	447
434	500
0	257
217	140
225	144
279	207
56	277
382	225
139	73
216	52
124	224
299	309
298	187
439	294
225	461
343	396
376	284
473	506
382	146
416	65
366	430
279	475
216	284
298	278
447	225
48	221
279	114
225	221
225	370
222	497
139	202
473	139
211	393
216	139
216	207
48	349
39	449
446	208
434	250
225	104
298	149
211	225
420	225
259	255
447	441
155	212
393	274
211	188
217	51
443	410
214	53
216	99
216	448
236	126
461	71
377	453
377	435
231	231
382	228
59	430
345	15
206	73
139	142
236	441
211	207
278	149
139	497
413	433
447	357
138	77
216	222
216	211
382	197
451	132
216	225
129	110
382	434
211	207
434	439
216	211
207	110
362	412
382	259
326	439
336	221
281	197
382	33
240	448
129	71
216	217
441	231
362	356
259	225
197	225
377	383
362	274
382	291
132	90
406	154
434	48
207	448
216	352
281	53
281	148
207	236
216	188
188	148
149	439
279	421
216	458
441	294
216	362
127	357
225	448
447	56
382	231
211	225
110	257
225	52
277	260
449	439
323	222
113	139
197	197
372	419
288	501
216	216
434	352
453	433
48	24
406	149
216	216
279	51
216	188
216	129
382	434
279	99
382	449
382	201
336	376
434	345
366	274
377	448
211	225
110	212
211	104
217	107
216	508
434	341
434	207
236	139
449	285
149	318
216	362
48	75
216	449
279	129
216	462
268	53
216	71
207	463
216	323
259	131
216	188
73	489
225	463
231	287
139	410
382	228
343	201
279	192
250	282
420	110
216	318
382	343
216	222
382	372
216	439
500	139
110	114
298	129
216	441
447	143
224	419
420	139
216	262
207	441
413	377
216	460
377	496
197	71
139	453
216	338
211	372
216	292
482	110
279	191
362	485
382	443
250	449
236	439
216	222
30	383
362	293
139	33
228	25
102	51
379	433
345	260
86	59
216	496
257	117
216	377
434	475
225	441
473	416
236	458
139	100
61	453
447	350
216	216
124	250
216	217
71	86
434	25
216	274
102	139
216	211
168	282
413	100
372	129
382	10
352	413
439	287
41	413
139	336
75	336
100	201
201	419
138	439
282	202
71	111
197	504
188	439
343	439
225	345
216	45
216	114
207	250
216	439
237	25
419	452
393	52
216	100
282	52
447	52
216	222
225	111
434	389
20	277
475	222
420	201
110	276
216	281
211	271
362	439
279	222
259	233
102	396
207	450
216	66
502	396
216	30
224	53
323	187
366	277
73	187
71	144
447	433
372	277
382	382
207	224
187	338
216	258
434	222
382	189
216	274
311	496
85	114
149	496
447	298
207	224
110	378
451	421
372	362
382	419
382	58
130	149
127	111
211	213
287	301
277	439
216	382
216	169
216	110
377	273
216	216
102	462
250	433
434	396
225	53
439	53
221	390
48	410
115	419
216	42
236	104
48	301
222	410
480	100
382	149
377	311
216	362
277	25
207	143
139	119
370	253
211	410
129	168
48	183
434	154
127	439
48	199
216	233
225	439
216	447
104	222
366	58
216	365
461	459
279	86
382	318
139	53
434	154
225	138
130	143
250	129
382	207
279	197
376	453
225	110
211	453
502	441
196	400
216	110
222	117
279	502
434	143
207	139
323	139
420	28
413	217
216	377
382	343
53	140
216	228
216	419
126	76
224	221
216	279
345	323
181	127
105	422
434	259
279	352
298	217
216	177
211	18
448	374
382	372
277	439
139	86
30	53
30	52
282	260
345	143
216	141
279	236
216	223
434	211
447	224
224	114
216	443
279	114
216	301
288	17
207	139
216	237
343	139
197	343
250	133
102	171
110	228
259	110
30	453
216	453
211	277
434	259
279	142
427	255
277	119
279	288
279	485
216	434
139	274
413	71
419	51
382	100
279	413
168	287
48	114
216	211
225	308
434	500
370	73
216	149
216	279
104	410
216	139
379	469
413	379
207	124
434	396
462	113
225	210
370	148
216	458
290	202
447	352
434	183
216	52
92	441
202	433
33	186
429	53
110	439
315	234
207	225
279	25
216	222
216	475
298	410
216	281
377	110
216	329
420	419
45	441
434	345
277	71
281	217
434	207
434	217
216	124
382	343
216	216
207	189
197	112
382	225
221	255
336	144
443	274
201	107
434	53
121	496
182	93
217	260
298	100
279	353
216	211
382	228
216	416
129	267
216	129
48	15
216	102
56	410
462	236
139	439
259	139
393	430
100	104
168	327
466	93
128	114
413	435
225	95
225	439
149	100
52	410
382	25
413	119
110	260
240	52
382	139
102	150
451	447
61	259
372	378
419	119
211	138
382	336
343	275
216	188
216	225
475	429
71	51
59	380
216	274
47	28
372	343
138	277
110	439
345	221
216	410
475	221
367	439
207	73
129	110
139	337
216	198
473	100
148	18
434	281
222	231
259	338
451	221
217	110
216	210
368	36
216	368
211	59
436	378
48	211
33	301
110	402
143	441
216	291
216	250
168	439
382	345
211	138
281	189
216	129
420	197
52	274
451	453
128	452
362	225
216	211
382	50
323	435
259	284
372	129
207	343
451	53
188	201
110	127
362	419
277	452
277	439
216	221
128	419
439	58
362	250
216	199
382	495
216	100
110	142
336	214
500	186
48	413
39	377
377	453
154	110
71	274
216	362
216	382
138	114
250	386
211	233
216	298
382	477
352	58
221	59
279	459
474	93
288	497
68	53
71	439
364	439
447	259
168	99
110	128
207	419
211	322
279	154
279	444
102	211
372	61
216	447
382	430
236	441
73	99
102	25
211	143
236	128
216	216
277	231
56	149
183	378
216	301
279	127
111	441
356	104
61	197
343	52
221	460
216	17
250	475
225	62
434	439
216	139
420	139
362	439
207	457
382	298
216	141
259	110
216	434
434	221
114	202
124	400
281	228
352	264
377	144
382	301
216	419
216	279
372	138
228	453
336	383
35	441
216	343
434	225
222	260
154	439
221	53
39	75
207	453
434	343
139	73
277	282
362	350
207	39
279	131
228	439
110	32
110	105
223	274
413	416
434	503
211	221
221	59
216	288
336	456
216	216
277	369
419	453
451	269
110	375
288	100
382	473
343	413
413	128
366	214
216	264
114	439
188	221
119	410
119	63
500	264
216	169
216	311
216	110
279	139
207	253
352	147
216	225
197	58
196	439
372	410
434	71
56	188
259	156
500	268
207	348
207	439
235	452
110	376
225	377
61	114
343	410
308	342
382	404
250	441
181	274
420	318
281	496
377	206
382	139
434	197
197	379
211	258
216	112
197	44
216	413
461	222
207	221
451	376
110	376
207	225
206	32
225	452
382	315
214	121
435	110
100	189
334	222
216	435
211	129
449	396
250	221
216	103
362	419
113	259
382	429
211	138
240	51
216	461
48	139
372	439
298	419
448	284
142	222
217	99
216	286
197	433
138	128
207	28
216	429
448	439
250	139
225	277
259	64
250	438
279	406
475	257
279	288
102	129
52	24
56	110
216	65
382	500
439	63
189	222
139	32
139	114
216	274
216	25
259	52
279	206
452	373
139	356
420	222
382	231
211	475
250	444
216	509
434	441
211	377
216	104
446	251
413	373
225	133
216	438
216	503
45	192
148	450
362	58
114	53
216	473
216	83
214	367
507	224
216	473
216	211
216	343
343	465
447	502
225	322
216	413
216	225
434	282
298	129
439	65
451	231
413	419
139	99
197	488
139	104
456	489
128	71
240	15
207	53
236	377
216	382
259	257
451	142
216	139
48	278
211	90
378	439
434	201
224	53
139	65
139	274
382	413
48	305
216	281
216	114
154	119
343	139
216	110
104	203
382	97
139	214
139	439
288	429
502	391
473	168
412	231
216	124
216	281
110	439
216	386
207	250
197	250
298	110
259	343
48	119
279	420
393	224
130	211
435	410
168	50
100	114
288	139
45	439
372	402
211	142
462	207
32	396
225	441
102	236
447	100
216	211
298	53
246	438
382	281
217	53
451	102
221	274
216	278
293	440
500	433
281	62
474	396
216	419
52	439
368	167
439	134
216	139
138	410
282	24
139	73
216	56
382	294
216	439
102	459
473	280
48	211
207	207
139	433
216	274
211	294
138	311
111	439
216	362
277	214
372	139
216	458
207	299
183	104
216	362
279	479
216	110
259	124
378	50
217	115
382	140
281	217
439	222
138	497
207	402
211	100
382	434
110	52
216	129
507	104
48	287
343	267
140	459
259	260
382	207
250	439
216	449
279	25
434	224
413	377
279	451
279	294
48	500
279	260
216	57
216	441
139	439
217	265
71	439
434	100
115	431
130	189
434	392
250	47
236	496
434	296
298	478
221	410
287	353
382	324
207	413
240	419
53	107
183	439
216	448
216	110
382	139
406	223
216	46
434	362
370	383
225	117
434	434
57	260
500	277
216	467
216	469
277	431
279	497
61	274
110	441
216	59
434	207
500	503
188	53
441	24
53	274
427	225
257	119
48	255
216	502
216	102
250	188
216	376
327	441
216	65
430	497
461	47
412	453
382	448
420	439
281	53
129	52
20	217
102	52
372	396
216	147
216	276
207	449
382	287
216	166
211	337
281	139
216	216
382	102
216	270
443	478
288	439
279	139
250	139
216	502
225	277
279	441
114	127
372	420
216	224
130	343
279	410
75	183
420	240
183	363
207	301
139	53
30	419
420	189
53	419
216	439
366	496
222	274
393	376
183	66
154	502
207	221
441	274
211	473
149	301
250	278
279	211
377	461
270	441
139	441
216	330
451	496
382	372
447	410
75	139
279	278
236	368
110	439
216	44
154	457
216	53
453	267
281	110
466	393
362	439
451	211
216	449
216	51
32	51
217	104
298	139
216	410
216	275
216	187
20	274
216	104
382	419
434	349
329	379
225	107
495	104
216	370
225	104
372	298
259	410
39	56
225	36
188	439
280	16
149	458
362	416
139	103
277	439
382	298
447	139
211	439
372	441
216	279
298	58
441	274
71	65
139	210
461	301
216	475
462	435
482	110
382	129
434	439
183	231
139	296
216	449
439	410
434	127
48	114
376	127
282	153
406	323
434	129
259	100
447	110
420	139
75	276
298	155
473	377
225	439
52	156
221	497
343	303
197	217
298	59
382	33
279	138
465	214
420	59
343	139
211	51
448	430
504	53
274	274
186	231
352	71
434	336
216	222
259	287
110	53
451	413
216	148
41	222
430	453
207	217
129	28
434	413
110	117
110	438
439	419
372	192
207	104
216	100
240	99
473	25
110	416
259	142
382	447
278	24
393	33
68	288
462	139
270	52
406	51
216	211
279	211
216	130
71	58
298	99
434	73
163	418
435	410
210	365
211	503
228	400
113	464
207	100
378	284
48	79
216	211
207	413
207	461
216	114
211	183
216	278
216	250
382	212
216	48
343	441
451	260
216	343
352	231
211	114
207	228
216	473
279	211
461	52
279	439
48	256
308	139
113	54
279	39
61	36
32	293
216	114
382	475
382	211
279	377
216	447
279	434
216	217
53	347
277	497
216	352
221	14
139	396
139	155
139	258
279	452
236	288
207	47
17	132
473	129
216	71
413	419
250	283
207	453
366	433
149	392
225	214
216	274
370	453
321	274
216	291
211	282
279	434
211	258
216	434
434	447
225	386
216	434
216	288
362	347
447	225
434	376
435	114
382	383
216	100
370	441
216	296
434	56
439	458
451	250
187	99
102	355
475	93
279	29
138	140
225	480
206	114
259	376
434	267
298	250
382	352
382	478
216	250
362	100
197	221
68	323
434	336
382	434
277	187
71	478
154	478
225	139
225	144
216	372
352	409
129	453
48	222
406	256
298	301
420	53
382	110
236	439
279	140
434	32
466	222
85	439
197	132
451	25
216	291
211	93
434	48
216	183
434	496
473	379
216	52
236	149
279	100
216	336
382	413
216	473
216	382
382	500
439	15
279	180
216	377
211	90
504	182
52	418
270	128
207	377
110	496
447	240
259	396
434	149
434	251
279	377
211	439
207	343
216	139
216	451
197	268
216	338
279	500
48	53
216	434
207	210
124	301
382	211
103	168
216	382
382	56
343	293
207	13
188	441
434	420
434	270
413	453
382	460
65	261
216	102
102	104
104	107
451	107
216	323
127	53
139	128
281	410
427	75
362	143
225	284
216	362
216	416
362	413
352	110
462	274
225	377
110	43
323	274
52	439
100	439
216	279
139	25
207	149
216	323
225	100
449	351
382	453
474	351
168	133
382	420
216	110
382	207
503	144
250	509
207	336
216	134
236	52
216	138
279	448
382	207
149	487
402	187
139	448
343	106
216	130
138	378
372	224
221	133
434	383
25	441
225	288
73	458
216	52
370	419
279	147
382	434
216	216
216	48
30	284
288	448
240	410
413	53
280	59
100	70
367	104
75	140
110	49
214	52
279	55
113	188
211	138
343	143
139	71
149	59
110	453
371	505
225	410
288	52
139	58
114	104
211	139
412	114
207	100
100	213
211	236
111	49
139	475
211	65
413	461
139	422
451	434
377	188
149	410
259	378
139	139
114	235
279	301
279	139
434	372
281	139
216	110
279	223
279	207
173	58
279	473
206	132
279	377
339	119
207	439
279	400
216	398
420	419
323	419
447	212
207	110
315	379
48	363
345	479
124	110
382	225
382	197
298	439
279	104
139	73
33	51
462	452
139	325
154	188
207	298
211	327
451	207
451	224
382	396
207	301
259	438
420	223
225	100
298	171
372	110
382	277
448	337
216	284
439	438
216	104
128	52
308	149
211	71
216	217
377	188
448	182
447	223
52	104
420	277
152	86
214	220
236	52
259	16
382	128
448	359
216	382
216	207
355	274
279	222
216	15
216	449
434	135
216	188
139	339
447	502
225	231
216	71
129	47
372	197
110	189
393	300
473	410
279	439
207	496
211	441
434	114
465	199
48	41
186	396
139	73
278	105
434	221
451	45
382	276
225	433
207	301
279	419
206	45
372	114
207	262
61	100
216	279
130	410
420	343
413	36
207	139
228	478
207	85
217	163
473	439
139	224
451	222
240	154
216	259
48	308
279	468
377	111
68	443
216	382
268	76
110	53
216	71
279	68
447	139
277	52
225	142
130	127
25	212
222	284
427	52
279	168
257	439
138	338
115	419
25	453
439	410
382	382
448	114
225	507
222	147
139	398
102	52
279	410
231	301
343	221
451	439
362	221
372	119
73	23
400	274
279	197
104	144
216	483
291	439
225	343
448	111
139	402
259	24
225	298
382	139
71	478
456	419
451	301
138	58
216	422
434	386
377	364
279	225
216	296
216	274
447	197
427	222
217	439
53	222
231	287
370	33
439	439
149	283
207	453
439	433
279	257
461	453
372	260
279	107
439	383
362	482
447	101
382	382
439	53
211	378
502	19
216	279
216	211
462	240
211	323
216	30
129	144
216	473
420	52
139	76
281	212
434	48
216	139
379	97
211	28
240	71
110	23
207	52
207	99
427	343
225	418
217	221
336	71
447	119
225	410
32	439
434	201
216	139
216	448
377	260
406	52
201	265
216	30
216	225
216	264
211	207
113	274
259	149
382	339
207	236
211	301
439	419
216	99
216	48
221	58
61	284
155	284
362	439
216	416
216	438
211	225
221	228
56	430
451	211
216	143
216	274
211	377
216	231
279	71
110	453
211	444
139	79
393	114
259	111
148	147
386	37
382	138
150	225
48	413
210	214
259	39
279	196
149	284
413	222
216	250
152	132
150	225
216	207
461	402
211	259
110	214
377	140
447	274
447	129
119	301
336	439
281	236
225	480
216	452
211	413
216	496
362	278
197	154
451	419
107	294
279	441
466	299
139	368
102	372
277	100
150	217
377	338
100	119
281	139
475	110
473	124
183	110
225	93
382	225
181	52
400	453
139	18
216	225
298	376
216	97
372	168
102	413
139	452
216	211
372	356
216	114
216	52
451	274
111	439
382	221
279	298
129	277
188	433
372	410
448	412
56	366
298	439
434	315
216	188
197	377
478	274
427	439
225	52
32	140
379	202
206	53
182	143
216	147
217	71
216	138
216	345
127	176
25	223
434	298
281	366
451	73
110	383
382	221
48	57
434	48
279	308
211	225
48	201
194	185
299	301
222	301
434	97
211	378
139	231
250	110
216	441
279	240
52	52
372	281
139	138
71	222
216	148
279	406
278	231
197	377
343	351
323	56
216	225
216	90
225	410
207	59
225	461
216	71
129	221
188	282
225	258
221	148
222	24
217	396
420	419
462	438
435	350
279	491
412	221
211	107
366	71
343	65
139	377
434	102
216	385
257	235
110	33
149	121
372	110
362	212
382	334
434	396
216	149
197	250
447	438
296	496
71	300
434	114
71	73
119	478
30	139
216	189
211	19
427	214
24	140
207	413
207	235
434	42
139	468
288	280
259	323
236	410
216	85
447	138
216	225
466	413
362	124
30	439
207	439
434	107
382	382
434	217
216	110
225	439
377	110
53	186
225	456
129	119
139	370
382	260
225	287
216	99
434	480
372	49
138	62
352	71
434	194
39	24
451	100
149	143
139	370
259	448
113	311
216	415
366	88
434	211
216	372
216	393
446	230
211	114
207	413
288	129
281	305
382	450
110	62
279	410
225	419
197	282
216	225
427	225
343	231
329	439
420	277
207	114
278	284
216	214
498	53
225	250
279	343
382	400
461	378
216	211
207	338
500	101
188	128
110	142
139	52
362	341
216	281
225	138
362	100
216	61
382	451
240	71
413	439
216	222
30	139
216	497
259	57
129	441
128	367
216	382
434	212
447	410
216	284
211	281
102	372
216	419
216	71
278	93
24	51
382	411
53	396
493	376
250	210
289	115
211	197
102	427
222	418
279	110
225	139
75	250
216	466
216	419
279	260
442	287
434	48
382	52
221	104
216	216
152	58
434	24
207	298
71	14
372	383
236	452
100	52
434	336
281	378
225	410
281	452
216	102
473	111
466	439
138	192
376	140
362	59
377	52
124	225
216	104
113	149
30	401
279	205
17	453
225	139
434	453
279	197
372	225
281	139
362	188
225	111
382	281
434	217
357	438
382	149
447	71
362	446
216	279
377	336
473	59
474	297
154	422
427	202
225	193
216	222
413	139
216	211
259	430
259	259
447	225
420	129
20	104
211	51
216	382
439	222
434	375
343	71
323	461
236	364
211	52
20	139
57	15
279	475
434	139
281	396
211	362
207	225
434	75
211	207
216	241
206	206
216	259
216	211
207	124
382	110
48	287
250	453
217	502
406	274
352	301
447	119
279	202
259	439
406	114
278	25
279	448
52	433
216	277
378	419
216	135
149	185
281	149
211	139
139	15
48	207
216	211
217	107
349	143
71	293
447	59
197	240
382	278
372	25
138	441
211	51
224	104
434	207
30	140
211	343
207	411
225	217
216	439
110	443
451	102
225	345
216	413
451	441
216	343
221	452
473	129
216	345
216	473
207	475
224	201
279	274
447	139
61	250
406	149
102	211
225	210
466	298
93	439
362	34
420	441
448	478
139	291
451	225
225	379
211	259
474	439
439	76
216	208
382	433
280	93
413	419
197	114
216	130
224	212
221	51
279	225
207	362
427	502
102	251
197	188
75	282
382	207
139	119
453	9
372	106
86	410
439	383
259	257
236	406
250	111
139	138
216	378
451	419
110	284
217	257
211	149
216	281
48	439
413	495
48	225
493	441
211	110
216	360
211	225
343	291
100	411
216	113
211	274
216	53
216	52
75	71
447	277
216	71
211	449
216	438
52	419
216	41
449	444
197	419
216	412
53	419
111	222
189	140
434	434
52	119
298	430
225	110
298	299
216	434
236	260
279	139
216	313
17	445
447	286
216	400
225	448
216	434
419	453
434	299
216	279
216	236
221	419
207	217
500	214
10	142
24	433
277	90
110	115
102	207
211	51
451	434
282	439
100	52
207	197
149	441
250	71
434	201
420	425
447	104
216	211
110	223
217	497
216	216
240	256
102	323
362	448
216	222
216	52
127	185
216	135
420	452
225	138
216	66
427	139
258	52
382	474
139	163
216	504
216	279
352	148
259	410
281	400
410	246
217	99
56	149
211	413
382	237
86	316
372	277
201	222
451	129
457	222
382	382
129	53
197	439
139	441
362	39
451	44
461	439
130	419
377	100
279	379
216	378
39	221
197	225
434	479
85	379
372	343
124	59
207	277
110	391
207	250
48	231
216	48
119	396
495	441
216	315
47	418
197	110
236	188
104	143
282	286
211	211
48	298
420	231
75	129
211	413
183	104
207	511
216	441
413	138
236	155
413	437
52	233
225	410
434	138
102	413
362	308
110	110
216	326
281	222
110	501
279	434
236	277
139	73
473	189
207	236
216	382
343	138
110	439
236	282
434	192
68	448
222	419
382	58
216	18
197	128
475	114
207	376
460	439
225	439
225	421
20	104
382	434
216	447
343	458
216	230
45	453
139	110
434	221
216	124
41	416
114	141
216	104
500	460
207	270
207	410
211	225
382	511
382	221
434	110
216	257
216	169
211	34
154	458
139	416
211	207
434	400
216	168
211	111
53	164
149	441
439	405
434	102
216	279
100	212
138	438
279	434
382	86
207	129
413	114
39	225
216	434
216	53
434	413
216	383
382	345
225	277
451	419
216	139
382	207
110	24
216	349
343	383
447	107
211	362
382	93
279	211
451	217
434	225
115	53
216	183
250	47
211	128
413	99
30	228
382	420
323	296
288	410
48	221
211	343
188	316
100	262
207	139
216	353
110	221
236	139
216	126
225	146
197	221
207	217
345	393
216	48
188	325
216	100
216	221
216	298
413	34
216	207
211	139
236	453
56	277
352	20
211	110
382	31
216	50
396	208
71	284
138	419
434	110
197	197
216	362
225	260
448	110
447	188
211	441
48	100
236	291
206	438
216	102
216	110
216	362
154	439
129	400
288	128
217	400
183	407
378	441
139	140
30	18
53	140
216	225
70	441
139	104
323	221
216	48
129	438
216	37
207	217
216	207
197	33
500	93
281	362
451	156
216	52
420	86
298	222
225	301
225	343
216	447
216	211
207	255
110	441
129	438
370	316
434	206
420	114
216	279
100	274
39	139
207	119
382	479
410	227
420	217
149	222
207	433
279	104
75	154
188	221
224	220
216	217
441	33
434	343
110	479
216	216
298	56
413	126
296	453
110	439
129	71
48	53
451	449
207	188
216	48
270	181
500	222
448	37
207	402
268	140
279	228
197	208
207	110
71	52
382	53
288	142
216	216
73	99
413	110
10	277
279	447
451	434
216	382
413	52
372	343
201	33
279	461
343	274
382	104
362	236
336	114
362	71
441	396
435	439
462	277
93	255
149	233
343	439
298	107
362	52
382	53
216	32
216	500
20	393
211	183
281	255
236	458
216	221
139	53
251	260
447	413
130	413
352	107
216	208
139	202
102	377
259	410
279	28
263	287
500	139
114	419
48	362
216	149
216	456
382	439
259	18
451	443
30	419
216	382
298	14
102	274
349	301
279	124
259	214
110	424
128	487
216	377
358	24
279	451
149	282
451	419
343	343
207	410
279	287
216	211
298	56
102	214
447	168
406	146
221	439
420	284
139	439
434	127
462	438
447	461
216	149
211	383
434	114
418	83
100	51
113	461
250	478
225	379
279	281
447	128
216	206
279	51
377	53
154	110
473	119
207	66
100	111
216	448
473	250
343	475
434	462
216	362
216	274
39	448
216	462
343	107
216	125
216	217
279	32
279	140
343	139
281	217
216	129
129	147
382	71
216	279
216	279
382	274
434	114
439	274
53	140
95	0
281	439
207	187
216	410
352	168
110	4
216	86
100	71
236	188
48	419
236	264
216	181
372	225
207	221
298	138
443	24
259	110
154	439
462	181
434	110
447	267
225	228
434	496
308	291
46	222
139	93
451	104
420	221
197	142
102	255
434	440
382	505
441	508
382	59
197	107
61	110
413	441
142	511
207	308
192	51
372	274
48	119
216	268
279	138
448	439
225	377
207	429
451	500
211	383
113	197
52	274
279	413
217	56
173	439
48	221
139	438
279	48
448	439
139	57
139	206
274	43
216	135
114	59
100	53
377	376
279	207
216	207
48	211
434	110
434	240
406	441
259	139
188	460
434	207
439	275
111	274
149	125
447	343
216	279
214	440
216	282
142	53
216	229
138	378
148	32
427	260
216	284
216	296
279	396
382	259
420	139
110	383
113	52
396	453
216	71
110	182
412	396
434	281
382	211
217	450
129	212
270	33
30	419
250	110
343	65
171	144
139	139
281	187
406	448
139	439
366	311
434	207
382	139
216	279
216	377
216	274
55	59
336	114
139	71
163	257
362	422
114	178
207	222
382	336
6	201
323	311
225	456
216	434
372	274
362	420
279	225
270	373
420	119
434	148
281	221
259	439
216	475
382	71
216	225
250	435
216	206
406	250
434	439
110	375
236	496
216	188
110	99
183	141
216	279
259	448
461	135
225	149
279	129
216	110
427	110
382	236
25	401
396	185
279	439
100	439
372	20
216	402
126	33
277	235
102	267
216	139
343	53
56	482
216	211
484	104
420	278
225	433
225	100
100	71
216	207
207	444
130	452
500	419
101	233
236	56
382	138
270	412
110	104
308	396
207	206
382	71
475	478
447	413
257	433
240	52
189	453
216	47
207	255
216	221
113	487
382	461
443	337
216	260
216	97
207	250
461	442
298	419
216	93
225	343
216	150
216	149
211	496
279	139
154	172
100	419
216	221
225	446
207	450
216	221
447	201
113	71
216	130
308	217
139	278
382	393
282	379
211	298
129	439
382	139
323	277
279	505
130	262
259	221
102	439
250	410
207	207
462	139
216	185
362	274
188	341
281	236
216	277
236	450
110	71
197	110
110	97
217	461
114	222
378	496
138	64
279	259
382	53
216	453
139	383
502	114
250	99
216	138
216	52
434	52
139	339
240	56
434	111
281	447
211	412
282	189
100	52
30	105
240	97
250	320
216	139
197	149
434	128
462	377
279	66
189	456
434	462
221	228
420	34
216	259
447	377
216	207
255	269
217	53
461	149
225	500
71	364
143	58
216	168
39	59
434	225
139	33
210	438
451	463
349	442
420	110
434	439
211	420
110	72
434	188
216	225
139	228
288	439
419	186
216	71
382	19
427	439
228	135
409	439
48	416
378	396
417	15
216	77
279	434
279	343
236	383
447	245
502	441
210	110
30	188
183	214
434	107
362	110
212	374
225	393
221	59
197	501
93	419
211	377
447	99
216	323
372	207
449	71
207	25
473	139
382	259
448	400
370	502
197	441
451	25
130	114
298	142
75	25
207	439
336	286
448	140
216	125
217	282
250	240
211	418
451	48
148	73
207	140
75	148
102	149
439	438
419	231
279	110
413	357
216	338
413	410
279	53
475	419
230	481
345	71
240	349
216	439
159	439
216	478
211	274
225	343
211	207
189	410
216	228
308	287
221	142
372	490
298	439
279	452
434	107
216	110
216	110
279	207
439	375
279	71
128	325
259	182
207	500
225	453
66	198
222	262
362	110
197	187
323	453
149	282
217	502
113	439
447	24
279	478
216	462
211	181
188	222
343	475
259	277
279	459
138	135
206	439
362	110
216	279
270	155
207	464
110	325
48	53
110	100
420	97
259	453
211	448
28	433
434	53
207	114
102	378
110	114
207	456
448	148
451	413
216	473
434	258
441	410
216	221
500	148
149	128
434	274
221	146
104	351
216	58
451	14
434	143
58	253
461	149
216	434
74	438
382	453
236	206
356	49
240	183
225	186
288	439
100	439
48	296
216	110
39	439
216	225
382	139
434	128
149	366
439	453
216	487
462	149
216	138
216	439
434	217
225	406
139	52
216	225
4	3
100	71
216	325
216	336
216	439
139	221
216	288
451	278
462	90
211	139
409	439
58	199
207	142
39	139
434	30
207	221
413	379
211	225
216	298
280	143
382	104
32	363
288	217
216	323
129	110
183	222
231	383
139	305
139	138
396	37
207	259
420	343
448	201
110	51
279	439
216	221
102	127
216	159
48	353
449	99
216	138
406	110
288	476
231	396
216	362
139	280
382	14
279	11
268	107
217	296
473	161
211	224
100	365
279	52
343	100
13	497
382	364
216	211
211	287
207	207
402	439
447	420
102	410
279	110
197	418
250	104
216	221
435	110
189	143
139	475
435	129
298	463
447	438
336	167
434	419
216	419
465	410
434	187
382	274
139	235
216	124
102	139
420	448
206	138
207	419
362	225
52	246
197	217
352	274
434	336
434	345
139	221
71	59
270	413
48	127
215	509
475	71
207	217
225	236
207	139
225	104
225	410
240	366
448	114
382	279
336	133
138	143
211	138
216	475
382	461
430	415
288	323
216	433
382	76
448	71
270	222
376	100
216	34
482	53
343	188
462	223
110	222
211	439
500	85
420	15
139	139
149	50
281	410
236	104
10	135
279	419
138	231
216	217
211	138
207	457
216	365
48	188
413	413
362	110
473	222
206	238
413	139
216	134
500	129
507	110
56	206
216	299
139	373
439	365
439	439
93	441
216	104
225	221
110	114
259	298
188	350
434	413
298	32
236	271
183	114
434	224
228	496
216	225
147	496
142	9
110	496
382	149
139	441
434	435
139	221
102	429
110	110
473	104
207	111
308	139
149	441
448	110
52	222
93	53
308	146
225	391
382	382
217	114
217	411
216	143
343	287
75	100
376	23
48	420
188	373
110	338
211	225
61	183
111	410
216	85
93	453
216	107
207	197
207	378
212	383
102	129
216	453
217	104
217	453
150	274
139	71
216	225
216	371
225	53
168	99
217	311
413	110
188	99
39	99
362	296
216	447
216	196
155	133
100	189
102	439
211	146
211	217
434	104
139	100
207	420
362	139
216	427
382	420
420	418
216	15
207	231
73	255
413	139
382	105
150	383
197	225
362	441
216	102
225	52
207	444
447	207
216	386
225	419
216	250
211	277
216	251
225	448
345	430
228	396
188	439
12	419
413	53
110	222
279	330
154	52
216	113
211	39
240	138
236	441
236	449
18	453
377	453
207	432
100	371
376	100
277	189
434	183
270	73
125	65
211	32
434	298
434	211
231	453
216	435
207	207
216	24
225	183
448	110
138	410
288	110
473	504
281	168
447	453
473	298
216	103
279	101
207	175
225	441
298	489
25	37
451	449
30	104
207	138
298	413
377	452
378	187
362	282
279	228
434	155
377	129
201	419
216	100
323	439
211	221
257	438
216	149
216	216
110	453
236	301
225	110
382	135
225	53
113	202
434	148
279	212
418	208
206	277
102	33
211	225
212	208
20	221
282	140
110	33
56	189
377	100
362	446
279	154
434	197
139	274
370	376
376	143
277	53
382	207
207	62
362	284
200	496
211	447
216	367
216	461
207	453
17	419
211	453
345	308
110	469
500	413
372	139
475	439
221	496
473	392
216	259
128	143
216	53
110	376
207	400
225	241
216	439
216	216
114	173
434	362
461	439
379	419
100	405
461	410
211	217
73	53
216	236
279	73
216	154
382	463
171	377
48	441
298	231
447	343
382	439
216	382
30	119
114	339
201	213
216	277
188	134
382	113
279	449
216	278
216	216
216	147
225	383
197	75
435	260
30	274
434	449
71	400
102	264
117	383
217	300
382	222
413	419
453	496
103	441
382	103
24	96
448	271
298	24
279	459
434	127
480	458
439	410
225	154
211	139
68	139
225	282
225	42
502	439
216	216
129	4
281	75
102	75
281	352
277	439
430	496
451	274
206	439
207	262
448	107
434	33
216	453
362	277
211	26
240	110
23	363
139	129
237	145
216	372
216	53
216	61
216	382
413	441
41	413
216	173
279	372
216	279
216	142
507	224
71	477
435	277
48	149
102	114
279	139
216	225
211	207
139	296
149	187
216	223
207	250
149	110
216	138
279	15
225	453
382	296
216	413
372	294
447	288
149	383
216	411
216	427
382	104
92	496
434	413
48	208
216	382
382	420
447	301
216	51
207	75
47	143
462	438
39	435
138	285
451	461
225	231
168	110
434	211
35	410
207	236
139	441
110	496
327	439
225	496
207	149
216	420
259	439
447	197
216	128
166	433
216	212
352	429
225	71
277	355
222	379
192	174
138	305
139	278
343	214
216	73
188	111
217	370
382	233
279	154
150	453
379	99
139	202
280	52
71	285
75	217
216	503
225	413
212	44
336	349
352	57
451	259
216	149
56	453
278	458
102	111
48	104
149	235
277	119
343	339
197	104
259	197
308	393
211	420
279	419
259	66
142	28
288	138
17	444
139	110
216	262
259	222
434	225
236	439
211	225
216	259
382	174
362	221
100	438
434	377
207	274
336	222
420	419
308	188
475	183
434	126
413	110
278	185
382	434
211	139
225	148
235	287
475	25
448	441
225	175
336	284
447	439
352	188
216	211
225	441
216	338
216	216
362	386
216	53
114	93
434	463
225	76
434	225
236	439
225	206
211	225
434	453
435	410
434	52
282	441
102	231
348	274
382	114
41	139
225	487
298	138
211	127
183	296
382	139
216	435
434	245
225	439
216	453
352	433
277	222
343	296
382	114
216	377
129	223
362	446
406	396
460	419
372	419
447	221
163	430
382	345
270	441
216	398
279	211
279	396
197	500
216	104
473	138
188	410
100	222
443	257
216	434
296	453
216	379
216	383
114	66
48	439
71	28
216	418
352	139
473	41
149	100
216	279
343	500
473	496
434	296
462	189
149	316
507	222
225	441
211	439
216	439
327	71
211	140
207	287
222	49
393	93
216	441
345	441
279	114
279	439
382	439
434	51
434	110
216	236
216	222
207	217
413	114
250	84
345	51
451	95
138	410
188	25
451	396
382	30
154	53
110	441
382	221
53	344
382	149
216	411
451	456
406	410
207	24
277	24
231	305
71	419
434	502
441	97
139	439
451	458
207	465
183	46
71	440
376	93
102	443
48	422
382	259
334	439
119	430
279	117
288	51
139	285
71	25
216	294
281	237
212	433
434	224
382	491
434	211
211	139
460	439
188	53
110	138
48	207
143	422
279	32
336	142
298	138
216	139
216	462
211	129
211	447
275	432
434	259
410	452
216	56
217	178
138	410
102	139
427	406
462	207
188	71
372	225
51	107
48	225
207	421
30	110
211	236
207	139
236	6
216	223
113	274
48	225
129	379
216	110
413	134
279	225
139	149
225	217
298	274
188	311
139	143
207	377
95	29
216	58
372	19
308	110
323	81
139	224
225	453
102	419
377	378
240	377
448	376
377	478
427	115
279	236
150	192
149	274
102	372
138	53
216	281
279	439
207	124
279	372
216	434
216	154
225	376
259	71
216	504
250	143
231	458
207	418
447	439
217	369
439	33
377	110
439	305
139	201
447	373
362	250
419	410
225	277
216	222
149	439
207	236
143	433
152	448
298	439
211	362
139	241
95	396
225	440
139	478
113	129
139	104
210	410
216	216
216	104
434	139
413	278
259	448
207	65
197	33
188	148
211	93
211	14
439	459
240	129
201	242
462	363
466	139
343	221
207	420
434	214
382	434
438	23
14	439
216	52
214	301
197	277
52	231
53	267
279	279
427	139
323	448
114	119
71	36
362	73
372	33
110	14
382	352
211	114
48	90
216	362
279	364
163	439
439	496
382	496
366	53
207	439
279	59
216	362
110	114
216	222
362	375
216	439
111	90
315	139
259	430
281	466
323	370
421	228
343	435
362	236
139	110
216	343
216	493
211	207
370	110
439	439
281	391
211	225
32	287
211	30
110	51
372	274
441	444
71	104
345	129
382	183
110	400
473	280
129	183
216	301
216	174
211	129
279	279
279	146
221	133
225	138
216	25
17	76
420	110
377	410
377	53
216	460
19	346
413	377
434	4
443	212
382	25
216	139
236	208
434	377
216	114
216	453
372	47
216	139
277	300
216	343
216	216
130	377
221	368
279	391
211	406
216	439
451	211
27	24
216	110
216	382
110	487
343	143
434	452
473	439
236	375
110	138
168	208
443	71
216	433
420	284
100	286
278	76
434	225
216	119
216	369
48	127
211	250
216	449
216	376
434	138
113	112
197	208
439	53
382	286
225	149
413	305
236	452
438	363
171	217
169	185
352	500
274	497
225	140
503	274
264	433
207	296
279	442
216	128
100	439
451	458
143	274
183	110
207	129
75	429
434	139
225	236
113	396
250	139
216	24
188	100
216	211
73	52
217	187
149	222
211	378
207	129
52	202
382	500
382	58
154	274
139	504
39	231
216	100
216	279
111	322
139	149
216	279
216	259
216	110
206	18
197	100
158	411
216	419
211	189
370	468
30	410
48	211
188	189
216	457
30	396
188	245
216	382
281	362
413	99
237	419
277	438
279	434
48	207
138	438
216	110
138	489
216	382
377	49
377	461
279	138
364	202
211	277
216	102
343	154
110	25
102	221
216	217
201	99
139	378
217	324
225	103
129	460
382	197
211	278
48	45
216	334
217	422
110	110
216	211
52	369
207	298
434	71
30	439
139	50
207	149
216	250
382	478
189	58
447	207
216	25
216	377
197	443
100	242
441	453
211	477
216	51
188	274
434	154
149	477
139	271
434	59
110	508
451	197
102	129
102	197
279	129
57	104
370	29
216	51
434	61
139	148
47	133
110	418
124	119
216	448
139	149
130	473
382	363
216	228
149	53
365	274
34	222
110	110
288	274
279	211
221	453
216	217
237	51
225	439
216	500
216	327
216	419
216	462
39	225
110	296
451	264
270	104
451	311
211	225
211	496
207	225
114	28
216	434
448	504
216	452
298	238
382	458
216	211
188	274
279	453
216	216
270	107
434	420
382	419
139	418
288	277
376	450
102	439
216	274
298	168
502	143
225	51
216	221
221	14
221	441
378	143
100	107
371	262
372	453
48	496
308	100
129	449
343	129
343	323
102	308
216	216
207	45
250	77
258	441
434	32
188	33
113	114
95	138
110	410
345	222
225	149
112	65
207	410
188	452
250	461
434	453
288	373
482	221
216	71
382	225
462	259
113	188
382	439
216	121
114	453
298	378
217	430
211	30
434	212
216	421
447	53
216	211
216	110
53	441
216	143
406	129
207	45
250	62
161	188
53	444
216	382
207	419
216	216
216	99
308	400
343	212
462	284
207	24
138	143
216	413
282	419
207	448
372	71
110	433
211	112
434	51
434	236
211	274
288	217
462	482
362	169
314	104
288	374
434	207
434	406
216	222
216	36
124	225
279	31
210	203
48	188
211	379
382	308
216	451
250	448
48	435
216	39
138	506
279	372
224	439
45	212
382	382
20	260
279	149
352	129
279	207
225	104
104	192
39	400
410	49
211	439
216	447
216	439
382	496
216	211
207	379
221	65
277	2
216	421
382	410
473	139
225	138
211	139
61	228
211	400
279	48
323	90
48	274
482	450
427	114
216	162
149	110
216	284
130	149
139	349
372	439
279	197
277	410
216	76
216	211
94	110
281	207
216	279
439	303
279	207
434	110
279	274
377	452
250	201
225	163
149	511
427	496
434	114
225	110
382	448
133	44
124	422
216	434
282	419
169	231
382	372
216	352
343	376
207	53
377	375
207	110
315	277
211	339
102	462
30	443
139	433
279	420
181	250
61	379
214	497
133	301
216	289
197	225
439	99
434	260
279	282
113	222
216	345
225	494
197	439
216	105
220	33
461	104
367	32
225	125
48	211
279	138
377	104
278	134
183	231
114	441
216	277
216	149
447	500
207	212
48	110
278	402
447	453
201	52
216	298
323	114
110	359
500	497
279	53
388	396
392	410
443	367
377	377
53	66
216	388
343	284
236	53
207	433
391	275
434	287
207	71
315	71
211	420
8	164
434	223
216	447
216	142
216	110
250	240
451	433
221	439
500	449
434	436
225	139
435	110
216	139
448	438
462	411
216	53
439	267
216	211
281	406
206	58
197	225
225	222
362	142
216	211
502	19
216	382
279	343
362	75
343	439
206	221
216	211
382	303
52	419
216	51
216	287
211	305
279	149
138	90
382	500
52	246
110	212
154	132
279	28
207	240
71	256
279	345
382	225
323	53
217	56
48	383
216	8
216	139
377	435
207	97
443	231
216	138
48	413
207	225
298	439
279	130
207	30
449	410
216	59
434	478
434	146
382	279
250	58
129	257
376	419
216	275
52	80
214	379
139	504
25	396
382	434
207	502
216	114
451	281
183	52
225	129
362	138
130	127
443	214
216	56
334	148
434	362
19	415
216	222
259	379
216	362
216	139
236	194
216	225
280	502
207	225
447	439
216	119
47	419
41	225
250	110
71	98
281	188
315	224
216	207
370	441
216	434
111	439
130	225
451	294
225	217
171	29
197	260
216	422
48	391
216	362
217	391
279	233
61	250
439	301
216	419
236	448
102	129
216	259
102	260
110	452
279	363
110	368
216	132
277	311
372	259
216	197
413	291
451	278
313	301
382	439
279	207
197	149
216	497
279	430
382	456
139	378
139	311
434	287
51	305
129	105
323	418
102	447
434	52
53	379
334	206
279	196
216	433
270	439
448	416
187	453
366	110
281	52
68	129
207	222
372	138
434	479
475	452
443	59
434	110
279	71
110	458
216	196
124	236
382	492
281	206
377	71
216	110
225	36
139	110
216	225
56	368
216	337
216	65
100	419
225	441
189	143
434	453
225	56
207	53
216	163
493	383
216	430
139	110
75	128
216	45
250	188
207	475
298	430
250	439
382	458
439	104
378	4
216	211
130	309
382	467
162	52
216	268
279	110
6	143
139	111
382	211
216	439
225	110
298	461
207	419
39	188
413	383
129	15
216	13
221	104
216	115
377	257
159	92
216	275
52	90
216	110
138	117
216	110
217	448
339	439
372	52
281	103
451	475
211	189
216	362
236	96
434	139
377	260
216	236
336	234
216	217
216	301
216	210
102	453
372	280
372	110
507	337
343	149
102	144
362	406
216	378
250	110
32	439
207	400
277	438
211	118
336	168
380	496
129	210
364	439
434	253
75	439
211	438
216	473
279	188
216	121
216	439
345	411
197	367
224	194
382	217
225	377
110	100
216	214
378	167
434	211
216	211
25	140
216	308
194	410
114	192
277	58
451	420
207	284
225	135
211	118
216	275
279	201
216	131
216	410
225	277
420	225
201	104
382	104
281	121
268	497
382	129
446	379
110	439
168	296
434	112
420	502
451	430
279	343
281	110
225	236
382	439
216	268
447	107
447	129
211	250
216	443
181	377
32	284
216	221
382	475
216	439
216	427
382	211
216	110
216	382
216	281
308	138
119	15
211	281
216	372
282	65
48	119
216	53
308	474
279	410
138	32
410	186
461	6
279	211
216	139
315	103
336	474
216	371
343	75
434	102
75	222
216	211
279	366
216	51
448	456
216	287
197	210
406	412
434	211
281	207
216	207
382	211
250	142
207	128
282	189
434	225
279	434
279	211
129	441
279	377
130	231
279	102
48	104
439	117
216	334
216	53
124	104
453	383
434	420
225	25
188	100
216	76
221	338
225	419
279	231
139	149
225	250
129	336
279	257
447	410
188	66
225	508
279	25
352	439
216	24
139	448
216	422
443	114
110	53
138	459
377	439
434	110
92	107
462	207
211	71
211	139
216	268
250	441
240	278
211	118
225	240
250	296
216	139
372	433
279	447
502	53
154	143
216	221
197	474
270	448
221	53
221	396
447	365
211	225
279	127
372	410
207	139
281	128
211	207
382	207
207	277
382	206
439	119
139	277
216	343
216	139
278	325
413	236
336	114
372	372
65	301
75	440
216	66
259	236
216	221
250	354
434	59
224	53
216	216
216	236
382	435
410	478
447	448
188	505
113	448
216	410
149	400
288	439
357	111
500	461
382	287
281	453
53	28
231	424
124	251
52	140
216	362
216	281
110	441
250	419
207	274
139	103
74	107
221	58
413	453
149	53
279	114
259	225
439	202
216	441
211	378
149	277
100	478
372	228
465	261
434	207
447	378
56	439
139	277
216	211
279	345
382	343
216	259
102	377
110	256
382	221
473	177
343	504
206	183
448	105
102	139
240	396
268	261
211	496
197	19
382	298
188	284
216	502
377	148
279	281
279	473
211	114
216	296
207	225
279	434
211	365
451	99
149	24
197	110
138	422
420	100
250	430
154	147
207	458
438	487
323	441
277	342
281	149
207	364
216	473
382	327
349	439
382	284
217	419
71	274
279	353
270	225
216	207
240	59
434	410
421	439
393	284
139	143
439	51
216	413
393	422
279	110
216	282
382	3
48	376
110	474
259	155
216	441
366	274
474	439
382	139
434	150
473	278
279	44
448	110
462	138
211	110
207	327
207	110
336	378
216	24
382	410
216	434
216	479
206	221
52	459
434	225
216	119
26	255
259	22
216	462
211	143
343	182
447	277
451	362
236	129
222	438
412	410
139	452
216	211
48	270
129	71
216	422
41	104
211	147
207	105
451	502
216	110
372	214
110	376
420	298
502	143
149	379
507	183
434	277
420	110
211	225
102	138
277	478
225	104
434	250
434	358
216	216
435	18
345	188
451	433
281	141
216	451
434	129
110	453
225	377
129	18
376	287
377	76
362	104
382	188
211	462
61	278
61	240
377	143
298	37
236	251
32	107
225	221
100	487
279	217
382	18
114	62
211	65
413	439
268	379
334	42
138	201
216	413
258	71
382	74
216	52
59	104
216	113
104	410
216	24
75	110
259	298
366	76
216	206
362	39
48	37
113	139
75	58
279	410
216	104
250	35
420	110
217	422
39	393
434	48
216	65
216	53
211	110
434	52
216	216
183	504
370	206
216	211
10	356
279	451
225	465
207	369
30	438
281	53
250	142
183	275
207	419
216	445
216	496
447	71
274	423
225	418
114	93
225	377
382	110
216	250
221	186
259	110
434	439
207	343
382	240
270	443
225	441
201	363
362	497
211	281
216	110
447	439
382	102
211	422
434	28
434	288
224	430
211	277
197	217
222	453
446	442
279	367
262	487
434	377
85	210
139	461
207	139
52	441
216	86
370	363
139	210
183	402
259	100
207	129
48	201
216	216
211	259
434	93
110	222
139	439
382	104
207	139
420	453
434	221
207	291
462	439
138	478
451	281
48	61
216	434
197	377
382	281
382	240
48	207
207	236
143	452
382	443
216	441
413	282
61	197
216	264
259	378
279	258
216	169
139	212
434	211
207	183
299	119
216	377
211	281
110	53
211	110
221	496
225	131
104	415
279	140
216	270
14	410
447	129
453	28
281	110
240	149
393	50
281	33
129	441
48	453
207	298
217	383
288	449
435	110
448	189
197	221
503	158
207	104
183	231
270	448
139	34
420	461
366	274
236	114
279	439
279	439
434	139
372	149
138	104
168	53
443	100
250	379
207	214
142	305
382	377
447	189
207	110
216	448
236	366
457	496
225	274
93	316
406	433
48	277
189	104
129	373
420	294
250	100
61	217
39	264
216	298
211	143
228	53
216	25
197	204
71	396
207	129
138	469
279	224
279	451
216	413
270	225
216	188
139	305
376	274
70	444
30	62
61	410
216	138
480	110
466	255
216	56
367	441
183	274
420	277
206	396
216	347
221	18
413	396
207	376
217	373
376	104
207	338
211	61
189	32
216	413
500	221
216	188
466	296
434	206
420	197
430	260
114	114
56	439
427	79
216	451
216	415
102	148
207	225
413	373
216	438
434	291
406	439
139	100
138	282
217	405
378	441
73	104
138	430
139	257
207	139
216	420
413	53
114	52
434	327
110	456
451	377
110	51
315	217
279	48
138	378
207	402
382	277
102	211
382	410
211	342
281	202
225	100
216	357
323	221
139	430
216	365
279	499
216	236
225	503
382	439
382	472
139	377
281	149
225	439
48	41
139	268
75	148
110	449
110	105
211	41
217	287
420	222
434	52
216	298
382	188
216	470
10	495
343	168
216	216
216	374
413	237
216	438
197	502
207	502
448	163
225	377
139	129
279	433
216	439
448	439
296	453
127	419
207	287
99	144
434	139
382	129
447	505
216	197
207	221
439	58
447	345
406	443
216	24
207	426
298	296
211	238
448	426
420	149
110	410
217	448
427	114
382	102
216	410
71	293
343	222
277	402
279	434
372	139
345	366
30	439
207	258
139	214
382	211
207	217
379	51
197	288
216	419
298	453
279	128
197	379
308	366
216	309
255	439
216	402
110	438
48	439
207	110
216	39
30	301
435	419
362	478
110	373
139	377
216	59
207	461
449	111
216	139
201	359
216	216
216	207
216	147
362	30
279	441
216	225
448	52
216	343
279	259
475	439
434	154
216	225
448	438
221	73
259	25
104	90
216	183
377	439
216	377
216	212
211	439
114	155
451	497
434	225
207	71
207	250
279	236
216	100
39	439
262	453
110	368
362	86
434	104
288	448
216	410
447	217
382	250
139	217
110	229
216	44
216	480
268	58
48	281
279	210
211	480
443	127
68	71
382	53
228	452
211	225
95	114
102	482
33	438
216	214
139	439
277	458
451	356
475	410
270	222
288	412
216	372
100	14
100	33
216	439
225	183
362	475
413	189
382	279
129	433
216	139
197	439
277	439
217	336
202	43
130	197
216	441
382	25
279	139
211	231
39	143
75	71
321	208
216	378
434	476
207	207
413	52
207	478
211	323
149	222
500	383
129	274
216	413
139	433
216	207
216	411
149	127
434	70
362	20
343	377
447	406
207	149
138	410
207	149
372	250
207	24
212	419
139	105
281	114
382	104
211	217
216	382
382	456
393	7
500	458
52	439
298	419
216	336
188	86
221	222
236	107
413	214
207	39
352	149
366	245
364	439
139	139
451	211
225	229
279	439
367	257
466	52
216	365
110	71
427	51
236	311
356	141
447	225
207	217
102	71
221	133
86	365
6	114
216	274
139	441
216	99
207	257
434	225
279	72
372	49
382	496
216	221
216	142
216	30
155	339
216	415
259	461
380	509
30	110
102	85
48	240
447	430
211	211
225	154
216	362
25	284
448	442
372	439
48	228
449	100
372	410
298	71
447	323
343	331
382	150
401	122
207	33
207	24
203	107
216	345
371	429
197	71
100	479
502	282
207	410
110	36
130	504
197	439
216	207
216	479
102	376
211	32
225	240
448	439
139	52
216	240
449	212
102	168
315	111
207	507
278	277
110	140
382	110
352	149
110	439
277	214
279	439
216	114
225	148
71	132
259	52
20	110
279	222
281	164
376	282
139	410
216	217
236	229
413	154
382	48
188	110
259	139
419	184
216	10
291	91
382	240
406	110
129	363
382	107
448	274
362	250
102	393
236	217
129	140
211	114
216	184
216	410
473	104
216	462
434	129
434	473
453	66
427	305
52	220
448	154
225	139
197	378
207	489
216	197
130	113
48	458
441	50
110	143
473	139
382	496
216	49
298	459
216	139
280	99
75	250
216	443
142	222
216	447
216	216
377	114
257	430
427	419
210	478
434	413
216	211
211	281
410	453
216	265
458	458
225	448
138	383
210	277
434	452
216	283
216	287
216	222
236	110
411	107
189	80
473	276
410	489
139	277
420	284
100	459
434	111
279	419
216	216
279	222
277	453
124	189
500	277
221	449
434	110
73	439
343	139
216	377
101	274
448	202
216	439
343	142
216	206
279	430
216	216
216	352
279	48
447	291
48	296
189	438
216	279
259	53
372	139
24	107
482	410
329	410
462	71
216	448
413	217
434	441
138	49
225	128
224	439
448	253
216	257
377	443
10	142
216	378
216	236
278	296
456	453
225	25
225	110
240	28
323	220
434	238
279	22
216	114
259	59
216	207
500	217
434	71
211	111
216	107
376	71
25	497
188	93
250	284
216	439
250	110
211	149
216	461
169	378
259	284
362	406
143	223
279	439
236	419
382	207
139	222
216	61
382	415
216	99
206	313
216	128
323	274
448	117
119	496
110	453
434	211
32	222
413	410
216	259
308	10
382	382
502	104
139	188
225	350
202	438
421	221
110	106
299	277
149	188
279	250
448	305
102	47
129	138
48	53
216	382
216	48
168	163
216	439
191	416
114	439
216	278
221	439
259	438
277	32
434	30
308	243
382	441
71	202
382	276
216	149
308	453
372	257
216	56
382	225
207	35
110	339
382	102
211	65
225	71
130	400
216	505
188	277
139	228
16	33
352	110
188	419
188	221
211	185
451	475
211	483
277	274
434	39
216	343
216	140
207	110
207	453
376	400
48	207
216	100
99	496
281	188
216	104
207	302
110	379
448	127
216	466
281	212
211	217
113	395
216	104
139	366
281	439
343	413
138	267
372	110
503	301
216	184
323	17
216	149
473	32
216	433
207	412
154	453
225	129
372	138
216	393
100	439
216	342
451	400
52	410
382	222
149	379
188	189
102	139
114	71
250	292
279	274
473	278
216	225
413	474
139	373
216	382
56	110
139	221
382	379
139	100
410	90
181	222
216	462
406	241
32	51
291	452
434	48
214	114
216	279
259	413
323	32
327	100
434	48
216	225
382	383
343	212
250	114
17	221
297	441
211	228
451	188
48	211
216	149
362	413
462	447
284	231
125	274
236	71
439	135
413	206
216	308
52	440
216	211
110	439
48	439
420	323
207	439
451	453
216	449
279	383
207	420
207	379
391	260
104	453
448	188
434	441
434	101
410	396
221	104
216	209
110	439
216	110
502	291
216	139
406	323
71	189
228	4
451	207
212	438
207	110
434	372
216	110
343	439
393	496
393	206
372	139
225	214
279	480
75	217
138	441
216	51
216	308
221	431
149	439
121	496
279	372
149	52
148	122
364	439
113	100
48	168
270	438
197	47
129	242
211	259
372	233
377	407
279	276
216	374
277	104
211	188
382	418
434	113
279	208
194	71
104	453
439	199
197	387
130	207
217	439
211	430
216	279
413	148
216	375
288	363
442	105
130	439
216	48
216	51
182	202
427	280
281	503
216	250
413	105
420	139
451	434
207	496
447	439
133	453
221	439
113	441
279	221
149	277
110	104
217	188
197	439
114	231
434	197
211	212
93	456
279	270
224	198
139	114
259	439
434	435
48	276
139	32
382	255
216	419
71	453
124	222
169	383
168	277
110	53
420	186
211	128
206	453
207	475
250	32
211	217
214	19
48	250
207	19
110	379
221	52
447	59
225	296
139	449
448	144
372	110
392	93
216	447
279	61
211	262
228	441
420	416
296	111
216	284
110	277
451	138
279	110
434	139
250	441
216	58
211	362
382	279
462	298
430	76
71	51
222	106
413	457
279	419
216	188
259	59
216	110
393	217
279	50
224	378
216	217
259	110
279	207
53	184
377	439
279	48
13	221
