415	175
60	182
310	324
187	429
140	123
50	365
230	485
112	50
508	345
474	445
143	87
333	252
310	320
225	228
47	93
283	418
8	486
417	421
310	283
310	324
310	106
356	390
106	103
112	444
355	324
305	33
54	324
106	263
300	116
289	298
508	182
426	99
310	392
123	490
474	205
136	221
474	51
259	483
508	116
195	421
182	193
253	111
310	286
426	429
310	263
310	501
483	182
310	467
508	361
10	223
310	421
112	28
351	89
310	330
310	499
310	112
508	89
327	417
106	69
248	345
407	450
310	143
106	10
390	377
248	145
14	269
508	464
310	89
156	165
72	362
33	474
415	191
415	259
502	223
499	164
440	312
230	89
310	106
310	327
310	364
310	351
7	214
415	415
82	20
352	417
481	142
278	119
225	19
474	19
508	60
467	10
112	312
182	65
508	305
143	24
310	426
20	145
389	417
508	178
276	307
228	205
431	191
57	199
310	310
310	470
310	191
283	336
310	451
440	89
417	451
508	156
99	252
415	426
10	72
474	160
252	256
235	230
248	173
82	355
106	182
379	242
310	288
252	89
33	10
112	345
199	198
230	205
508	390
10	67
333	145
106	374
57	160
10	10
82	88
310	310
508	230
310	65
508	94
426	499
310	59
89	65
116	182
474	67
415	89
470	89
106	133
310	340
10	234
426	72
106	351
106	89
415	324
106	61
265	340
94	464
310	8
499	474
310	310
426	106
474	361
69	400
289	28
241	351
46	500
310	256
415	82
187	450
252	417
386	252
310	156
72	377
253	187
415	351
415	89
426	361
82	365
308	89
310	10
508	241
241	345
310	50
33	228
333	252
340	182
310	159
379	12
444	145
265	252
310	10
310	252
155	93
10	456
310	389
298	392
379	116
310	426
60	368
99	276
298	89
415	444
286	276
112	444
426	361
310	417
310	19
141	377
389	234
298	405
310	508
395	161
112	94
415	485
415	82
361	331
508	386
116	345
57	269
426	89
415	82
89	276
10	1
426	333
99	352
444	182
116	252
330	106
82	374
241	72
112	361
310	392
310	508
269	204
143	426
501	175
60	82
33	302
327	241
199	340
310	118
33	82
474	269
310	99
106	349
87	392
423	474
82	125
106	181
112	93
241	312
508	259
156	228
310	248
112	241
333	248
310	102
82	392
488	150
99	377
351	256
508	276
508	327
330	235
112	94
508	306
310	426
106	70
150	279
112	276
310	256
474	193
150	312
310	379
248	145
106	365
508	365
310	67
136	76
252	439
310	241
112	141
28	177
193	358
310	145
169	28
345	28
106	145
310	10
330	508
293	324
310	401
330	293
82	399
415	10
310	10
485	19
82	461
278	492
248	292
106	150
355	65
365	313
289	351
106	106
47	143
450	324
310	230
426	89
389	69
345	89
337	252
69	123
474	145
426	426
310	444
501	448
474	145
340	145
305	89
143	420
89	324
310	220
106	361
8	295
206	164
310	417
33	365
269	319
469	90
258	41
474	324
169	187
106	206
106	182
474	156
283	252
426	33
310	87
407	173
310	310
57	263
116	252
24	417
310	116
310	495
112	297
310	39
310	339
415	375
415	283
310	252
137	258
508	269
72	159
426	22
106	10
187	39
415	417
283	483
82	10
252	290
415	449
248	371
415	440
370	7
273	295
269	228
426	69
462	89
499	10
310	502
106	89
310	123
508	452
187	295
310	474
112	330
106	327
508	474
339	173
289	87
461	88
310	89
415	50
508	268
467	29
499	304
407	399
47	101
508	298
508	474
33	75
10	286
426	235
508	89
415	221
310	153
241	44
252	252
310	415
143	370
426	355
47	269
499	10
199	324
112	175
310	483
310	205
47	435
112	426
345	23
10	422
310	435
263	374
310	1
72	182
361	412
415	417
351	365
488	89
310	252
151	483
310	60
415	206
337	444
106	421
67	39
508	450
252	8
252	483
310	89
10	221
10	481
230	145
377	324
333	175
57	128
278	182
162	32
33	476
503	345
272	42
310	126
276	448
82	128
483	276
508	401
112	488
503	479
310	26
415	112
47	474
252	182
499	69
112	281
310	89
289	248
426	276
112	33
310	145
99	417
116	37
310	505
89	108
252	256
327	339
252	365
327	474
508	94
106	145
440	97
82	399
106	51
310	305
327	20
409	309
106	327
112	426
75	125
106	105
327	345
252	35
508	504
82	281
230	228
444	223
150	281
426	440
265	435
220	247
483	11
474	187
330	337
499	421
508	327
389	161
143	99
47	230
508	387
426	417
351	491
341	10
483	150
310	474
112	241
351	10
310	221
499	252
330	313
417	164
440	128
112	502
417	269
106	181
310	106
310	474
230	417
6	96
423	252
474	365
491	223
112	252
33	182
112	106
289	65
106	499
89	148
474	206
276	418
474	278
508	426
417	263
415	150
310	143
310	112
72	123
474	464
508	351
310	310
252	345
99	72
298	205
10	228
128	1
330	263
415	182
310	187
426	426
310	276
310	474
182	276
310	89
508	379
508	348
440	182
136	10
10	252
72	377
209	511
106	483
99	483
298	150
106	286
508	141
417	422
499	10
230	370
60	248
193	390
440	179
415	337
51	164
89	89
426	344
187	38
310	57
310	272
10	89
327	133
310	10
156	470
337	281
115	8
310	72
82	182
339	29
7	429
112	351
106	57
508	62
415	474
187	379
89	197
252	184
112	10
351	352
499	304
106	6
191	5
241	467
252	276
310	41
310	69
310	250
352	164
293	221
112	433
351	173
508	135
377	392
87	12
252	483
310	502
508	426
263	75
72	193
310	243
106	17
333	356
508	379
46	62
310	408
310	327
508	10
106	19
508	276
278	435
278	449
310	209
330	145
182	404
330	72
426	278
308	276
331	387
51	191
440	182
165	243
440	8
187	407
179	451
82	48
259	48
187	128
345	67
160	252
252	263
310	295
310	72
361	339
228	390
156	422
156	179
286	374
112	116
440	505
136	361
415	374
331	200
333	110
310	112
72	210
230	35
33	312
330	106
474	340
164	175
415	234
143	365
426	89
106	444
99	407
10	339
327	324
426	395
193	348
89	9
305	429
310	89
106	304
310	89
361	113
310	440
106	361
310	379
415	182
269	269
351	252
99	230
330	379
508	286
160	387
193	276
106	116
426	298
33	234
508	1
241	331
320	25
508	341
33	193
106	185
10	134
241	223
46	224
310	112
99	116
28	171
499	451
426	182
435	399
426	499
187	179
330	508
426	262
161	263
310	221
310	440
474	223
457	298
156	405
143	179
116	417
440	324
252	456
310	47
508	289
160	89
106	116
193	8
143	116
143	58
252	203
33	268
310	278
210	247
310	386
10	272
395	101
333	238
361	145
106	399
252	89
474	252
426	69
300	352
435	401
10	156
310	295
474	483
508	298
72	76
156	435
310	182
415	106
106	121
417	377
252	417
435	365
415	160
426	65
156	89
426	483
508	252
470	392
8	372
310	260
106	340
426	106
112	47
51	345
485	392
57	276
310	483
187	41
345	377
464	505
310	317
444	193
145	490
137	97
474	283
263	276
187	483
499	35
310	193
310	508
193	392
327	72
508	116
387	89
112	248
310	263
47	89
426	37
488	464
112	7
474	452
106	252
333	298
143	283
248	358
54	133
87	450
29	392
333	327
310	1
241	395
106	199
61	58
310	379
440	228
426	124
89	85
508	355
106	361
187	503
310	474
259	72
111	89
179	433
508	269
99	147
310	408
310	415
112	379
310	440
47	352
415	376
14	89
114	89
452	370
112	401
112	205
310	483
330	462
395	140
106	106
57	37
106	119
112	116
426	426
310	415
508	109
415	112
199	252
173	263
57	252
10	412
474	276
310	230
435	89
508	351
66	116
99	278
40	483
106	351
508	483
415	112
10	228
310	57
508	171
474	179
112	412
28	433
259	161
33	324
426	182
143	407
310	415
278	252
508	169
474	483
426	333
310	175
310	451
51	302
333	82
333	89
310	10
252	192
143	345
293	145
310	112
351	483
310	150
451	297
327	252
379	345
106	459
248	145
310	128
450	276
40	67
361	14
310	483
47	474
112	112
310	241
99	10
310	106
330	169
112	106
28	35
112	467
415	65
283	365
457	377
508	150
363	193
112	89
508	192
310	395
345	276
310	361
435	1
351	160
310	287
230	10
276	19
241	324
320	193
508	150
508	3
426	235
310	485
327	182
502	41
289	474
327	474
310	415
474	417
252	243
310	143
310	10
106	219
426	377
106	228
310	89
324	501
310	379
234	365
415	142
426	435
178	187
426	10
310	193
426	67
508	269
415	361
310	106
415	464
276	276
72	365
426	201
241	161
444	173
76	246
474	421
310	50
106	449
508	1
310	112
310	440
426	333
310	250
508	268
112	440
310	116
241	450
302	65
310	305
112	28
337	48
426	156
310	184
128	401
415	415
178	10
248	116
310	191
461	324
310	310
182	108
508	228
33	276
310	10
128	8
508	269
47	123
310	205
10	276
106	58
112	508
415	89
10	184
415	187
10	324
415	105
268	256
365	246
112	281
474	490
248	89
426	345
269	377
230	191
99	221
337	399
103	145
310	76
82	501
310	470
87	487
89	39
143	191
508	136
41	7
310	252
112	243
310	417
99	182
333	15
310	435
474	503
440	345
143	213
116	355
121	65
345	145
310	483
167	421
310	89
310	324
50	145
310	241
483	105
415	269
310	99
474	206
310	324
407	228
235	392
333	51
508	345
310	210
161	223
106	252
310	106
333	230
508	252
474	205
508	65
310	33
112	193
235	485
426	467
164	247
415	283
474	474
426	106
310	483
310	474
112	252
169	298
235	175
426	252
86	252
310	508
50	124
272	486
10	379
415	426
499	206
386	269
502	440
499	358
415	365
310	330
415	276
10	228
407	213
333	193
143	41
499	488
57	276
310	501
112	286
310	60
310	241
310	235
351	300
426	8
310	508
24	435
289	361
310	256
415	112
310	426
112	252
333	187
143	136
241	414
330	51
508	352
10	392
121	94
21	232
508	286
483	281
313	312
355	193
252	483
248	298
106	160
395	12
10	89
310	90
415	57
415	421
248	263
499	263
82	156
327	297
310	164
462	10
106	451
450	201
435	501
252	295
310	444
503	145
132	428
310	390
116	146
41	228
106	399
488	6
310	82
60	399
283	123
327	470
112	426
47	125
128	451
351	416
210	153
106	106
310	469
310	358
310	281
310	361
310	330
474	306
193	493
263	35
415	474
474	201
241	504
91	488
426	99
82	365
426	102
221	320
474	0
310	327
252	48
415	490
89	78
112	508
496	355
423	89
415	387
82	10
116	292
415	145
72	393
502	252
300	345
474	408
310	51
310	474
467	48
310	508
89	182
198	58
268	20
474	365
160	220
362	505
507	392
47	140
112	352
112	10
508	265
241	423
310	10
106	10
265	252
327	290
106	72
241	156
333	252
415	89
508	78
298	362
470	89
37	89
112	440
10	212
508	499
112	99
435	89
361	206
187	501
60	10
407	252
112	272
173	89
87	48
474	193
474	444
310	377
407	304
417	338
310	7
504	324
136	228
252	67
466	392
310	508
310	110
455	463
99	392
310	111
320	89
47	269
415	89
10	220
310	241
426	230
426	10
145	476
106	89
28	182
265	210
47	60
379	205
310	150
479	193
209	252
10	362
106	263
310	123
106	145
503	184
310	474
99	474
415	206
440	193
51	318
417	450
283	115
333	470
508	289
401	182
508	57
276	44
345	89
310	426
82	409
112	150
10	435
310	14
112	377
310	359
488	141
47	435
143	281
112	28
474	79
395	252
112	237
426	435
106	451
273	279
407	501
341	24
61	150
508	286
456	26
444	247
143	365
136	252
310	508
99	89
51	228
106	351
365	141
160	175
310	99
330	269
241	252
230	488
116	252
187	379
143	101
112	426
351	298
474	116
330	106
82	48
289	182
141	53
298	171
310	452
345	345
333	283
451	44
310	8
478	407
415	417
474	105
106	317
310	252
407	412
365	309
269	436
415	501
508	407
440	232
479	193
51	178
440	400
474	417
474	72
310	156
310	415
310	415
209	27
508	499
156	365
430	306
426	324
187	89
252	324
310	415
112	355
499	7
374	449
508	89
474	365
474	182
327	60
387	421
310	310
248	365
199	278
310	327
235	345
248	221
415	442
182	175
47	333
508	474
310	1
499	10
351	210
330	351
150	19
221	205
10	8
508	57
352	28
89	210
415	145
310	426
106	345
310	241
230	10
187	89
310	310
474	474
235	213
41	246
293	30
310	263
470	145
310	156
47	248
308	175
426	106
156	445
106	29
421	48
179	286
415	72
112	159
327	3
310	112
169	295
361	164
116	252
437	153
474	147
132	153
310	99
310	416
310	495
156	70
143	193
116	37
426	444
387	263
351	269
193	20
345	2
51	276
330	228
143	265
241	19
99	253
310	491
197	152
430	474
269	308
415	106
47	187
206	164
310	252
351	389
415	221
333	87
389	116
351	253
426	145
330	298
269	483
116	145
106	252
106	412
499	102
434	392
361	501
310	365
82	298
10	150
112	263
268	87
10	191
310	182
415	191
112	464
94	263
24	365
187	470
426	156
60	248
310	435
3	345
426	426
51	435
99	495
415	337
310	417
340	89
10	256
310	286
310	145
426	361
141	276
310	426
167	193
421	89
310	508
474	218
310	293
310	67
69	377
187	490
112	179
508	39
102	228
116	256
24	505
426	440
272	451
143	96
132	481
10	417
426	421
82	67
415	252
330	69
327	365
383	46
82	340
310	474
310	365
106	187
327	230
395	374
221	345
426	355
230	479
426	390
440	356
365	450
310	466
51	365
310	310
362	392
71	228
341	361
330	450
423	89
10	252
112	99
252	263
508	297
399	19
89	317
474	76
106	354
187	145
508	361
426	60
361	417
467	488
415	269
508	365
106	503
136	386
310	508
444	35
415	389
440	379
417	28
474	205
310	377
435	358
57	347
310	435
330	256
426	379
304	89
474	161
508	499
252	58
156	392
310	426
112	47
415	485
10	278
116	276
99	392
99	268
333	491
187	390
82	173
426	389
243	205
474	179
187	263
10	201
112	72
310	165
341	187
252	281
310	18
361	340
89	83
106	90
310	390
99	286
483	172
310	426
173	392
10	256
112	10
474	116
259	156
41	317
474	278
437	331
365	413
112	345
407	269
310	116
112	252
508	182
474	187
415	89
310	50
310	310
430	60
310	253
147	89
179	223
310	286
116	41
333	160
415	331
33	182
164	412
310	415
474	483
310	456
426	351
310	33
474	191
241	191
310	298
99	89
252	274
89	312
310	487
351	193
310	346
508	298
310	160
474	497
116	89
156	2
508	185
508	187
426	379
187	115
415	508
426	365
6	390
10	37
310	28
57	1
112	433
263	412
310	141
415	451
310	333
333	417
310	426
470	119
499	230
60	230
386	355
474	252
112	300
415	33
72	16
426	191
430	474
178	145
499	230
508	164
143	464
429	256
187	145
278	464
3	252
310	19
51	313
60	228
508	395
310	88
337	290
310	333
387	109
310	474
252	269
269	89
136	437
499	392
310	173
156	228
47	89
48	376
361	390
310	352
327	28
112	20
351	72
39	358
136	324
112	35
415	444
310	392
143	94
156	193
60	278
415	248
89	7
112	89
345	324
10	213
310	99
474	435
179	465
310	26
112	238
415	187
392	495
415	143
241	427
333	106
69	392
310	508
310	24
106	10
314	89
99	485
106	48
401	185
106	105
499	450
310	337
508	474
156	269
426	248
99	417
310	167
143	248
426	10
145	392
143	99
82	263
286	144
60	440
110	243
508	356
415	10
345	258
356	141
112	330
310	444
8	486
286	150
310	387
228	113
253	169
72	336
415	89
268	334
87	387
426	75
417	1
106	351
333	297
112	300
330	193
310	131
82	123
10	116
310	193
415	340
33	399
269	238
106	65
82	10
106	474
483	89
252	256
345	1
499	365
426	486
310	161
47	10
283	116
187	123
474	10
415	106
310	426
310	313
259	256
10	315
310	89
499	412
508	7
265	224
143	482
133	48
89	427
89	145
286	28
310	51
392	328
252	6
76	123
415	22
502	187
106	60
82	259
351	193
351	72
423	474
248	390
330	47
106	199
106	252
508	33
508	230
51	361
310	89
310	106
293	182
310	396
89	177
415	28
351	252
310	310
112	10
423	50
106	412
10	317
110	268
112	41
351	39
351	482
145	464
10	485
502	263
310	269
310	145
440	331
241	418
327	474
345	228
435	89
99	465
47	201
230	90
241	10
499	474
426	252
112	295
47	324
310	281
61	228
508	10
415	474
154	89
470	8
10	187
310	276
143	440
112	474
143	79
440	395
116	54
241	187
310	278
112	435
106	341
283	401
10	324
234	433
345	150
330	51
361	297
508	437
252	391
333	412
187	175
426	82
333	10
265	48
167	10
310	82
305	50
340	193
341	185
310	106
259	89
310	20
310	368
426	464
54	486
289	241
112	89
10	194
241	263
333	10
310	106
195	94
379	20
82	377
330	379
72	395
310	106
310	392
72	223
310	193
265	401
310	143
429	392
426	474
210	317
310	99
415	143
310	374
478	65
491	392
361	21
48	123
94	263
209	228
209	186
426	365
440	228
187	124
474	252
508	141
112	355
10	389
10	417
352	10
415	426
106	485
310	393
426	395
324	271
51	145
51	82
47	51
252	451
305	174
14	252
310	330
437	205
327	269
327	469
310	67
94	486
10	298
106	10
338	89
310	440
156	312
51	412
352	324
99	148
310	184
502	265
426	1
440	276
310	248
327	145
292	111
143	225
341	35
10	252
423	263
169	198
22	159
444	153
508	89
474	365
474	487
467	93
426	421
156	182
99	145
156	324
33	182
351	182
143	132
178	10
499	198
444	182
426	499
508	252
330	156
339	399
58	62
415	451
310	485
160	252
99	162
327	252
283	399
474	302
310	426
150	191
415	116
379	376
310	426
508	431
341	390
407	145
508	351
415	182
310	112
379	401
426	400
333	96
333	298
156	417
99	503
29	442
508	169
221	276
310	234
508	483
112	89
72	223
14	252
235	89
156	449
461	89
112	474
508	269
310	310
72	308
474	89
143	67
230	392
330	269
230	361
10	116
289	444
502	116
506	228
503	376
499	141
351	89
330	10
499	313
10	417
310	479
15	276
205	223
379	435
106	125
508	31
415	474
415	29
330	220
112	333
252	75
415	164
179	145
330	199
248	116
379	392
362	35
10	412
258	256
69	298
228	159
310	182
110	298
51	171
58	122
467	281
252	456
268	116
415	35
99	99
128	355
87	228
395	281
488	116
106	72
310	386
10	132
310	67
345	6
474	474
128	387
395	396
47	51
112	429
51	198
259	345
310	179
479	365
310	337
310	426
485	19
310	265
112	340
252	67
508	41
10	10
310	206
362	473
310	474
361	182
415	150
395	7
221	77
310	65
310	313
407	501
452	392
106	269
252	130
330	30
474	345
305	365
337	361
415	112
99	345
331	89
82	483
370	252
72	116
248	345
248	298
508	212
434	50
112	155
47	269
508	160
10	263
330	89
310	193
474	276
252	276
337	48
252	390
121	145
310	65
310	89
182	324
503	269
149	162
248	252
248	41
106	361
310	354
310	106
310	491
508	155
415	89
106	145
258	191
415	156
426	286
112	361
143	474
33	281
310	228
395	193
69	128
106	182
82	155
72	269
289	276
10	355
310	423
310	310
112	18
99	474
112	187
415	256
269	228
444	237
503	252
488	97
434	182
352	276
181	223
276	359
365	390
91	377
268	89
426	246
474	89
173	141
136	365
300	28
106	48
156	421
310	426
351	488
310	112
310	167
112	89
82	386
508	395
415	483
99	451
426	361
343	175
99	245
310	143
156	340
379	89
508	298
33	421
89	486
310	224
451	193
423	248
474	223
474	252
415	252
318	465
89	89
181	145
57	206
365	505
426	39
112	67
426	395
252	387
508	69
181	19
305	106
351	263
310	74
310	41
474	345
426	169
379	28
112	10
169	281
286	8
269	365
221	41
141	89
248	451
248	164
51	269
310	125
310	148
252	28
331	89
252	54
10	395
417	65
10	483
112	390
300	452
474	96
248	151
485	417
327	82
485	193
310	293
502	175
241	340
508	298
310	252
33	10
508	361
474	50
10	363
298	89
426	19
415	175
47	241
33	263
230	45
435	362
310	345
479	412
310	159
310	298
333	187
426	345
305	327
112	33
415	508
351	479
415	136
351	234
150	276
426	167
508	392
470	491
269	412
508	173
417	93
269	145
327	252
47	488
156	145
310	106
143	278
508	276
310	483
248	412
467	10
116	89
160	324
289	327
351	89
351	278
10	345
230	361
82	286
199	308
426	483
99	130
330	379
112	351
330	265
269	469
310	51
508	362
106	269
415	136
241	491
112	230
88	145
499	15
252	365
51	298
310	94
248	421
415	351
182	285
310	228
417	479
310	252
221	58
112	324
241	429
298	89
351	1
10	252
310	82
241	474
508	302
289	412
310	57
310	415
415	265
268	10
310	209
361	89
310	175
89	306
310	263
426	474
474	255
112	503
415	230
508	173
426	300
474	358
106	156
99	182
89	312
310	508
395	252
265	276
112	89
190	191
415	150
415	389
365	228
143	10
421	89
508	417
15	324
310	463
310	407
474	191
241	252
457	228
310	474
330	435
154	483
426	230
435	435
182	105
187	470
499	389
298	203
310	474
479	260
310	276
426	142
283	479
499	119
169	269
60	187
499	183
310	89
499	417
10	252
310	481
474	263
310	435
415	389
124	48
337	395
230	89
437	335
143	263
474	389
252	362
337	10
474	263
33	437
89	8
310	241
351	252
99	156
67	89
221	417
57	156
241	252
10	7
310	278
310	415
351	94
426	312
50	324
426	421
415	224
310	72
82	82
310	308
319	193
310	112
440	1
252	89
426	435
310	210
327	182
337	235
508	493
310	324
106	478
72	483
310	10
470	392
47	84
51	193
390	464
57	141
417	182
14	141
235	252
483	141
82	482
143	252
112	35
389	269
408	256
112	99
474	72
352	182
112	29
72	359
310	143
156	365
206	75
50	145
241	37
330	10
112	426
112	331
47	33
145	392
259	252
310	415
437	198
467	28
310	292
248	435
415	451
327	248
426	119
415	156
116	20
310	230
426	377
156	313
470	324
99	99
60	37
269	451
474	187
503	38
340	1
423	89
228	377
248	182
351	252
51	352
330	365
136	417
310	228
474	417
310	17
327	248
206	89
112	474
268	345
265	421
47	82
426	379
426	252
293	82
474	320
310	232
252	19
112	89
401	228
508	57
235	69
345	229
310	241
241	145
51	252
298	355
330	289
10	386
310	113
310	426
112	27
426	440
379	483
143	435
252	459
352	252
499	253
276	247
474	449
508	255
333	474
415	415
461	483
61	470
508	333
47	161
99	437
508	499
415	145
10	89
156	89
269	390
310	116
187	412
93	495
206	205
106	230
415	324
99	351
69	295
508	272
310	221
310	87
106	273
355	35
33	89
47	193
426	276
407	501
33	423
345	0
415	99
136	324
310	310
82	417
112	337
286	490
435	94
106	8
508	55
230	308
426	228
320	324
187	199
72	464
89	494
310	358
310	276
82	10
116	312
508	123
345	193
340	346
82	199
467	362
106	395
426	199
351	276
305	298
187	503
248	118
502	324
252	214
156	228
474	10
327	345
408	392
310	333
106	214
426	435
310	508
357	390
415	351
310	29
474	379
310	297
112	479
47	278
132	451
293	69
351	461
508	149
423	276
310	450
310	106
474	141
327	82
181	435
416	483
351	351
93	362
47	206
310	351
57	377
444	222
352	234
310	1
33	14
10	392
479	145
310	440
305	51
333	199
230	116
57	141
269	419
426	483
300	269
248	431
426	76
310	106
143	345
508	205
310	164
112	483
333	495
112	392
351	164
415	361
435	89
112	2
206	232
10	182
310	312
310	508
330	33
474	432
112	405
51	19
269	435
478	82
415	228
47	187
310	89
310	101
47	474
238	210
82	14
333	401
310	440
387	263
265	150
10	89
351	124
474	10
461	35
310	263
444	145
124	507
310	310
51	395
499	116
89	263
265	276
33	395
415	116
310	467
310	355
508	122
186	20
82	77
415	164
72	156
258	193
10	252
435	324
187	127
310	89
508	426
310	6
452	162
112	10
310	182
415	387
143	156
253	75
310	199
426	220
508	199
351	269
474	67
415	320
82	5
106	156
415	252
143	116
508	193
10	252
450	7
474	237
377	481
143	361
508	62
106	250
99	474
499	223
310	276
112	426
440	21
248	295
143	182
112	187
310	324
426	361
112	508
94	89
99	474
310	205
426	182
128	365
426	318
112	252
10	161
143	230
365	89
250	401
112	10
415	230
370	50
415	474
426	128
72	116
182	368
310	281
310	474
310	205
266	237
112	324
508	269
10	431
310	374
415	365
415	89
415	35
51	17
143	187
241	228
248	10
345	470
450	392
310	276
112	256
310	418
169	123
156	89
341	334
365	263
310	306
310	414
252	87
206	193
310	310
250	334
10	252
333	324
106	178
156	324
508	228
330	116
112	272
112	407
259	21
47	265
248	230
161	234
112	501
10	377
187	234
351	298
474	94
106	449
106	472
310	112
187	17
415	50
426	435
241	340
169	501
112	499
106	440
330	252
99	123
483	483
415	280
99	327
310	193
259	96
508	464
467	474
112	20
340	362
474	356
47	355
333	10
361	89
112	10
10	123
89	39
112	312
99	345
310	435
417	320
502	252
106	105
178	72
10	89
310	276
310	345
250	165
298	89
252	89
330	474
143	265
351	490
499	273
508	345
426	434
310	191
310	33
352	414
232	433
415	33
106	145
426	29
416	252
248	145
33	317
72	89
106	89
69	501
426	286
474	437
310	426
281	210
415	474
112	508
310	450
310	415
361	345
300	298
187	96
502	298
50	89
82	193
106	84
187	392
106	298
310	296
508	276
415	415
116	228
474	82
414	89
245	263
474	345
241	437
112	426
426	474
508	187
310	508
37	89
421	377
417	464
417	210
283	123
187	345
248	417
426	499
143	407
345	374
106	57
415	7
310	65
426	193
310	54
187	203
508	502
298	501
248	405
248	417
263	309
10	263
415	72
333	241
310	106
426	376
474	392
230	230
112	252
310	252
241	248
310	106
276	145
389	345
352	28
415	150
426	499
269	374
310	399
364	417
426	298
206	87
351	392
426	386
82	24
241	48
310	338
106	201
230	94
106	193
508	401
94	451
310	298
483	447
276	92
112	187
365	334
440	269
508	459
89	90
421	75
415	89
310	148
351	104
143	179
508	33
234	232
106	361
82	89
143	116
213	48
415	200
415	191
106	408
499	196
99	464
47	179
112	355
426	269
230	173
310	187
187	39
361	37
474	220
310	48
263	20
112	156
386	365
330	392
248	191
112	72
312	216
112	426
508	156
508	47
289	246
143	145
333	10
415	298
230	252
474	390
331	150
106	156
310	28
185	425
156	71
426	417
116	269
310	293
499	389
89	276
106	295
252	324
310	33
292	228
298	312
187	89
310	467
112	155
300	10
310	379
508	196
136	395
407	365
33	259
310	223
474	276
331	503
330	402
60	312
310	6
310	426
57	89
310	327
415	474
474	278
389	355
99	423
415	252
415	362
310	310
143	483
106	488
252	290
440	173
106	501
106	269
41	189
392	65
386	263
200	505
415	330
310	415
415	327
143	263
415	10
310	106
310	112
417	1
167	259
136	57
310	124
310	502
310	269
252	276
252	50
310	230
483	182
415	479
7	372
106	392
310	402
474	252
310	345
310	340
310	123
426	324
485	185
82	206
10	379
365	123
106	499
310	82
310	89
437	116
379	286
440	121
365	77
82	479
508	99
379	108
106	474
310	310
327	145
116	182
276	210
276	392
33	116
300	435
252	263
310	235
89	390
310	485
508	193
136	89
426	337
310	156
293	440
415	106
508	224
426	252
269	1
407	295
310	28
263	223
362	214
415	394
60	243
415	265
415	417
278	263
508	286
221	39
47	351
361	223
82	61
106	71
273	28
143	57
57	276
310	259
10	281
415	474
310	329
435	392
252	252
508	426
310	0
502	345
106	150
295	123
426	51
310	106
508	57
310	14
106	368
383	150
310	248
310	193
89	182
310	136
169	262
423	474
106	89
426	379
10	89
502	193
112	320
440	230
310	50
51	312
241	24
440	483
508	116
310	450
3	361
112	1
230	156
14	42
47	358
112	156
112	426
508	435
415	417
474	421
289	67
310	317
502	193
10	322
493	376
415	89
72	252
17	295
143	193
333	485
17	115
60	474
310	173
415	112
327	298
426	106
106	89
67	486
10	17
241	141
434	302
508	502
310	310
283	186
106	499
154	214
483	451
483	200
112	187
112	499
106	312
10	182
241	392
508	150
252	193
474	82
112	230
352	361
60	156
310	407
278	392
310	415
415	19
10	101
89	89
310	415
389	263
351	459
263	464
112	365
310	252
426	451
474	115
112	160
474	390
310	10
167	421
156	184
286	191
112	298
340	104
156	28
361	276
474	191
310	365
310	263
310	508
392	237
345	78
112	272
286	105
263	276
474	501
47	463
106	361
474	230
259	206
423	193
474	395
199	263
407	126
269	312
426	87
426	14
333	377
230	10
10	491
67	182
370	115
474	361
116	252
268	276
310	248
324	65
263	418
440	116
47	252
415	361
361	298
417	256
310	159
435	459
310	276
327	351
310	165
508	19
89	263
310	365
112	444
116	89
310	298
310	106
310	232
241	474
310	106
508	187
99	269
310	252
327	89
440	361
310	89
310	487
333	286
241	10
7	399
310	116
310	170
310	10
252	96
333	333
182	35
310	112
47	116
112	116
33	483
305	230
72	89
440	89
392	402
164	159
72	412
351	435
330	106
268	40
248	395
150	399
143	435
10	228
112	286
33	379
395	324
440	361
156	450
283	276
418	494
252	377
310	47
265	501
310	379
252	162
241	252
310	361
440	156
72	173
310	310
106	89
479	20
99	507
310	89
235	137
426	106
283	89
474	252
106	269
112	99
310	412
252	390
248	464
154	298
508	417
511	358
112	116
415	112
293	145
106	128
362	35
259	115
474	483
89	210
435	205
33	116
426	205
415	417
156	263
426	474
456	392
415	474
106	423
161	401
253	474
310	191
310	10
99	351
415	252
106	171
415	248
351	71
413	412
351	150
310	205
475	432
351	10
310	499
293	182
416	485
156	145
313	392
61	322
415	112
412	324
60	464
503	175
440	256
106	206
112	241
345	263
246	392
437	252
508	221
361	345
252	89
508	35
82	417
506	269
310	164
450	228
435	89
426	106
310	327
327	471
193	175
136	228
415	106
310	298
310	351
60	252
310	28
10	345
106	352
7	464
456	89
268	456
252	89
426	248
51	72
499	387
99	467
508	51
310	230
143	486
230	76
300	276
310	123
474	175
128	495
286	159
499	283
310	370
474	28
452	435
112	89
72	1
415	327
508	503
474	156
426	156
89	392
508	352
426	464
351	474
365	255
310	437
467	89
116	495
28	228
415	143
310	449
371	228
330	224
508	150
263	309
365	94
116	312
440	417
310	276
417	255
426	389
248	276
112	327
310	415
310	511
106	437
310	268
252	145
47	156
106	483
415	361
252	173
256	432
426	365
310	282
426	392
106	51
467	10
499	252
508	193
415	179
10	67
474	10
106	87
252	193
112	483
243	343
112	101
106	128
89	182
503	89
199	476
435	65
112	479
89	89
112	19
417	50
365	228
426	57
389	145
310	310
295	505
415	252
310	182
112	82
310	417
10	370
426	334
330	94
241	175
508	48
485	19
310	474
370	483
437	87
426	417
440	437
106	248
426	210
199	286
499	485
206	379
10	7
474	10
99	333
10	159
298	365
415	508
112	128
426	217
245	290
327	499
310	365
351	248
112	89
508	374
333	252
230	10
450	89
89	263
187	338
276	256
310	365
230	452
106	414
310	310
351	298
333	265
310	228
310	10
474	69
351	256
228	29
199	1
252	240
252	483
106	319
265	442
241	379
474	442
106	125
474	370
51	193
178	191
51	248
361	250
58	464
310	474
333	474
290	89
112	366
426	187
305	69
426	313
351	324
361	247
310	89
156	173
51	286
341	252
338	295
426	115
3	444
47	298
310	156
345	182
94	286
252	219
474	51
10	150
155	312
474	451
407	89
310	324
310	269
437	338
250	93
310	426
269	276
106	364
508	96
426	182
276	295
333	252
310	474
310	19
310	69
230	252
508	164
99	474
415	365
235	10
241	500
178	24
415	351
47	379
143	305
151	494
415	230
310	112
241	506
112	276
351	89
248	70
310	379
508	252
106	72
499	228
407	70
33	474
310	174
112	508
310	310
252	252
499	20
191	324
252	435
499	10
116	19
337	495
276	83
351	199
415	57
112	256
479	355
250	1
112	106
112	33
143	501
248	141
474	392
269	182
193	491
136	20
508	252
508	298
298	365
269	35
474	72
310	324
474	210
310	362
112	474
33	10
430	72
417	186
10	252
440	483
106	221
173	89
310	297
426	281
116	336
499	450
310	310
310	483
415	108
310	106
47	41
333	206
187	252
106	228
278	89
333	474
252	405
327	205
147	470
57	341
420	141
327	320
483	123
116	485
415	501
17	26
10	417
87	89
417	345
435	451
310	440
310	355
474	161
415	193
248	252
474	476
193	145
415	276
51	82
112	3
82	392
310	228
310	297
508	191
283	182
2	276
327	10
415	230
426	72
116	145
474	192
308	261
423	483
106	228
333	488
310	299
310	415
10	128
281	501
47	456
106	77
426	193
330	10
82	10
451	185
337	365
47	20
252	365
99	361
252	89
269	179
112	293
256	392
106	444
187	44
143	426
415	508
220	89
508	263
310	365
310	392
426	10
112	205
440	363
187	362
145	433
112	106
426	182
337	389
248	252
167	503
415	474
99	1
310	426
61	182
252	377
10	269
440	421
435	263
337	379
310	252
10	252
10	345
300	365
310	377
435	89
379	470
187	479
82	302
112	75
310	89
361	324
50	295
485	471
310	187
116	65
333	259
474	150
508	474
106	225
160	278
112	426
508	1
310	283
310	276
89	491
298	89
28	58
112	392
89	148
327	304
474	10
106	51
327	272
309	324
310	50
143	106
179	276
10	427
414	1
213	451
10	365
82	278
333	33
150	203
474	361
106	124
82	8
330	499
310	310
106	417
426	333
508	276
426	10
83	12
310	10
415	10
14	276
415	351
310	483
310	145
440	94
499	417
508	24
106	464
310	112
106	153
112	87
426	230
327	10
333	95
269	89
415	10
99	431
248	89
61	263
300	141
351	479
310	508
241	337
106	10
310	10
310	173
310	436
310	99
241	365
426	116
508	234
10	165
415	106
116	269
415	29
252	138
106	187
106	435
503	222
415	186
17	89
415	65
508	474
310	57
508	106
305	156
106	435
310	351
310	421
310	193
72	145
143	474
106	261
241	10
310	365
426	10
426	479
310	82
508	305
187	417
112	426
310	455
337	89
400	128
310	390
502	230
143	365
10	10
47	89
112	508
426	474
293	503
426	474
112	263
248	206
337	15
116	435
82	395
10	5
112	94
235	345
112	483
156	470
47	106
310	128
330	431
305	256
116	365
252	362
161	224
474	377
10	46
111	228
252	392
106	89
310	161
234	483
252	470
72	276
310	47
310	99
508	379
474	464
209	179
508	444
310	193
310	387
508	334
82	72
252	358
230	153
330	67
230	87
252	123
310	10
143	106
508	333
116	125
508	228
415	47
72	340
310	128
47	96
310	327
440	35
230	48
252	210
386	150
310	252
327	423
456	368
51	19
310	35
415	423
310	341
283	192
268	152
310	205
415	479
426	234
508	426
82	276
47	143
310	47
386	41
67	432
508	61
423	421
47	106
10	491
415	252
508	209
47	276
235	210
508	483
330	33
470	191
426	298
330	87
508	502
361	377
421	368
112	102
310	417
112	508
426	473
310	426
10	187
435	89
333	474
253	72
310	182
269	228
106	89
69	89
389	276
310	193
379	490
252	48
435	89
187	116
10	390
310	72
310	324
502	289
327	324
310	89
112	47
365	377
389	182
399	146
415	417
483	184
112	241
474	87
479	228
310	47
310	277
333	62
426	214
415	435
230	412
106	241
508	423
137	252
361	89
206	377
310	238
289	116
499	485
310	263
143	230
474	48
310	145
508	281
474	433
47	252
502	82
184	127
99	33
426	96
143	246
160	362
474	252
340	89
310	248
252	405
474	137
21	276
206	252
415	508
386	179
508	61
365	324
310	470
415	435
499	89
310	10
143	173
352	148
426	106
82	276
220	119
156	393
310	310
33	10
248	276
47	106
330	416
310	145
252	298
141	203
310	351
310	241
408	89
82	1
112	62
94	20
351	252
10	69
33	116
310	278
112	417
310	483
310	89
99	252
89	135
72	501
461	295
112	143
89	123
390	145
179	483
426	187
106	182
283	72
310	60
415	429
82	58
230	338
310	333
474	302
474	379
252	35
333	435
508	508
310	262
461	247
331	417
451	256
310	263
370	399
276	12
310	228
310	89
310	318
305	386
310	191
361	199
508	252
508	265
437	473
467	168
337	324
10	50
310	401
67	1
426	228
310	440
310	182
374	214
310	344
327	337
10	503
50	295
415	112
112	228
327	248
365	388
40	89
33	276
310	479
457	246
415	295
310	252
474	365
310	107
187	401
339	142
22	421
426	345
310	136
252	228
310	415
310	415
474	191
305	106
156	39
351	351
483	228
310	392
415	426
259	15
112	87
415	89
60	89
187	421
415	106
310	89
417	366
116	252
116	48
10	27
435	392
252	295
47	399
60	187
310	248
230	252
89	432
310	345
161	70
310	272
483	374
479	185
277	324
474	89
387	89
238	145
116	193
508	392
259	345
106	474
106	89
33	401
483	75
89	464
415	327
351	470
474	187
310	106
300	318
426	387
106	483
112	248
310	474
33	435
310	415
47	200
310	499
508	435
112	104
472	359
310	112
33	241
50	340
156	252
187	298
112	169
10	298
327	319
415	39
259	152
415	145
241	89
426	161
308	89
415	145
289	427
106	181
198	228
47	10
106	10
399	392
440	142
474	450
33	295
112	193
502	205
474	156
417	184
474	193
94	223
47	35
82	435
33	33
440	116
310	485
99	454
426	51
99	40
379	318
310	128
467	187
340	365
99	499
248	298
112	263
106	163
106	405
426	286
99	51
89	205
345	433
60	276
310	426
112	235
156	392
156	175
106	70
310	501
310	310
241	345
508	50
10	361
112	57
112	89
334	447
3	141
10	41
474	87
234	450
112	435
415	276
169	324
474	483
361	505
333	65
106	401
374	336
204	432
248	7
310	252
47	82
290	89
106	418
474	161
112	187
433	214
106	51
415	449
426	155
304	205
179	377
51	479
345	77
499	269
412	175
186	413
310	128
252	89
91	412
33	10
310	483
310	473
415	37
99	252
351	352
112	162
10	269
143	312
440	10
106	238
89	455
99	193
415	114
478	421
499	399
310	417
310	148
310	106
508	62
278	89
327	362
228	399
333	29
10	269
160	459
111	142
278	377
310	450
310	57
99	10
415	323
112	192
330	225
106	243
259	387
415	112
426	379
310	415
327	210
426	89
225	345
82	12
450	20
51	252
426	268
431	19
415	389
112	416
423	228
426	10
310	374
361	379
474	345
252	324
327	263
485	89
310	392
310	164
289	182
10	210
106	28
435	123
112	89
415	398
310	10
310	228
426	10
310	312
415	336
499	72
415	193
191	223
508	352
479	483
10	496
106	470
310	277
421	89
112	379
112	276
151	252
128	252
310	179
112	235
345	89
10	26
483	31
415	48
483	256
268	199
474	487
508	273
310	122
187	145
488	65
474	337
310	106
10	155
300	89
305	269
310	235
327	133
310	448
17	228
192	219
415	108
75	205
187	173
379	286
440	470
365	447
310	365
10	44
112	330
370	362
351	221
310	148
259	340
310	89
89	276
310	276
112	312
310	82
10	486
310	182
474	340
310	340
269	126
8	205
112	156
310	415
502	125
10	184
116	179
82	116
164	50
499	51
318	220
331	355
310	352
213	28
379	263
415	72
417	0
169	173
352	464
333	46
72	370
10	87
252	141
106	408
112	67
209	41
230	252
503	439
112	501
415	20
310	39
310	474
386	470
415	105
508	234
310	374
310	474
333	66
508	388
310	417
330	82
252	145
337	82
10	89
474	187
426	187
116	401
483	263
310	352
106	423
452	116
252	89
128	252
426	8
508	106
33	483
10	150
179	476
351	358
164	94
269	35
57	230
106	474
440	210
508	241
310	72
508	89
106	51
370	401
310	210
327	324
106	1
10	444
140	250
415	365
298	365
230	187
106	248
333	28
252	461
112	450
269	286
415	361
508	169
310	333
310	116
310	397
310	252
337	89
417	228
310	334
310	440
351	455
361	237
112	435
330	467
310	365
310	10
143	474
333	338
310	451
310	417
99	412
235	389
72	17
164	324
235	116
230	89
248	156
110	487
426	411
106	75
99	10
310	365
241	281
426	191
106	374
426	33
116	486
310	423
248	379
278	324
351	89
330	209
474	61
241	89
112	286
310	508
106	89
106	300
340	392
310	267
310	186
324	123
310	89
508	259
276	8
51	141
310	351
51	29
28	374
474	435
156	28
112	361
106	474
116	15
143	305
82	175
352	72
415	10
33	72
106	451
387	228
310	474
310	293
310	456
310	298
508	417
238	89
310	89
415	365
310	161
474	457
136	205
147	159
310	106
10	193
415	248
415	470
508	41
508	345
310	361
276	39
273	252
487	324
106	387
474	461
33	181
298	29
415	215
7	276
17	476
10	365
57	405
435	214
508	252
112	72
377	261
390	145
310	242
10	89
6	89
426	464
106	82
310	345
327	65
106	274
51	401
241	161
415	269
310	248
310	116
313	70
330	10
444	228
426	116
508	212
37	479
502	334
156	101
502	444
426	337
508	444
474	483
156	412
145	35
426	10
10	298
72	399
426	16
344	27
333	128
106	501
89	20
327	433
407	464
310	440
352	179
426	488
310	82
310	334
106	128
252	284
47	136
361	417
310	330
143	252
333	474
310	330
82	361
99	193
106	474
499	10
106	187
310	230
426	392
72	281
241	10
426	361
192	89
80	392
160	365
333	483
327	392
430	165
415	313
407	365
51	263
289	210
262	490
10	72
351	89
50	372
508	46
248	276
310	456
474	376
508	10
33	77
474	131
370	362
269	89
164	464
437	20
10	324
187	228
10	145
10	252
283	161
252	161
310	310
415	33
310	295
112	51
426	333
310	191
488	485
106	345
415	421
330	377
300	8
164	191
33	72
327	462
112	235
128	340
310	483
426	300
508	70
392	376
10	417
186	7
415	474
16	377
417	28
99	252
474	130
474	474
416	503
310	450
10	470
169	390
263	469
310	464
47	209
310	421
474	362
351	345
334	19
106	89
160	252
474	123
345	193
112	193
379	365
310	203
351	345
300	417
426	321
415	252
474	89
33	268
330	206
310	412
273	252
193	281
310	273
310	337
351	8
310	483
415	497
82	503
99	210
310	89
310	269
252	179
474	395
10	481
128	324
351	8
310	54
169	192
112	182
310	379
467	89
310	190
310	228
310	82
283	252
310	39
444	232
437	156
508	450
86	10
499	150
415	10
415	474
116	228
474	318
390	145
47	116
426	302
508	156
169	10
499	42
310	338
474	65
474	377
310	10
241	379
508	136
268	182
143	423
508	10
386	362
415	412
415	47
351	412
421	276
379	368
310	48
485	54
187	50
310	508
310	116
116	26
252	324
10	228
70	175
417	247
106	465
310	415
508	474
99	263
310	426
330	89
89	296
132	19
310	507
415	269
89	89
234	193
230	365
250	89
82	35
330	41
483	41
462	243
112	116
426	164
415	228
72	89
437	362
106	351
106	252
340	324
106	128
361	123
112	72
379	365
318	232
499	263
173	193
112	314
300	474
351	205
89	7
365	182
28	421
351	89
415	28
310	336
426	361
310	145
10	491
235	179
51	116
386	365
289	3
474	175
426	199
87	313
310	182
333	145
313	324
241	51
265	72
508	298
99	474
310	310
426	276
310	506
415	10
265	238
310	164
415	499
310	268
187	298
310	474
235	203
106	320
474	437
82	214
508	276
269	449
255	256
310	91
310	333
112	435
10	331
415	187
333	474
310	263
395	501
72	389
140	89
112	421
474	392
112	251
503	20
106	89
89	219
278	501
143	29
435	134
379	288
310	96
351	481
106	263
88	155
305	263
304	263
248	451
474	105
112	305
106	22
47	324
415	375
252	401
310	435
310	252
474	389
112	295
265	50
41	320
51	235
10	70
106	324
508	283
361	8
283	281
319	20
241	451
76	142
310	112
143	386
370	87
72	456
112	10
415	29
252	432
33	10
51	94
241	483
417	94
139	89
499	252
263	399
330	276
106	359
283	379
112	289
112	327
508	345
333	361
421	263
474	127
99	145
210	19
334	89
345	52
310	106
106	269
150	185
474	156
310	415
426	503
143	116
305	269
379	8
310	89
116	298
479	150
499	417
310	112
508	333
230	171
474	248
252	377
112	209
47	51
474	440
461	150
327	152
415	156
198	281
116	18
187	135
310	508
112	351
252	269
310	333
265	408
351	89
258	141
310	426
310	281
426	252
300	89
310	179
248	10
310	51
10	365
310	283
415	123
440	331
467	462
499	324
499	370
10	359
10	497
82	230
415	89
310	58
508	82
330	106
106	230
474	232
10	105
415	1
248	483
310	310
426	37
440	193
364	483
440	392
112	241
379	345
499	141
289	276
60	69
310	213
310	395
474	41
310	141
241	228
47	223
508	8
112	41
457	46
252	399
310	156
508	334
106	499
252	220
106	184
310	298
106	31
106	77
283	195
33	324
416	128
47	432
352	156
298	365
379	356
310	310
413	399
426	106
112	89
72	221
10	252
344	182
10	191
145	19
235	399
62	247
508	269
10	392
99	116
28	276
474	210
310	128
479	365
143	464
248	238
112	355
86	298
33	494
33	136
10	39
106	474
156	67
106	10
379	67
310	61
483	405
293	276
440	407
112	182
228	366
415	415
298	179
169	230
230	361
310	440
110	377
298	404
440	228
2	399
10	121
310	434
235	450
415	508
10	281
310	26
426	82
415	362
99	28
440	324
278	252
230	230
333	94
112	508
330	351
116	193
252	473
508	106
156	252
156	252
508	432
508	220
310	156
269	222
143	340
426	62
310	440
252	228
310	121
310	235
47	392
106	221
289	269
508	3
426	474
310	10
136	89
112	51
67	455
330	437
415	76
508	274
467	10
159	256
72	377
143	446
485	298
252	256
426	57
389	297
173	19
182	374
508	412
298	182
426	72
82	198
508	106
14	481
265	259
94	7
112	252
300	479
508	426
278	145
10	417
47	338
121	276
160	479
508	51
10	377
115	410
112	479
375	276
252	401
435	185
10	483
415	112
474	503
310	173
167	193
112	361
310	330
474	51
310	10
112	252
310	82
283	69
99	182
365	89
361	269
310	162
10	417
289	256
310	474
143	228
298	263
72	331
375	312
426	426
389	324
426	89
417	390
417	228
241	474
310	123
156	69
508	269
508	116
106	230
128	444
143	150
252	7
310	437
293	182
450	89
423	212
415	241
248	359
106	46
10	483
508	276
112	199
60	269
508	412
310	508
219	223
474	474
310	310
310	89
112	474
351	10
248	377
440	137
293	10
310	508
310	72
508	327
430	390
110	399
415	508
324	35
440	83
310	263
160	237
310	248
345	390
310	392
310	340
379	193
230	422
310	89
483	153
72	281
143	501
99	317
310	327
345	469
508	426
499	10
499	365
269	483
415	474
327	248
106	36
259	252
116	409
310	248
51	312
136	39
46	45
474	337
310	203
263	1
241	110
426	269
143	10
310	252
426	162
333	293
474	35
283	10
106	318
10	164
106	349
327	89
60	474
230	228
339	89
10	379
310	145
508	376
269	408
351	96
160	417
248	361
143	179
310	252
333	379
415	485
295	332
390	412
415	401
401	62
99	478
269	309
72	77
310	145
310	379
310	485
51	296
457	10
415	10
47	495
310	28
310	298
278	399
106	300
474	365
485	435
502	411
383	269
310	474
330	483
310	245
28	421
51	483
389	365
341	464
508	198
106	370
33	173
10	145
60	10
440	324
248	407
310	300
310	48
337	193
415	241
230	224
499	365
379	44
106	474
82	311
310	310
252	263
415	76
435	232
187	435
345	365
501	494
417	19
310	47
415	464
508	502
426	465
426	495
89	494
310	392
310	20
310	47
241	345
112	417
426	82
485	272
293	256
474	387
235	263
143	51
330	145
112	389
112	87
426	10
252	276
106	156
10	89
150	145
143	327
426	26
143	440
300	159
112	200
426	156
401	412
508	173
333	182
361	345
499	193
310	10
112	333
361	65
330	483
310	434
136	434
426	94
252	362
106	399
330	392
310	417
351	259
483	306
187	379
106	57
499	423
51	276
426	57
305	198
508	351
310	223
508	474
450	39
474	89
259	464
60	82
116	205
310	72
330	89
106	89
10	501
241	70
10	470
415	10
89	366
112	298
415	324
310	193
17	123
415	298
508	474
310	178
310	145
112	508
415	300
112	276
330	252
310	125
483	48
209	445
379	316
310	10
305	82
310	304
106	365
426	237
426	173
106	210
508	324
474	40
310	89
51	191
82	269
241	252
310	185
225	359
426	392
310	123
252	401
426	437
310	442
478	187
310	470
415	408
426	293
474	395
112	265
356	365
310	89
426	426
10	198
161	122
474	160
499	89
10	41
310	415
89	412
269	89
82	336
377	246
474	395
268	177
50	269
106	89
333	444
41	469
474	72
415	322
219	404
223	336
112	324
310	241
361	365
310	389
310	295
99	252
310	278
293	96
82	10
28	182
426	497
310	230
89	296
310	145
155	89
51	483
199	252
426	477
106	111
415	263
395	6
33	474
351	248
483	65
310	327
310	252
415	333
310	324
33	169
474	470
508	499
488	175
82	252
252	104
426	173
310	345
499	331
483	8
112	252
334	193
143	182
106	418
57	421
116	193
259	298
112	265
426	298
238	483
310	298
112	143
116	89
310	508
228	392
310	474
467	474
230	173
147	145
10	379
112	440
230	89
426	106
14	252
365	263
327	82
206	20
116	89
415	191
33	434
474	252
415	110
310	145
69	1
310	298
370	491
106	281
106	156
415	145
310	241
72	156
426	199
116	269
143	99
179	365
310	488
51	431
263	175
310	300
99	399
310	310
508	286
10	470
45	392
145	399
483	451
69	501
110	361
252	179
293	345
87	155
252	15
333	182
263	276
440	374
252	269
415	230
370	392
508	508
310	310
379	263
106	395
99	349
204	324
310	112
310	241
331	366
341	89
116	153
415	47
508	444
310	20
206	92
401	228
10	370
330	474
426	295
246	162
488	252
417	392
508	67
474	243
252	247
173	237
499	252
241	365
310	423
407	89
310	116
252	89
333	302
293	179
361	451
167	474
327	324
106	57
440	145
426	298
310	179
298	269
310	41
106	276
228	276
310	101
423	234
265	89
474	485
415	106
415	182
199	89
327	193
440	161
352	66
310	228
244	89
310	195
51	19
106	89
351	10
290	89
440	10
379	193
51	421
106	89
417	435
300	483
304	252
452	145
10	224
310	206
310	415
474	417
112	412
156	252
327	116
137	417
310	244
252	324
145	0
426	499
508	161
508	89
310	499
310	401
164	89
150	377
474	230
310	22
310	89
474	473
156	370
508	60
426	456
269	317
112	33
310	345
352	225
310	256
426	505
310	248
426	320
310	330
310	310
470	177
327	89
310	106
340	355
47	295
502	87
310	293
106	210
474	213
99	501
310	286
310	199
450	223
415	281
99	259
106	187
310	324
379	331
310	47
136	318
310	119
298	412
10	6
310	310
82	230
310	440
47	361
310	276
440	252
10	72
426	252
426	278
241	361
69	228
181	102
112	203
310	252
24	185
248	10
379	89
310	99
82	238
143	10
252	1
235	10
156	412
112	276
318	401
310	104
112	241
478	298
187	324
99	417
483	355
112	508
156	132
10	44
426	377
10	376
89	205
444	276
310	220
508	8
106	478
467	469
310	123
57	455
415	426
241	300
310	392
327	182
345	145
106	228
415	444
310	503
426	361
508	426
370	483
310	290
116	338
305	408
310	252
331	269
474	435
310	51
310	259
426	426
112	483
241	365
415	415
248	435
327	205
327	44
212	145
22	394
333	474
440	193
440	263
310	47
370	89
106	3
99	87
415	333
345	85
116	349
508	28
246	336
228	185
10	193
426	298
310	60
33	219
415	10
310	276
193	302
252	89
310	422
415	112
106	350
310	112
241	276
252	417
330	10
467	19
310	483
426	72
112	273
10	213
310	268
368	295
99	32
345	155
474	41
268	440
106	128
415	399
430	470
193	412
89	228
310	426
379	276
351	332
178	420
474	252
66	252
310	258
193	35
330	10
286	19
199	324
365	374
310	310
241	94
371	483
310	361
91	10
10	105
66	379
483	256
415	461
310	483
248	308
379	435
252	390
112	29
99	10
426	156
47	48
112	187
112	89
69	89
415	177
502	60
415	145
106	281
268	324
33	408
361	65
470	193
112	361
143	187
47	8
298	193
361	444
310	265
182	65
289	205
252	392
143	474
415	386
141	412
508	12
417	362
310	281
310	508
365	41
192	1
230	324
60	115
434	169
112	10
252	417
252	390
112	330
310	60
508	508
248	89
99	345
187	269
310	156
334	311
33	264
269	451
209	391
310	399
230	22
333	412
392	427
474	161
89	184
508	426
330	482
298	224
220	175
248	461
415	421
310	310
102	298
361	298
67	193
10	479
310	331
508	248
116	105
156	444
310	330
319	362
310	143
324	463
252	421
327	269
440	345
252	122
3	246
426	72
370	464
305	248
263	247
283	28
99	87
415	295
112	150
33	8
106	72
298	145
33	48
407	295
426	89
379	483
310	419
508	421
415	474
426	141
112	426
435	171
289	450
426	381
112	256
156	292
241	214
310	19
426	162
182	7
10	6
352	1
112	474
421	1
160	308
310	310
415	89
293	228
206	164
341	437
351	182
112	230
310	195
415	430
206	319
193	145
258	483
337	366
310	50
87	286
241	407
310	421
187	365
457	483
310	365
474	193
112	89
72	210
89	203
351	263
310	153
415	112
173	89
390	35
310	252
310	474
72	389
387	263
508	426
106	429
228	399
330	508
310	106
10	206
57	51
298	298
310	467
361	345
417	444
298	28
395	435
452	228
252	145
161	89
112	136
10	193
268	206
143	252
508	252
106	182
426	82
310	28
162	306
51	366
112	47
310	187
426	199
415	51
106	337
128	200
50	356
444	246
156	421
110	156
365	377
386	298
417	435
112	501
415	228
112	485
7	464
508	289
112	199
395	418
112	72
508	298
187	495
417	483
485	490
300	252
310	399
345	142
10	205
333	151
252	180
187	173
423	479
116	192
426	72
417	491
508	51
474	379
310	423
112	444
395	193
310	310
60	247
390	463
437	355
310	276
191	19
310	298
310	437
426	486
333	97
483	219
14	161
99	252
137	417
106	187
508	106
310	467
82	72
106	10
106	259
440	417
508	143
252	435
47	143
437	123
310	474
112	89
124	378
106	82
310	10
106	483
82	10
65	288
426	383
263	312
310	10
310	392
310	392
351	418
474	345
241	377
508	252
122	392
33	361
82	269
310	415
192	229
7	261
310	150
370	269
508	444
128	182
310	361
502	106
345	89
310	143
252	7
330	318
258	190
72	355
33	327
310	426
474	137
112	290
106	241
112	341
278	298
33	334
310	148
305	1
426	252
112	263
379	263
508	426
10	412
370	269
327	483
310	474
474	417
248	165
415	232
333	51
112	283
426	507
499	51
426	182
415	317
112	156
501	464
444	392
415	252
479	27
33	76
440	193
112	508
310	193
426	82
341	269
508	395
268	10
112	281
483	20
205	142
340	401
426	437
383	276
440	328
220	210
106	135
106	179
72	116
330	10
10	379
112	252
386	1
310	379
331	123
356	263
160	230
106	10
230	223
435	263
87	228
483	295
47	65
112	302
508	444
467	54
415	437
33	106
483	366
426	228
310	508
508	474
440	173
252	392
143	106
415	333
310	235
415	228
47	401
99	303
106	470
112	252
116	214
426	77
310	178
474	256
361	374
269	89
310	235
133	501
310	160
310	450
310	395
310	8
426	89
230	123
310	173
310	327
57	89
386	20
415	24
95	392
298	412
474	485
508	72
89	48
248	182
310	112
252	252
310	10
10	41
310	7
248	397
228	324
386	175
82	116
407	8
437	182
310	223
310	416
136	269
310	89
150	193
89	324
345	450
252	435
310	499
252	501
333	77
467	298
69	15
440	70
143	164
414	54
474	164
426	48
319	184
263	429
310	426
10	145
474	89
310	258
310	34
361	365
47	363
324	376
156	295
112	273
379	377
508	116
508	205
89	175
252	70
426	179
351	39
341	302
72	379
298	89
474	41
116	368
136	483
248	319
187	182
269	399
499	173
361	487
143	96
182	256
310	483
310	252
365	362
156	186
331	228
508	508
278	20
136	327
169	269
310	143
467	165
289	345
415	82
191	205
10	10
440	103
437	339
415	10
116	155
417	435
99	503
331	503
379	418
365	145
115	453
508	91
252	48
426	337
483	56
310	155
310	310
379	269
310	193
136	196
310	210
392	392
269	276
508	483
112	89
351	440
112	191
462	379
72	464
112	44
389	307
72	297
187	22
265	228
310	193
310	365
106	106
310	362
57	228
305	298
82	252
499	440
310	293
474	488
499	385
161	380
415	399
272	296
333	136
310	162
89	191
112	230
187	252
230	89
415	440
407	345
182	193
327	324
310	33
112	263
248	10
10	510
389	269
310	51
106	252
41	312
474	115
351	116
106	488
310	41
10	495
160	444
365	399
474	230
337	435
310	228
361	243
361	312
310	300
310	333
417	224
310	72
41	228
150	210
415	426
72	122
426	106
112	228
417	76
508	99
415	47
33	48
415	241
415	187
361	182
252	41
47	191
426	44
310	253
508	345
310	269
310	379
474	169
47	173
33	137
106	365
145	324
67	35
379	1
72	407
145	399
147	8
310	160
430	26
401	276
426	298
300	252
483	429
365	387
351	92
10	392
89	464
143	276
10	193
426	40
444	89
310	69
198	8
310	135
186	89
508	268
112	379
106	303
253	182
47	67
289	370
440	31
10	206
440	200
209	324
121	276
310	99
474	193
143	221
483	182
33	209
330	337
327	474
310	433
474	450
508	361
379	488
508	230
502	361
106	219
415	474
310	365
310	474
150	205
310	35
508	51
252	298
305	286
116	390
415	324
310	112
379	89
268	435
89	276
10	345
187	365
33	490
310	106
474	156
310	451
221	429
415	119
60	130
51	54
89	185
10	252
265	417
474	431
502	263
310	415
1	145
106	308
72	269
241	483
72	210
327	483
293	331
474	286
310	313
462	355
415	392
327	390
51	267
310	72
82	72
310	415
112	72
508	193
508	483
310	343
310	386
33	184
474	51
310	252
330	74
51	417
310	145
10	97
82	381
112	123
141	182
305	33
415	276
440	252
10	320
508	379
69	127
474	269
392	5
310	331
128	324
423	72
474	221
474	65
407	109
106	401
269	312
379	89
415	252
345	197
72	67
310	35
298	345
67	324
389	165
392	205
106	351
283	89
213	12
508	52
93	123
310	47
106	187
415	122
415	263
470	334
310	417
33	444
310	22
423	40
106	133
143	426
330	143
330	228
310	263
147	116
106	3
508	89
248	230
474	297
265	392
426	7
89	8
99	276
310	426
435	89
382	355
252	269
310	48
508	128
508	89
310	415
333	106
327	123
221	345
136	312
474	87
33	256
69	26
99	10
333	69
28	392
310	351
72	392
51	252
298	392
199	435
499	491
331	28
351	89
47	106
440	417
474	89
116	421
10	89
508	426
474	395
485	392
331	223
67	324
10	8
112	47
106	82
298	355
112	69
112	283
379	28
136	116
10	298
345	312
464	19
310	99
252	89
106	8
330	426
310	210
69	182
47	179
421	105
47	10
10	471
33	390
415	440
252	50
365	312
33	355
248	175
352	386
474	276
508	386
499	175
136	435
112	69
414	501
333	145
310	412
310	181
252	263
310	173
310	143
106	1
508	426
112	35
143	241
417	399
444	281
310	58
268	141
415	250
488	276
395	392
361	118
310	33
330	352
47	69
387	276
268	263
99	116
89	175
252	145
474	470
99	474
426	501
508	173
426	485
276	377
269	159
33	182
310	379
106	411
310	310
508	290
310	173
499	10
310	256
310	156
474	429
106	361
451	123
141	89
310	89
110	485
123	189
426	435
112	33
310	213
474	187
330	269
106	499
310	252
474	190
415	182
60	440
33	106
310	33
310	28
508	116
345	123
508	234
415	508
426	116
365	182
289	298
156	153
440	10
345	269
112	416
474	72
241	41
474	89
106	93
47	106
106	252
474	361
310	221
182	392
440	435
370	203
426	205
89	1
508	365
310	310
310	106
182	182
10	389
440	345
310	123
415	426
241	89
327	278
106	435
361	345
310	415
241	214
415	128
327	340
474	89
87	29
345	67
112	39
87	67
474	361
289	128
89	256
437	503
269	90
310	474
116	444
415	426
508	379
337	82
72	246
379	128
106	485
220	228
327	379
305	324
143	390
437	298
252	67
89	182
187	116
310	199
57	401
464	336
310	89
310	119
87	89
485	138
187	54
474	491
145	196
415	338
51	109
474	77
426	281
248	28
310	508
99	467
106	339
310	39
310	508
283	187
156	89
221	62
417	153
426	474
365	8
415	20
112	327
252	87
508	10
416	343
112	145
310	24
145	223
440	210
474	390
379	16
435	41
82	228
310	351
426	221
89	119
106	265
474	89
310	10
99	488
508	156
310	415
310	33
248	368
426	122
106	7
333	368
248	186
351	24
333	474
10	185
293	39
283	72
116	50
351	10
333	327
156	116
361	182
310	499
3	97
143	312
345	297
106	392
417	35
310	435
287	94
474	343
310	343
508	89
156	219
310	333
499	93
440	450
220	131
457	389
415	89
199	209
169	10
508	48
106	499
252	35
352	298
310	116
327	379
437	386
136	399
310	51
112	210
33	507
415	426
310	141
112	116
310	116
252	324
417	89
10	479
479	89
386	16
37	54
269	19
474	178
143	276
143	10
499	206
310	60
6	401
187	191
310	89
61	377
10	182
269	175
426	110
187	399
330	192
89	505
415	72
474	182
72	252
508	276
426	491
508	252
416	503
464	203
310	356
310	99
310	407
112	351
33	486
87	193
310	411
10	193
241	148
426	142
508	106
47	228
379	89
401	320
293	187
333	187
310	98
310	412
310	310
241	417
474	345
415	379
310	390
423	340
415	33
417	444
112	508
179	324
300	345
502	467
72	210
82	435
156	89
474	150
51	501
192	264
310	331
17	319
116	123
187	238
106	193
33	464
457	123
72	6
310	310
112	24
252	252
310	150
10	128
440	41
187	156
508	392
327	94
415	8
370	488
310	206
474	483
426	116
143	37
334	412
143	502
88	171
444	201
508	435
51	230
286	1
467	0
119	39
91	145
160	72
503	75
230	230
82	230
351	263
50	191
508	252
310	16
187	89
241	298
310	310
340	101
426	365
499	324
10	504
327	164
508	333
252	89
106	72
474	449
426	10
112	483
10	219
417	177
361	199
310	501
415	351
314	377
379	252
310	358
310	474
474	235
263	317
248	6
51	500
33	89
474	65
248	276
508	10
310	208
365	193
136	345
10	369
10	401
474	266
221	365
310	253
415	69
199	355
106	252
310	440
474	345
155	263
143	145
310	143
10	345
82	116
310	235
415	330
47	392
293	192
310	248
112	330
221	435
426	411
10	464
241	171
330	224
437	497
370	340
417	184
10	269
241	82
426	230
310	160
417	44
57	361
474	156
310	112
415	407
50	89
508	156
106	390
352	464
310	269
248	379
230	361
415	136
14	89
106	20
330	10
310	89
220	413
106	57
502	390
310	57
310	435
351	118
426	145
474	345
426	145
228	494
415	327
370	89
310	333
252	412
300	10
228	256
281	390
331	435
337	355
331	252
467	165
474	10
136	62
333	60
415	106
182	449
478	70
330	253
276	376
474	341
106	182
508	143
337	361
310	415
508	345
361	324
415	51
165	399
337	324
6	418
310	276
426	451
440	153
351	263
415	145
248	156
7	324
327	483
502	106
298	269
310	106
423	440
333	10
508	33
310	508
508	89
310	155
310	172
310	345
502	263
310	106
310	310
310	429
462	276
106	246
417	145
283	365
47	324
310	370
310	310
345	0
483	175
310	502
474	474
310	153
310	82
216	237
310	298
351	365
310	310
33	368
426	272
82	377
310	104
51	20
310	10
508	61
387	123
426	106
426	297
99	470
47	426
241	65
89	191
337	228
187	7
310	200
293	123
143	263
415	421
508	273
310	415
182	476
199	339
508	340
310	435
310	283
310	426
415	10
426	390
310	379
310	379
106	328
99	116
423	295
160	417
82	228
508	508
116	252
352	10
485	429
300	72
106	263
421	228
310	310
93	193
82	67
310	395
415	252
106	499
361	182
310	252
106	345
310	415
234	89
298	145
112	365
457	345
310	31
423	10
426	106
112	89
386	70
318	122
415	72
310	82
508	182
112	248
99	483
499	51
310	358
327	269
426	175
435	89
235	473
112	10
106	72
352	206
69	89
310	426
33	203
10	365
440	182
293	256
252	390
426	252
435	65
319	412
379	229
318	345
283	228
121	193
47	256
298	7
47	10
379	243
193	464
344	187
327	82
345	263
310	143
62	279
330	106
435	94
47	106
478	421
333	501
256	26
10	182
415	230
379	37
426	437
47	289
355	8
50	123
47	474
457	324
324	85
330	106
143	331
106	433
112	106
341	483
305	193
386	427
437	444
508	106
508	35
351	476
112	474
69	483
112	464
508	421
310	278
198	1
415	33
341	295
112	8
365	124
426	106
116	295
387	35
47	96
310	312
33	435
395	424
456	9
116	1
426	159
426	252
426	50
298	345
112	351
41	145
310	318
474	28
33	235
199	89
474	285
508	412
268	481
82	414
310	421
106	499
310	508
60	165
426	444
426	187
377	48
415	128
450	401
241	464
310	252
415	223
33	467
82	115
426	182
276	418
487	276
106	10
241	417
499	369
310	265
106	237
440	1
333	392
289	474
263	392
508	8
310	99
474	228
426	418
310	116
310	488
426	437
106	106
379	29
54	182
121	483
106	165
426	361
310	1
106	247
333	263
252	252
173	145
143	212
415	379
310	205
106	182
440	145
72	252
10	460
193	324
351	255
474	199
106	495
182	368
51	248
161	175
426	263
143	370
116	223
340	392
252	7
474	474
379	77
310	51
474	179
426	389
415	351
351	10
310	263
310	295
415	76
431	89
112	331
241	193
310	259
440	199
415	209
310	506
143	10
450	89
112	106
415	106
241	89
310	426
379	77
265	435
340	464
437	252
389	89
310	106
161	263
355	362
415	187
300	476
72	173
415	324
330	476
310	247
169	462
33	263
319	89
241	319
112	377
310	327
485	281
474	286
389	198
483	90
99	276
377	205
434	89
268	345
415	89
47	499
392	101
310	417
99	276
362	223
351	286
156	252
298	412
112	503
351	377
112	379
10	65
310	191
112	506
112	20
395	263
415	72
112	488
333	501
310	89
234	67
508	164
423	440
310	293
310	10
327	145
72	412
508	405
310	33
10	295
51	390
116	476
89	412
488	1
310	374
310	247
415	333
112	1
310	14
310	199
352	161
199	392
143	193
508	221
143	89
508	295
416	324
263	182
112	375
182	459
248	276
143	124
474	67
310	376
112	94
370	312
106	499
91	193
106	89
310	284
310	426
112	41
417	365
508	333
508	99
278	8
415	128
310	276
392	19
201	334
310	426
508	252
470	104
387	89
87	451
444	412
50	355
128	19
82	228
206	298
310	330
310	28
330	426
310	106
179	89
99	389
351	67
508	230
508	467
502	248
499	345
33	474
508	89
508	351
145	336
474	72
426	345
426	175
167	256
310	365
426	89
112	426
439	392
499	499
112	99
389	203
440	286
415	256
415	0
33	28
499	252
112	252
508	340
426	10
310	310
67	7
112	330
508	435
365	334
370	39
467	156
493	324
435	20
401	182
508	362
10	213
365	324
181	276
415	437
72	39
450	89
7	324
252	456
361	263
106	269
483	276
121	365
99	221
230	28
415	503
128	89
241	298
112	298
137	392
351	265
417	470
352	252
112	474
106	213
187	488
506	20
106	175
265	125
310	173
310	502
379	123
265	276
128	444
89	122
426	123
116	142
47	143
89	65
310	89
379	479
10	361
273	345
99	407
112	327
112	483
361	223
508	10
310	227
440	252
20	504
72	50
10	252
310	89
112	469
269	182
423	281
67	65
310	415
289	327
333	39
333	351
132	263
474	148
474	269
508	1
112	162
330	252
415	112
310	415
499	228
310	379
426	104
435	228
333	407
310	77
327	145
426	506
169	3
252	365
265	392
298	54
361	365
327	474
167	407
508	390
327	389
128	23
156	89
241	407
470	205
467	324
327	46
508	474
259	401
310	355
112	392
99	72
206	355
10	358
310	263
310	105
440	10
331	252
457	252
310	483
395	494
361	89
136	28
106	464
415	171
186	89
421	89
327	474
474	273
508	235
361	50
474	476
310	228
310	386
310	72
47	392
286	276
112	256
193	20
423	435
483	89
99	20
508	252
228	162
33	499
263	276
395	345
252	324
333	182
310	362
112	82
228	182
310	276
423	268
269	483
252	223
361	255
426	401
116	109
365	275
310	252
106	177
112	295
112	50
235	269
345	228
51	51
426	252
379	263
310	470
10	66
230	278
345	387
187	94
106	256
474	116
51	263
426	252
503	125
426	286
50	20
310	106
389	390
462	16
310	252
488	451
426	167
276	324
6	281
412	324
327	392
310	269
112	160
310	263
310	142
440	365
248	10
508	467
310	89
221	179
57	440
333	230
252	182
10	164
474	440
310	310
10	203
252	374
289	320
89	255
269	30
10	182
33	370
310	474
330	57
106	48
310	430
508	345
310	269
106	26
33	338
69	392
8	374
352	298
10	276
310	10
112	365
300	10
22	358
370	191
277	429
106	324
310	175
47	252
310	112
143	210
310	10
452	379
361	89
508	10
82	10
106	474
265	331
499	252
193	8
499	256
467	483
112	252
467	85
474	485
417	76
112	252
327	449
89	159
503	263
455	392
452	481
99	230
51	281
313	232
310	150
310	156
60	278
365	377
310	161
310	252
417	182
365	126
310	48
72	365
33	365
253	252
499	401
310	169
499	417
488	276
426	106
327	182
310	362
89	193
99	387
112	33
508	268
423	344
345	272
440	212
47	365
300	7
300	390
106	256
310	193
361	263
99	392
310	145
470	269
310	89
345	7
415	483
502	169
351	159
47	145
327	468
310	330
310	327
112	387
112	426
426	111
283	450
33	295
310	338
41	228
310	263
474	238
310	89
72	365
310	143
310	286
310	426
474	116
310	182
310	377
310	298
474	470
106	246
51	219
199	141
310	310
508	33
182	48
508	191
488	365
421	123
241	352
252	185
143	417
91	69
265	66
99	429
386	153
310	329
508	392
10	72
508	156
508	136
333	476
241	248
508	98
310	390
310	295
248	259
28	219
185	145
310	106
47	33
310	426
440	483
286	115
10	223
300	165
327	228
474	379
351	390
351	252
330	160
415	331
474	89
143	187
112	106
156	155
47	252
426	82
430	499
474	153
199	387
278	137
99	19
230	173
407	193
10	87
173	89
379	417
430	106
474	82
147	150
268	156
241	355
351	248
187	379
305	210
187	182
10	365
10	392
415	426
426	169
365	89
10	365
310	432
248	89
33	228
33	474
310	0
435	228
141	276
268	252
206	116
483	276
310	51
417	387
474	399
269	41
33	334
112	474
112	426
310	298
426	298
310	426
33	106
310	40
327	306
147	96
417	182
310	327
60	159
221	252
430	340
156	252
508	305
193	8
283	187
483	392
310	426
112	435
310	452
147	455
327	389
508	256
310	333
47	101
106	327
426	150
106	228
106	206
106	499
106	230
508	10
330	483
47	106
415	488
47	474
395	15
47	201
269	48
310	333
327	440
305	503
474	392
10	2
252	238
179	192
69	281
87	338
33	440
333	206
310	338
106	230
10	164
29	295
417	89
47	351
310	483
310	421
91	37
10	298
60	298
310	451
310	352
112	67
106	337
298	429
106	494
106	252
310	123
415	26
502	182
310	46
330	276
112	241
310	503
252	252
112	248
352	132
508	241
310	366
181	395
286	89
333	116
318	276
426	365
269	89
499	444
310	440
429	505
434	324
337	228
252	89
351	287
293	206
508	289
94	392
467	39
310	392
331	252
310	72
499	392
33	354
82	365
508	252
269	159
474	72
310	173
415	256
89	193
310	415
474	474
499	72
437	46
47	434
304	374
99	473
474	417
143	440
437	355
112	298
310	392
310	437
206	193
106	269
310	355
310	191
89	228
248	199
327	10
426	164
108	90
351	160
72	192
47	455
116	149
310	327
304	75
248	397
7	463
310	426
426	213
508	116
269	1
112	246
407	345
47	258
300	352
415	508
230	62
310	50
10	417
415	230
228	205
483	89
310	47
387	483
150	184
47	392
248	10
82	119
330	47
228	7
310	106
310	485
10	10
178	175
474	505
143	355
310	28
10	495
503	237
508	269
310	51
300	392
474	435
387	35
440	230
310	156
106	7
300	474
435	89
248	169
415	234
408	145
503	435
356	89
415	390
508	223
310	440
426	6
70	145
252	456
112	305
169	89
310	415
116	148
252	89
310	379
508	116
106	39
352	149
89	191
387	399
300	452
426	128
