139	241
144	203
126	185
249	91
232	182
50	2
29	153
109	2
12	114
98	51
98	65
71	121
29	56
236	50
29	2
131	74
29	29
29	65
43	191
109	51
65	104
97	63
29	104
29	58
98	61
29	104
168	164
140	54
29	36
15	227
36	114
109	93
98	230
109	204
29	196
249	193
29	211
85	65
98	209
95	73
188	24
86	212
29	252
98	42
12	113
245	15
29	239
238	185
253	224
218	247
193	217
50	179
98	245
204	65
29	185
104	133
29	249
249	80
249	80
12	208
249	193
195	48
29	29
29	163
29	189
65	134
15	114
29	50
249	64
50	65
139	212
139	168
42	43
29	191
29	236
29	50
85	144
191	185
204	185
204	19
29	104
29	33
29	189
153	121
135	36
193	124
188	93
29	64
109	185
85	252
109	2
12	212
98	71
109	185
2	93
65	36
179	97
3	99
213	140
43	243
29	121
98	42
109	144
188	7
99	32
29	185
29	252
29	134
29	251
71	90
44	188
185	171
185	114
29	176
45	9
193	105
3	184
245	15
61	130
29	85
154	36
185	121
99	223
109	79
29	64
29	252
15	185
29	188
144	185
144	93
50	203
193	209
98	130
29	109
30	155
50	65
249	230
236	212
64	36
29	26
29	188
65	33
34	50
29	98
29	230
179	224
29	109
205	184
29	236
237	33
131	64
165	55
193	3
178	140
144	50
249	144
98	119
253	217
29	50
139	217
217	231
29	87
14	185
173	196
110	55
98	179
224	19
45	2
249	252
97	43
185	74
249	3
185	185
144	50
2	225
98	130
181	93
230	55
185	212
249	90
98	79
29	42
249	79
252	65
51	181
98	51
65	135
233	230
134	140
109	168
189	185
249	2
224	73
64	230
98	43
12	156
109	51
36	140
193	9
29	193
50	134
144	139
188	217
29	56
56	185
111	87
61	121
61	3
249	65
45	110
29	50
144	50
29	125
50	211
98	181
125	233
185	52
29	80
29	45
85	36
29	98
65	74
51	160
238	185
29	19
109	185
181	65
249	249
29	51
12	204
188	233
29	109
65	185
249	71
29	61
109	236
65	233
170	171
45	211
193	44
239	224
29	98
29	238
29	217
29	99
253	185
29	193
203	203
79	104
29	19
98	204
3	99
29	135
204	74
172	35
74	62
29	185
124	36
179	65
29	165
50	233
252	164
188	59
120	213
110	65
29	144
61	121
98	45
249	252
98	252
65	149
65	36
50	174
29	253
193	81
144	217
249	150
224	185
193	24
45	61
249	193
29	87
125	203
205	153
36	55
188	203
29	144
64	153
50	126
45	26
29	230
193	144
236	114
98	144
181	65
99	241
249	252
87	241
171	192
188	89
98	139
65	230
236	193
29	157
29	249
3	65
144	99
80	149
249	140
249	193
98	245
29	223
65	33
2	93
110	97
99	43
188	225
98	79
172	139
144	65
98	134
98	140
50	164
193	12
71	141
204	230
249	50
193	188
249	162
50	126
29	50
193	185
109	23
127	212
29	204
29	74
29	104
85	85
193	50
109	140
51	102
29	179
29	144
65	22
249	193
29	107
98	197
29	193
29	65
109	185
61	65
29	29
71	153
12	121
204	121
109	65
71	62
210	135
98	98
109	43
217	23
29	55
29	186
153	11
29	56
29	140
29	29
233	121
99	225
181	144
193	140
45	110
29	188
29	241
29	181
65	43
203	185
144	127
36	114
139	224
29	56
109	213
29	125
109	188
29	83
29	124
249	26
193	125
29	134
144	188
98	109
249	3
181	252
179	185
193	4
185	19
109	80
50	119
135	230
139	26
99	150
79	135
98	50
189	140
109	3
50	23
249	193
245	202
144	121
87	188
29	51
43	140
51	50
29	50
98	204
98	50
51	203
193	44
29	71
144	16
29	109
12	247
29	104
109	170
249	80
249	236
168	230
51	65
50	139
85	62
65	65
109	224
109	62
50	23
29	127
185	62
144	23
29	78
144	43
193	7
99	15
29	109
125	65
61	252
99	188
193	67
29	249
162	217
237	230
98	45
179	167
193	139
144	36
65	24
249	61
98	120
29	99
253	79
42	178
29	2
50	133
255	185
50	102
98	185
61	227
249	236
65	65
109	85
109	173
144	133
71	81
51	253
50	115
29	107
3	185
98	121
71	105
61	90
109	157
193	99
72	251
173	131
90	223
193	126
98	23
193	144
249	252
29	103
99	134
109	104
105	185
99	33
50	81
29	168
27	55
109	85
61	36
29	42
65	43
29	194
35	63
249	97
50	178
29	185
193	26
249	43
135	185
204	185
144	3
131	134
234	250
98	203
179	212
50	75
109	42
109	171
205	144
109	104
98	188
3	96
99	87
252	230
29	87
144	141
44	79
29	230
193	170
240	185
29	249
98	14
29	249
144	185
50	126
29	61
45	181
144	192
12	2
98	203
29	121
185	230
87	2
144	50
44	185
109	102
144	55
65	43
224	62
249	185
209	230
65	43
29	23
61	42
2	185
85	185
193	185
144	125
249	113
29	230
254	241
178	227
139	54
109	19
144	217
237	203
85	23
144	104
29	51
179	95
51	65
96	203
85	230
81	185
249	15
29	255
29	212
237	69
29	3
205	105
75	171
23	167
249	193
29	181
185	168
144	84
64	65
249	195
252	36
29	65
29	29
15	93
98	141
29	140
29	65
29	236
71	65
50	135
181	0
205	203
237	203
252	9
124	163
147	141
185	171
181	42
45	140
29	141
29	26
29	223
79	0
254	9
71	50
85	227
144	233
29	193
12	126
188	65
98	196
181	139
98	32
34	134
96	252
249	37
61	139
109	238
61	144
109	71
109	181
249	15
50	55
29	213
29	29
12	105
204	121
236	203
163	104
249	12
99	179
188	153
61	204
29	238
29	15
33	223
86	217
45	85
233	251
29	93
193	127
61	212
144	36
29	191
12	230
71	131
144	134
98	3
249	93
144	179
29	178
29	144
29	245
71	42
29	51
109	109
135	7
2	227
249	144
99	65
249	193
153	23
137	185
124	19
252	230
61	193
249	249
44	33
217	152
85	104
61	47
237	212
249	144
185	241
29	203
36	227
3	162
85	65
65	185
29	45
51	139
71	125
188	114
249	50
139	185
144	114
79	153
33	185
179	141
249	214
232	58
29	71
240	247
249	249
29	65
193	144
29	50
144	188
29	109
12	185
29	185
204	178
204	230
61	110
109	227
29	144
109	212
144	65
181	65
185	62
29	196
252	160
50	107
29	144
29	48
109	185
236	71
29	179
29	50
249	252
131	203
79	217
29	204
29	194
85	204
185	171
29	171
87	203
87	134
50	224
29	98
185	241
29	65
111	17
144	188
2	227
125	203
144	9
29	249
181	90
29	153
193	185
29	146
50	50
144	155
109	12
98	107
71	164
50	134
172	50
14	15
193	144
104	235
109	173
29	99
249	65
203	104
193	165
139	113
249	242
29	134
249	205
249	2
185	63
29	154
188	130
29	212
29	185
29	98
98	249
249	144
50	165
209	140
9	150
189	97
29	63
134	36
193	203
29	185
51	9
29	27
29	104
97	55
109	233
3	131
29	114
29	45
29	121
15	36
98	214
238	220
29	12
29	204
29	134
98	34
109	65
181	42
249	164
204	134
163	36
49	133
29	144
181	87
9	152
29	249
204	124
109	230
29	252
144	224
29	146
85	2
193	198
121	230
249	243
50	203
29	193
185	140
19	213
193	75
51	12
172	55
193	33
51	140
65	168
29	254
65	93
181	141
98	2
98	217
133	241
29	50
127	185
227	90
29	75
29	144
252	241
109	168
109	93
29	45
29	193
29	109
96	208
98	185
185	93
193	2
71	179
2	140
65	185
29	98
249	185
45	209
29	144
79	185
29	139
71	134
144	2
74	11
125	133
109	3
29	137
98	36
71	171
29	196
109	144
109	61
35	217
249	152
144	12
109	193
126	238
29	232
51	93
29	245
50	139
109	144
253	204
29	141
2	121
111	36
144	74
135	93
12	50
29	139
85	9
193	65
50	8
178	121
29	8
203	22
29	144
179	56
109	26
29	198
29	29
134	19
71	139
131	2
98	210
3	218
131	121
185	230
98	19
109	230
144	179
204	17
33	241
29	61
2	77
98	109
29	188
98	45
209	230
189	93
29	221
50	130
3	17
29	135
65	19
181	36
35	184
98	249
50	179
205	185
236	139
193	185
249	193
181	16
98	245
233	140
98	230
85	64
121	230
212	24
65	15
50	185
91	198
98	23
56	150
193	91
205	144
65	191
43	185
99	191
29	217
236	171
29	144
109	50
144	121
185	133
29	249
126	113
221	252
124	185
98	71
61	17
115	230
44	212
181	85
109	134
56	185
125	35
188	93
153	150
12	65
50	168
144	185
85	104
134	15
29	24
29	43
50	230
12	42
29	203
29	29
172	157
193	252
29	193
98	93
144	81
51	171
29	97
45	121
236	195
80	121
29	193
211	212
61	144
85	144
249	109
98	2
98	193
43	26
29	204
29	137
205	123
61	140
249	252
61	95
29	171
29	29
249	104
193	185
80	119
109	179
85	43
249	185
61	121
173	185
98	51
50	164
236	81
249	80
29	85
85	65
29	50
221	50
109	181
99	185
17	5
29	144
144	164
50	185
50	212
29	51
98	171
121	246
144	134
29	65
238	56
97	140
245	65
144	179
61	202
181	77
249	212
99	134
131	134
42	65
245	79
65	224
3	74
45	85
144	64
139	128
29	193
98	162
144	144
29	104
249	19
29	231
168	140
181	71
99	65
29	252
29	109
109	193
29	235
42	185
65	185
15	139
173	185
29	34
65	230
131	50
29	17
29	35
144	233
50	19
189	135
51	68
249	121
29	250
50	74
23	198
252	90
29	44
3	50
109	43
29	104
203	176
249	109
29	10
85	36
29	2
29	237
98	168
99	224
29	140
29	121
181	12
99	185
50	135
29	29
193	185
29	65
29	43
71	184
98	51
249	171
203	140
29	204
237	65
103	214
144	15
29	51
249	179
249	144
50	165
51	41
61	65
29	168
205	144
161	121
71	164
120	241
131	203
29	157
86	134
29	65
29	15
109	204
29	249
29	98
249	185
29	185
109	51
29	146
249	193
51	127
29	171
98	71
50	137
98	217
204	90
236	65
249	185
139	203
29	193
203	230
65	164
249	139
144	179
99	43
144	164
64	23
249	65
98	50
42	163
109	93
98	42
178	43
181	50
139	133
179	65
98	185
236	50
29	12
249	26
3	73
29	36
81	36
249	189
245	50
144	179
29	227
3	222
249	185
193	42
95	171
147	203
50	43
65	90
144	224
249	188
29	71
79	203
65	255
61	56
193	50
238	185
176	215
191	75
61	121
34	65
252	212
203	121
3	233
193	139
135	212
146	55
98	140
131	233
109	237
204	55
99	174
249	249
12	178
172	203
193	26
29	112
65	81
236	115
111	35
33	241
195	141
12	43
109	193
109	144
85	168
249	221
29	31
85	17
193	179
78	93
85	230
29	99
97	235
71	58
29	139
144	121
204	90
134	121
29	104
109	134
245	185
144	130
51	226
193	66
252	33
179	65
249	45
57	141
98	249
71	65
188	185
98	65
249	236
249	45
42	167
98	98
29	249
249	54
15	213
12	152
14	134
249	204
2	246
29	185
109	62
29	109
245	43
29	193
236	185
45	36
29	50
29	144
29	214
33	140
130	209
249	109
193	188
12	164
50	36
50	93
249	26
29	35
29	203
15	104
51	231
61	75
249	109
191	152
61	49
109	78
29	50
51	188
125	97
29	109
50	93
29	204
64	153
65	126
172	95
179	179
29	193
98	193
172	50
98	185
50	251
97	148
29	75
189	185
98	139
204	222
9	121
29	65
29	176
29	64
50	171
193	230
61	93
50	65
109	114
79	163
236	99
98	236
29	65
99	141
2	119
29	50
51	204
236	61
239	63
29	51
50	16
29	98
71	139
105	19
193	221
29	171
193	134
29	198
29	50
85	131
42	17
109	164
249	223
202	55
104	19
125	15
29	80
120	223
249	2
2	238
85	119
193	90
65	217
29	236
204	65
224	185
29	65
252	241
85	121
29	23
29	98
104	223
237	185
98	90
2	156
105	80
204	104
179	139
98	181
34	114
2	160
29	130
29	98
173	139
2	185
193	140
144	203
29	50
61	133
135	140
249	3
51	90
109	184
181	179
193	32
176	185
71	141
23	68
139	217
44	50
109	253
29	206
144	50
99	133
98	144
98	43
212	230
249	50
32	9
29	55
193	12
249	176
249	61
109	134
144	23
29	98
12	149
29	188
144	153
221	23
173	144
29	104
29	50
245	179
181	12
29	65
193	179
109	157
3	204
193	131
29	230
29	185
98	185
93	241
236	205
238	185
224	22
109	78
98	185
43	59
45	155
181	144
15	36
173	36
29	121
29	233
221	212
98	137
205	48
29	12
29	42
45	45
124	185
212	230
189	203
144	133
249	224
98	36
85	24
131	65
221	201
109	50
193	71
193	65
144	19
12	252
134	185
29	205
193	233
29	110
109	163
98	121
29	249
97	127
29	204
99	212
109	80
35	65
98	65
109	232
179	73
98	93
45	50
65	141
173	144
29	214
204	65
188	165
241	230
144	65
29	212
29	183
45	164
249	8
42	155
134	83
98	98
29	50
29	139
193	204
61	42
29	105
193	205
50	185
29	139
98	50
245	43
29	71
98	134
29	50
146	65
29	65
29	236
2	185
249	181
109	144
65	230
29	203
65	141
109	245
193	239
134	168
193	144
109	217
29	204
29	157
109	185
98	144
134	93
64	194
188	140
179	2
109	178
249	65
29	121
144	103
249	144
171	53
219	122
29	65
17	185
134	153
33	117
79	65
29	104
134	43
9	91
29	29
98	33
61	23
173	58
249	139
249	245
144	2
15	154
71	188
185	23
236	43
99	65
29	87
181	162
249	125
29	179
179	107
193	233
66	217
29	51
130	43
162	238
189	99
71	93
109	225
35	81
98	246
252	212
236	193
45	237
185	230
86	93
85	144
204	93
193	62
61	193
61	50
36	62
65	9
193	182
193	193
249	121
185	217
224	133
98	193
50	239
98	249
181	0
31	26
29	43
135	62
29	17
130	212
249	45
144	164
3	121
98	62
98	139
65	90
61	101
109	65
98	185
144	223
12	184
65	19
29	115
249	50
144	74
29	98
105	164
71	179
12	140
144	144
144	65
185	230
2	93
99	95
109	193
51	220
188	121
23	167
29	26
109	168
217	90
32	175
193	164
185	90
144	134
29	107
109	152
193	171
65	121
19	230
249	227
29	193
125	200
71	230
109	211
3	46
144	55
252	121
188	90
239	134
181	144
211	185
125	185
2	197
29	188
144	9
98	65
85	185
50	233
29	98
50	212
81	247
193	15
193	85
50	104
29	50
29	109
179	48
12	50
50	121
134	33
98	50
65	43
29	181
105	89
29	98
193	90
144	65
144	157
109	205
144	99
29	50
188	224
29	211
29	17
29	93
109	227
193	178
204	196
99	77
97	140
29	203
144	121
15	185
15	90
191	185
50	226
236	104
29	12
74	140
45	3
3	204
109	192
29	50
203	63
109	185
109	121
99	179
98	238
193	124
144	134
29	109
29	104
29	181
85	15
98	36
61	121
189	144
65	217
188	65
193	189
109	50
29	236
188	2
252	203
17	120
42	15
29	65
98	191
109	228
29	125
146	164
50	230
125	130
29	144
188	36
3	124
51	144
124	135
50	223
109	65
29	16
61	165
144	212
29	189
65	16
139	203
65	185
253	217
109	193
188	19
98	205
109	105
134	185
189	223
29	65
98	90
98	93
29	65
50	230
98	141
104	93
3	127
179	171
98	124
203	185
29	35
179	93
191	246
99	134
193	134
50	104
212	230
12	2
236	223
51	144
181	253
3	93
125	15
51	139
44	217
29	181
51	83
109	64
3	26
65	251
3	50
50	212
51	87
45	203
65	139
144	16
98	233
50	115
65	93
29	204
236	114
29	164
50	177
172	126
211	141
252	185
29	50
29	144
204	230
29	240
65	80
51	43
144	179
98	99
61	65
29	101
29	87
85	204
50	15
179	36
179	185
98	50
204	185
12	50
193	30
249	109
185	222
35	115
163	233
51	125
109	42
193	153
85	43
61	51
43	212
29	238
45	203
29	71
212	217
29	98
249	165
75	140
29	224
238	81
204	15
98	223
105	217
98	61
50	43
193	141
193	15
249	204
3	99
29	126
179	156
29	154
98	144
185	185
50	185
29	36
50	134
249	179
205	86
93	165
29	109
181	230
65	185
144	2
65	133
203	141
29	83
61	51
50	93
121	222
12	104
193	252
165	4
144	104
127	185
2	2
29	144
189	153
125	64
29	57
109	149
71	64
98	104
98	50
29	181
50	171
109	100
249	223
236	157
152	62
85	12
61	71
134	126
29	185
98	9
179	230
144	139
249	214
125	140
249	3
2	185
29	47
12	15
29	249
29	98
50	24
29	87
236	193
237	188
204	93
125	208
203	20
249	3
32	90
131	97
98	239
109	205
144	65
237	34
50	93
36	55
3	217
64	246
245	43
125	90
29	109
193	210
29	0
99	50
252	139
109	189
221	50
188	233
35	223
203	230
191	104
249	119
109	3
29	45
3	204
212	59
144	15
193	50
139	230
249	185
45	171
29	196
15	36
109	212
61	131
178	65
236	252
249	65
212	74
249	65
29	212
29	2
3	99
104	217
236	81
3	65
193	43
29	29
249	217
181	10
189	224
61	193
236	181
139	140
245	50
144	23
193	247
98	249
131	113
29	140
33	121
96	93
193	217
93	36
3	80
237	26
61	119
29	71
203	185
249	43
15	81
249	33
2	33
71	86
45	165
237	120
109	3
3	71
44	50
249	26
193	157
43	114
29	249
134	223
242	251
179	65
51	194
139	238
29	230
3	2
253	206
98	173
144	224
109	65
29	109
135	36
29	61
227	103
29	147
26	119
2	224
12	93
193	43
193	36
50	134
42	137
179	174
144	238
29	61
109	236
249	146
85	50
104	157
109	144
193	212
204	230
29	70
253	203
61	71
65	191
236	15
26	119
29	181
144	139
29	163
43	56
51	44
249	12
2	122
79	235
29	217
249	36
249	26
85	15
98	23
109	185
144	36
193	203
51	50
50	188
198	157
211	139
29	185
252	65
114	62
98	144
65	114
185	36
29	29
204	140
99	103
253	241
36	140
29	43
29	144
29	71
29	122
65	251
193	178
144	134
51	217
71	179
29	65
3	134
249	153
85	15
29	4
185	7
15	139
98	9
50	164
50	95
144	144
236	107
50	93
50	227
29	139
19	23
98	109
249	104
29	193
29	43
45	212
99	140
65	209
193	73
65	213
29	156
9	93
65	165
29	193
29	185
50	203
61	252
139	182
71	185
185	93
50	203
29	135
181	65
29	3
236	181
181	139
193	12
249	144
29	194
65	93
50	212
185	74
99	202
29	134
179	2
29	19
98	185
144	177
29	50
15	217
29	140
236	238
3	153
29	144
249	16
249	87
50	157
98	92
249	95
249	77
45	140
109	2
211	140
181	9
195	17
181	71
98	50
85	204
65	119
98	98
144	121
43	105
109	2
249	203
51	15
3	188
50	165
144	36
29	48
29	74
61	93
249	171
193	172
85	223
29	109
173	196
193	241
85	157
249	71
139	36
65	97
193	134
204	230
179	204
185	171
111	105
98	48
78	144
51	135
44	65
193	157
45	185
29	109
65	185
12	139
15	19
110	105
98	99
160	74
173	104
193	230
238	185
50	177
245	218
44	87
50	135
193	64
98	56
65	105
249	119
43	140
2	212
29	23
29	125
249	164
249	50
29	157
42	230
221	134
185	73
179	75
181	85
144	19
121	156
193	125
98	71
212	230
65	224
181	185
51	172
109	139
188	2
29	193
33	185
193	186
249	185
224	103
193	12
29	191
236	71
249	97
29	29
93	114
45	153
65	104
64	59
19	140
29	144
12	230
3	140
29	50
50	52
181	104
29	110
61	50
233	23
109	65
43	185
221	185
29	217
204	153
61	181
2	114
29	51
204	133
29	168
204	15
203	217
50	95
3	139
181	85
181	144
65	185
110	194
29	98
29	144
98	139
3	214
29	249
29	8
185	165
43	81
98	249
29	98
188	239
50	65
51	138
29	131
29	193
29	185
29	121
99	93
109	50
249	19
85	203
42	119
29	24
185	140
45	55
109	99
209	28
249	236
29	239
109	217
205	164
204	157
188	35
50	242
99	65
29	98
65	133
109	85
2	185
249	110
29	114
193	203
121	241
249	43
29	50
234	36
44	77
65	157
176	23
45	245
42	121
29	188
179	105
29	212
249	252
29	109
237	81
45	130
185	62
98	249
104	168
29	205
193	237
139	105
189	50
181	134
99	211
3	120
29	252
29	202
29	249
51	134
79	54
181	65
29	236
29	65
29	104
163	62
29	185
204	14
44	15
50	4
98	249
249	193
29	202
43	19
249	2
29	139
109	196
241	213
99	62
50	65
111	23
164	62
110	239
29	237
35	243
50	191
98	42
29	221
135	212
65	65
29	43
185	36
29	35
29	246
12	233
185	93
236	168
193	110
30	230
42	121
144	185
29	23
12	204
252	203
109	97
109	2
80	114
249	179
29	97
85	71
135	93
109	65
3	141
144	50
120	185
252	185
29	29
29	121
98	109
98	168
173	36
212	121
249	230
99	50
109	144
29	249
29	185
144	165
178	157
29	193
85	71
51	224
193	230
29	144
29	230
193	43
29	104
99	213
51	3
112	185
29	110
29	122
193	65
98	144
29	29
188	203
29	236
98	236
29	205
104	140
29	29
87	124
91	58
9	93
3	230
29	157
249	185
188	252
253	217
50	185
181	3
29	65
35	65
29	153
144	185
109	2
179	224
50	50
12	233
61	175
99	204
161	212
45	109
98	164
29	249
29	36
36	83
193	178
29	178
189	185
71	80
109	93
29	43
29	149
144	179
36	243
65	121
12	185
2	139
236	139
85	50
51	124
29	15
12	65
71	15
29	144
193	3
144	252
249	205
3	93
185	241
29	109
99	223
172	36
126	171
245	121
80	187
249	24
45	204
12	241
29	98
29	211
179	202
193	178
50	36
98	65
29	185
2	243
93	90
110	212
29	50
85	126
181	230
121	119
65	43
144	3
146	43
65	163
98	124
29	185
249	109
65	153
29	101
111	185
109	198
29	26
173	196
98	193
33	55
179	134
252	43
173	65
29	29
209	104
193	178
249	237
144	252
85	2
3	32
130	139
249	252
109	93
99	93
99	185
2	26
139	55
3	55
236	144
144	2
212	140
29	43
193	134
65	171
130	17
61	2
29	179
85	50
29	224
109	65
144	185
29	3
85	212
144	50
249	126
249	210
193	165
42	185
3	203
191	23
12	176
12	230
61	51
133	27
29	29
45	50
85	105
12	55
71	174
104	6
193	36
43	62
29	42
140	119
249	253
29	120
65	26
43	24
249	126
98	204
109	193
85	3
185	27
252	26
109	212
253	93
217	230
29	144
79	36
50	50
50	17
193	252
144	17
29	232
249	70
29	29
99	141
97	43
29	98
29	36
109	144
98	254
124	62
249	193
210	90
12	139
29	95
93	168
29	188
45	2
29	211
50	15
29	144
109	179
98	230
109	181
65	185
29	179
249	139
193	185
71	2
98	109
125	80
50	81
29	71
51	152
249	217
29	98
51	254
185	36
98	212
29	139
179	36
236	144
29	15
249	181
249	11
245	99
185	212
71	43
50	157
51	133
29	35
253	64
193	43
29	125
85	134
12	140
29	43
109	110
173	220
29	188
51	185
45	217
193	197
109	99
193	65
29	104
109	165
191	62
43	153
144	235
252	175
236	87
109	30
144	160
172	65
109	65
50	120
99	134
51	80
51	65
29	51
152	119
189	65
178	150
98	181
29	61
126	241
29	139
144	185
85	36
109	236
12	121
61	230
179	43
43	203
121	140
61	124
71	104
29	98
29	109
109	24
29	64
74	75
45	126
144	185
144	50
144	154
29	120
98	45
144	66
98	137
249	155
236	95
109	2
12	126
217	175
238	151
109	3
29	29
29	204
178	81
144	17
109	65
109	126
98	36
44	204
61	203
99	119
98	193
45	109
45	185
249	184
81	104
44	141
98	99
203	213
29	139
29	104
29	185
32	230
50	130
29	213
87	252
245	230
109	77
29	29
12	90
12	36
79	139
135	36
17	185
131	50
98	196
29	109
29	29
98	133
233	36
99	50
236	153
204	255
29	212
211	127
249	203
98	98
42	208
144	238
29	217
71	99
245	211
249	50
29	187
29	209
249	15
65	184
249	168
109	185
144	36
249	203
204	19
139	121
97	36
188	43
29	236
50	163
85	230
98	80
95	185
29	119
51	185
15	212
109	185
249	252
36	103
65	185
236	61
135	185
29	50
236	196
48	164
218	230
144	11
29	51
254	121
249	193
245	179
178	121
45	15
29	143
134	134
249	87
249	3
105	241
29	50
29	230
29	203
252	73
144	134
249	107
98	188
29	95
227	73
144	185
98	236
254	140
237	93
29	29
29	109
71	8
50	65
98	139
29	199
249	63
252	9
217	222
109	50
98	109
124	230
181	203
154	185
237	65
81	90
61	124
140	119
188	252
185	119
121	140
104	27
9	185
29	50
249	140
179	65
12	188
29	61
109	25
29	65
29	157
29	36
45	107
189	11
97	123
29	193
205	121
178	15
236	93
249	65
29	203
144	230
29	109
57	185
3	157
29	99
99	204
29	204
29	221
144	124
29	204
17	185
109	26
203	119
193	188
237	41
2	36
161	93
74	23
125	99
134	185
35	230
65	160
249	45
29	236
29	26
193	135
15	75
86	247
50	50
99	59
29	72
61	36
185	68
50	121
15	36
144	14
249	214
178	185
139	154
144	104
205	217
193	119
29	15
236	185
29	144
98	203
29	213
249	2
98	99
185	243
65	65
29	3
121	22
109	144
185	165
29	211
110	19
29	188
98	217
134	212
109	17
71	50
97	26
50	95
204	230
144	65
193	134
104	46
193	3
224	93
29	29
98	204
98	109
249	185
29	51
12	15
29	62
204	32
221	63
204	20
252	119
2	126
213	140
45	104
185	141
255	33
204	185
80	114
71	2
181	178
98	109
98	241
48	95
253	140
85	131
109	99
29	79
29	233
144	3
29	55
185	121
249	33
29	3
29	249
29	85
179	79
71	185
109	15
29	212
98	109
3	141
185	212
109	114
144	126
249	185
221	50
109	144
185	19
188	75
98	193
185	246
3	23
237	153
109	121
217	4
43	23
12	24
29	55
126	121
2	174
125	48
144	139
124	62
45	239
51	204
29	90
61	134
253	134
50	191
3	245
144	104
154	153
98	51
109	110
188	134
29	79
144	185
109	134
249	212
14	139
205	252
29	245
29	98
29	203
29	157
126	185
29	3
29	109
98	2
134	20
253	203
146	36
29	217
50	226
29	204
17	90
29	79
32	213
3	64
212	165
98	193
50	65
29	193
2	36
3	114
98	144
144	150
204	149
50	43
29	139
110	198
42	185
98	15
224	230
252	157
184	165
252	225
193	90
249	252
144	96
178	238
252	134
29	133
98	144
29	203
29	109
65	128
50	81
249	109
144	174
50	65
104	93
65	185
113	241
64	255
50	122
29	188
115	55
109	43
126	16
185	77
78	230
29	33
185	140
181	185
181	2
17	203
109	81
98	44
181	179
29	237
193	17
98	51
50	80
50	153
217	230
29	51
85	110
54	157
249	193
43	226
185	212
3	230
29	109
29	241
193	174
249	196
98	204
104	133
144	185
193	217
71	121
50	212
12	15
144	217
193	19
35	65
71	65
204	246
29	233
245	50
98	118
29	171
29	29
12	103
239	185
71	204
29	51
109	185
109	119
109	144
109	43
15	185
29	139
109	211
29	171
179	157
61	121
193	97
85	87
29	144
249	3
203	185
50	134
236	134
130	133
29	131
43	43
144	144
249	192
29	185
65	15
65	185
29	61
98	235
3	63
221	55
110	152
144	185
144	80
249	144
65	36
29	173
29	211
204	65
98	51
139	93
130	184
144	93
65	164
204	105
3	62
29	71
249	185
236	65
61	160
29	203
29	245
29	43
50	80
193	1
249	50
29	105
144	81
125	13
181	65
85	65
173	50
50	254
50	79
71	36
98	224
193	65
29	12
29	93
85	65
99	50
179	153
29	24
29	203
185	213
29	144
17	135
98	160
253	179
249	50
185	23
29	212
193	65
87	76
98	9
179	139
188	185
98	179
193	208
98	235
2	55
61	15
134	223
29	87
144	65
29	109
252	27
29	61
61	144
197	196
249	150
210	126
45	123
51	11
109	18
249	139
212	115
249	185
139	241
12	188
65	19
29	193
45	12
109	170
131	179
65	89
193	223
29	50
98	224
237	24
179	28
236	185
61	65
110	43
29	3
29	109
109	81
50	65
144	238
3	23
193	171
29	212
98	193
144	114
15	104
109	104
45	36
173	121
29	85
144	188
193	95
29	65
185	217
29	246
249	109
249	65
155	213
236	43
134	217
204	43
98	204
109	165
236	222
144	208
249	203
98	181
126	75
50	126
29	189
12	121
50	65
67	206
51	43
109	171
212	156
217	230
98	61
65	139
29	99
29	85
249	236
109	155
204	191
61	144
29	182
3	124
66	241
29	109
212	23
98	185
191	217
249	121
29	144
204	209
29	98
109	188
29	144
98	20
35	134
193	85
29	15
12	134
34	7
29	185
29	85
61	203
0	121
29	105
50	2
64	213
3	2
3	188
29	35
193	140
107	90
29	227
249	104
29	50
193	50
50	65
31	76
50	228
98	181
121	230
29	189
51	93
71	134
181	204
211	55
29	172
29	121
203	58
98	22
249	62
109	200
50	204
185	196
85	12
50	114
29	181
185	55
15	185
185	23
29	109
237	184
65	185
98	144
253	174
29	65
144	188
50	97
109	181
83	23
250	62
2	170
2	139
237	185
249	65
173	133
144	131
138	217
29	109
193	9
249	173
2	254
252	26
29	181
125	50
65	104
154	192
29	185
51	144
50	2
249	54
109	19
65	223
29	107
109	210
65	121
98	179
2	203
12	121
249	65
165	83
29	249
109	243
181	144
252	185
3	97
236	141
93	133
35	121
45	193
43	53
61	44
110	121
98	144
12	217
50	185
193	223
29	30
2	36
233	185
29	98
236	133
29	211
61	134
205	230
253	43
73	247
65	65
61	65
109	193
236	105
65	43
2	36
42	212
109	50
2	23
193	9
29	71
29	23
29	119
135	164
194	185
139	224
50	203
181	230
249	80
181	176
110	56
29	204
79	214
185	36
45	65
109	50
193	171
144	2
50	17
125	230
29	85
181	35
29	212
138	36
29	93
45	50
204	135
144	50
29	2
249	85
51	185
29	15
203	217
29	181
45	71
97	212
29	99
29	212
65	185
99	50
29	50
179	128
29	16
29	212
3	2
43	121
249	203
29	144
29	36
50	64
203	62
99	179
188	2
43	33
99	162
29	241
29	43
98	188
61	175
109	252
98	3
29	185
193	144
61	113
193	55
79	43
134	76
50	2
29	50
144	99
173	210
193	65
109	253
104	121
98	168
193	26
238	230
181	144
213	140
249	85
98	50
29	125
249	94
29	98
29	85
29	55
163	23
205	125
93	36
144	217
61	2
15	238
188	97
61	139
61	204
93	83
205	188
109	85
144	42
65	97
3	50
29	12
125	245
15	185
249	17
29	36
29	29
29	104
97	227
236	80
249	45
29	44
203	55
29	236
135	36
193	144
109	51
225	227
85	189
97	241
29	85
3	114
29	119
204	139
50	134
98	109
65	139
29	163
236	193
204	163
109	23
181	188
29	14
252	15
29	61
29	65
29	185
0	185
65	149
193	2
29	160
2	134
193	153
2	15
144	204
133	230
217	198
26	230
36	170
110	95
29	193
29	205
109	246
236	113
249	50
109	163
211	65
29	212
109	99
204	252
109	65
51	252
65	164
29	139
125	91
249	106
249	15
29	17
29	61
98	249
29	185
193	3
144	3
29	139
212	217
109	136
45	121
29	43
249	43
29	193
144	144
65	171
85	134
109	247
153	222
29	104
221	185
202	97
139	121
193	144
29	249
45	212
29	221
29	173
29	65
29	9
168	171
29	217
29	203
109	181
35	43
15	7
29	144
99	211
85	252
236	185
29	138
109	185
109	65
185	143
61	140
29	203
125	62
249	61
3	153
137	212
85	105
29	134
98	127
134	185
217	141
50	151
29	165
98	203
179	121
98	134
109	104
221	65
29	144
98	197
144	230
179	185
193	168
12	182
105	191
29	126
144	188
98	61
29	109
144	174
29	2
99	114
252	203
211	65
211	0
50	65
144	121
29	217
2	185
109	193
173	144
29	50
50	36
237	233
144	134
29	97
99	185
29	131
104	133
205	144
50	50
61	185
99	252
249	188
29	224
29	29
144	212
29	196
181	93
249	14
190	224
205	191
36	164
113	185
87	28
144	144
204	135
249	144
249	121
249	141
29	121
253	133
172	185
203	185
144	99
29	3
29	193
65	36
71	204
239	217
179	16
188	203
188	140
193	65
29	36
61	121
29	50
19	198
144	50
109	71
109	81
179	134
125	212
29	249
50	107
193	124
193	179
144	146
45	181
185	223
232	121
65	140
29	241
98	65
50	65
109	50
224	38
48	114
29	217
181	50
237	93
51	223
29	85
98	125
50	65
193	212
98	144
98	85
29	98
98	15
50	161
3	33
249	61
135	11
29	134
43	121
161	185
43	18
204	212
87	134
109	204
45	252
29	65
98	164
98	81
43	164
205	188
29	50
29	249
50	36
109	65
238	104
109	181
43	140
29	65
125	134
98	189
236	23
29	212
189	36
205	94
29	134
109	2
249	110
50	103
98	144
193	144
98	144
141	36
50	217
29	110
29	249
85	241
94	19
29	104
29	105
109	252
212	230
205	188
29	233
29	181
29	126
193	139
144	50
98	109
188	81
16	74
29	3
204	140
29	173
29	249
31	35
144	93
144	15
193	104
97	135
109	15
71	16
12	58
65	209
45	109
204	140
29	98
65	251
97	185
29	193
29	65
237	65
163	227
15	140
126	105
98	93
111	43
154	27
210	222
144	217
50	64
237	203
203	230
29	170
141	171
109	212
109	65
29	99
160	217
131	130
139	140
144	121
193	254
98	30
50	185
144	230
29	245
29	130
74	230
224	91
236	15
29	109
29	130
29	249
188	139
238	104
29	30
64	254
29	12
29	8
249	131
241	222
98	97
144	140
67	55
29	50
50	153
109	131
29	29
71	252
29	29
146	2
29	236
109	131
50	150
29	45
29	139
98	178
134	93
181	179
29	135
144	114
193	139
65	185
65	23
2	90
193	19
61	50
50	81
104	121
140	248
99	212
50	26
249	139
9	133
144	42
29	7
93	230
181	19
71	133
29	193
61	84
50	33
29	29
139	58
43	212
109	95
50	241
99	79
139	80
249	58
144	133
109	65
11	231
65	33
29	2
99	230
29	85
31	62
29	98
80	114
61	65
85	62
109	144
29	203
29	12
29	33
2	36
50	127
85	140
15	235
3	130
185	114
29	252
99	211
61	233
29	211
144	65
109	245
99	59
29	85
65	55
61	36
144	62
51	133
29	86
188	252
29	12
249	121
87	97
144	198
29	188
29	34
98	109
98	237
98	83
245	17
109	140
51	144
50	139
98	236
2	185
181	74
29	188
98	59
109	65
29	109
173	193
181	2
65	185
65	185
181	53
193	2
29	29
45	51
193	140
236	61
155	157
65	65
29	29
12	62
50	65
29	104
188	243
109	95
249	65
134	22
173	50
29	230
93	121
109	74
109	19
29	204
99	209
2	121
98	74
188	54
99	24
29	59
85	252
185	250
29	249
110	74
236	241
109	50
3	208
98	12
203	224
144	252
45	188
144	160
109	65
144	24
98	3
173	105
42	203
193	185
51	43
127	192
29	45
29	71
71	50
98	181
249	139
29	65
50	50
23	246
98	36
168	62
139	227
44	65
50	101
71	163
249	85
98	133
85	185
50	110
12	43
50	233
208	121
179	43
221	63
98	144
200	185
29	85
236	179
237	65
236	130
99	217
249	203
109	252
193	216
144	36
15	103
109	63
65	15
29	247
71	139
61	74
29	119
193	85
185	157
29	50
51	127
185	217
193	12
29	204
109	193
193	139
29	181
109	119
3	191
29	134
203	227
61	137
98	50
50	116
179	231
61	224
249	164
232	235
29	212
193	144
181	65
249	121
249	50
45	230
50	134
50	185
249	196
121	75
249	179
193	179
3	50
144	50
2	214
202	43
109	185
29	157
249	230
193	252
179	185
249	193
65	139
85	134
249	79
131	212
3	65
31	47
71	156
131	15
29	71
50	217
144	95
124	230
29	139
29	61
29	121
29	29
193	3
43	140
50	230
109	178
109	104
3	179
193	245
29	193
29	249
29	50
29	109
205	93
29	203
221	247
31	43
29	179
203	185
125	62
29	179
29	86
61	68
185	93
61	185
188	33
29	109
12	252
193	193
109	185
104	133
105	209
236	121
29	181
71	104
17	9
185	182
65	185
120	185
210	36
45	50
140	90
193	50
249	188
144	131
29	29
193	144
29	109
99	185
3	185
193	118
29	139
50	203
51	176
134	83
109	65
29	99
94	140
71	203
29	29
51	252
249	15
109	17
29	185
61	9
29	109
29	50
33	227
236	58
236	230
253	126
79	93
109	15
135	55
29	238
104	223
185	62
65	104
30	196
29	65
249	144
109	144
133	230
29	29
144	157
45	144
134	185
252	65
50	222
217	121
144	15
188	230
130	141
104	28
179	165
98	179
51	104
185	148
29	98
179	93
29	93
29	144
29	173
236	134
253	233
29	203
193	42
104	185
50	185
230	100
203	104
29	71
193	30
193	124
29	188
144	252
124	19
98	198
188	227
29	42
65	196
29	98
193	223
29	185
65	121
144	134
212	114
243	182
50	19
98	236
189	253
29	221
204	185
193	50
109	71
134	93
144	110
79	150
29	98
185	230
29	109
29	133
109	9
179	140
236	46
249	119
65	104
193	12
144	245
208	185
249	42
97	33
29	144
65	213
124	120
173	104
144	87
31	139
193	2
35	104
98	233
42	139
204	168
193	12
249	12
35	133
29	19
98	152
29	51
37	26
71	35
29	23
29	101
181	121
144	203
80	207
163	114
29	230
29	95
113	153
109	19
239	214
29	109
237	139
29	134
29	65
29	249
29	188
12	120
50	93
50	209
109	27
144	23
51	204
51	50
43	185
193	187
85	144
249	181
29	2
29	15
249	64
50	157
249	109
236	191
222	77
208	213
29	109
193	140
236	181
193	144
193	85
61	144
61	104
189	36
249	93
178	23
2	65
249	10
249	233
29	65
85	26
61	50
65	43
29	149
29	144
30	185
29	249
34	110
29	185
236	172
185	36
78	211
149	223
29	134
125	124
98	230
185	185
109	99
98	50
98	230
193	223
121	230
98	71
45	208
29	50
85	71
125	164
253	50
239	247
36	246
29	141
29	51
236	36
29	193
249	245
173	35
144	65
98	113
227	22
2	11
29	230
98	181
29	50
85	71
130	185
42	110
61	99
245	164
29	29
181	140
109	193
3	217
249	213
29	44
130	91
29	140
213	58
29	157
98	43
245	253
181	36
189	204
29	45
109	50
29	130
12	211
196	214
221	110
29	92
29	249
185	223
236	33
12	212
34	185
203	208
29	179
185	62
249	157
29	217
249	65
144	212
249	185
29	65
144	185
51	65
29	163
98	45
125	48
109	193
45	193
29	164
29	165
212	212
105	182
98	246
61	34
29	98
109	194
65	185
29	104
65	185
204	185
99	50
29	109
43	150
50	225
29	144
98	139
95	217
99	188
61	192
29	155
181	36
134	139
236	50
144	15
252	15
45	99
134	104
12	63
98	144
50	134
29	202
9	93
51	85
98	93
29	171
134	247
112	217
233	153
120	185
51	133
193	35
135	213
50	233
2	112
193	105
29	203
249	178
17	203
109	11
249	97
29	50
98	236
109	252
144	198
29	29
87	26
98	2
109	185
61	99
42	126
139	93
249	36
221	3
144	227
109	211
12	50
249	43
181	90
121	171
29	81
221	50
50	7
45	61
104	93
50	50
50	93
126	43
29	104
98	233
61	203
188	15
87	43
45	193
51	171
98	109
81	38
125	36
29	19
185	230
29	237
249	217
135	164
212	26
29	9
3	12
29	213
188	93
29	203
50	230
50	65
138	230
85	114
61	164
29	50
190	133
241	36
29	139
236	193
139	157
125	171
252	212
12	179
29	125
50	93
29	144
144	204
195	217
29	2
110	230
139	212
157	150
50	65
2	65
193	144
185	185
249	94
173	188
29	29
98	140
65	56
193	179
71	188
204	217
98	191
162	48
79	225
144	50
98	119
98	90
29	144
109	134
195	42
29	205
29	121
15	17
29	203
109	174
178	93
29	249
109	15
232	36
61	12
31	217
139	213
29	126
144	80
29	139
29	29
16	9
15	203
193	204
203	217
144	33
29	29
173	185
29	55
204	119
29	7
61	185
17	36
109	204
29	81
146	90
98	11
29	98
120	93
185	27
3	185
64	185
109	99
95	185
65	238
50	140
29	65
133	168
249	210
51	168
203	141
85	96
45	171
210	65
79	196
29	245
249	141
61	223
29	23
29	0
98	134
104	36
181	95
217	141
2	198
29	140
130	252
109	181
140	164
2	230
245	50
29	59
93	55
217	164
50	50
193	50
85	144
144	59
144	15
12	80
121	168
29	202
109	121
71	50
29	252
109	188
104	161
50	241
98	45
111	230
245	217
144	203
249	2
109	135
50	36
71	121
109	217
95	36
125	119
29	217
93	223
181	191
85	99
45	212
71	154
249	178
29	203
29	109
50	102
71	87
98	165
173	95
29	50
12	252
65	43
44	141
31	93
193	126
144	179
29	237
179	121
36	89
144	125
85	65
109	93
98	65
125	43
109	179
204	97
12	103
29	109
29	189
98	213
211	79
79	26
45	109
181	185
50	59
29	109
204	65
12	154
29	24
189	140
181	233
98	38
193	12
65	255
93	230
93	247
29	15
29	212
29	144
98	144
61	18
85	144
12	230
29	249
109	168
29	29
140	119
71	185
181	145
29	144
65	185
29	181
125	33
3	50
249	203
29	71
50	50
51	31
29	245
50	171
144	252
160	114
29	134
3	76
139	135
189	144
249	8
144	95
45	65
85	43
204	214
99	203
205	155
98	99
45	64
29	98
239	119
188	24
98	204
237	59
71	153
164	63
29	125
29	246
179	107
144	212
134	165
98	144
139	241
29	50
144	134
97	59
75	140
134	139
29	114
249	204
50	197
193	204
193	213
98	233
29	165
45	221
98	252
29	43
185	36
249	193
103	167
29	23
29	144
185	68
249	12
212	140
51	203
252	47
109	178
51	2
109	130
29	144
51	43
236	221
79	163
252	43
29	193
29	98
3	140
181	133
125	97
98	9
29	193
29	144
144	188
29	191
236	179
211	185
98	65
144	99
185	171
98	185
134	191
29	93
109	23
190	57
144	18
34	212
98	85
181	65
29	185
85	218
105	105
105	93
98	125
26	223
29	65
34	185
212	246
29	164
204	62
204	139
203	164
65	75
245	43
193	144
236	4
204	204
193	230
29	191
179	163
29	81
193	252
29	93
193	90
85	203
252	65
29	185
98	193
193	188
33	62
65	139
87	65
99	212
29	134
48	133
109	81
109	50
29	9
29	109
29	126
221	232
45	65
29	78
29	140
45	65
203	212
45	50
29	104
29	65
193	203
29	29
98	36
109	16
109	121
35	196
50	185
29	105
51	252
232	217
99	223
204	185
29	236
98	217
193	27
236	185
65	233
144	80
144	55
193	144
179	139
217	23
29	164
29	43
50	65
12	32
50	90
144	17
126	133
29	3
109	65
29	212
193	252
29	214
29	95
249	203
29	150
29	212
98	65
185	166
179	139
204	65
104	121
29	99
12	185
29	45
95	77
51	245
204	15
236	97
236	65
193	144
29	203
98	98
211	217
45	132
29	109
29	217
80	133
29	43
249	252
65	65
193	131
29	163
61	193
29	2
12	65
98	98
29	110
98	179
98	205
29	213
139	140
144	237
249	144
98	143
87	62
139	185
99	65
29	181
154	197
181	137
64	100
178	165
50	27
144	227
45	109
98	139
42	65
71	125
221	209
85	245
98	217
249	233
181	65
121	251
85	153
137	185
144	12
29	230
61	221
98	98
45	134
163	140
29	98
17	191
203	121
144	75
71	64
98	15
29	64
230	171
109	163
109	246
144	87
29	83
144	65
3	36
249	252
65	148
221	113
193	204
79	191
29	78
185	217
71	204
193	65
65	133
29	98
110	163
3	140
185	150
205	134
29	171
144	212
29	58
237	104
2	65
144	2
29	185
29	65
29	236
185	217
51	221
81	196
185	121
193	144
109	139
43	213
50	217
29	203
29	189
50	119
203	58
252	185
29	190
188	43
33	143
71	179
120	185
109	30
29	109
98	114
65	149
134	132
188	203
29	50
85	55
29	185
3	73
179	233
185	26
45	230
185	117
204	217
193	139
15	93
29	121
113	149
29	109
144	217
29	81
193	181
200	36
193	99
249	172
224	212
205	134
144	15
61	217
29	130
109	253
50	212
217	133
29	29
98	65
29	249
202	163
99	233
139	97
109	179
99	230
61	137
71	90
35	223
193	182
164	171
181	62
29	185
224	62
109	236
78	230
29	236
29	43
237	65
29	29
29	230
65	250
29	109
50	104
193	185
29	50
61	217
193	65
181	238
65	65
212	26
61	230
253	65
85	230
74	241
29	105
29	78
62	119
121	36
29	194
237	185
249	44
3	50
193	162
181	252
221	65
249	50
65	80
29	29
36	140
104	93
181	144
65	165
29	124
130	212
236	144
249	65
193	223
218	7
189	204
109	99
253	185
203	93
29	193
98	181
29	193
233	174
193	125
43	77
65	217
3	2
29	203
8	121
71	185
29	51
98	213
12	99
144	44
236	121
249	233
45	61
43	141
203	77
85	164
193	7
0	185
29	121
50	134
193	144
109	185
140	140
130	223
29	221
144	217
193	93
185	196
29	185
65	65
29	85
109	245
49	202
238	185
249	147
29	185
249	238
193	149
43	168
2	95
212	217
50	113
227	83
204	65
29	203
12	185
163	185
193	65
3	204
109	203
193	184
193	104
190	65
29	185
65	93
29	50
98	253
127	241
249	65
29	203
236	50
181	140
237	65
43	104
252	114
85	65
71	227
3	140
99	46
29	157
144	204
109	15
249	65
98	253
29	124
65	93
71	15
245	212
85	185
29	181
97	233
50	185
179	141
29	98
36	168
29	28
65	113
139	185
29	104
98	185
212	115
109	51
50	113
29	3
36	91
109	134
221	144
236	77
45	36
29	181
113	171
29	98
237	27
93	153
193	179
109	230
134	91
45	134
29	193
252	140
104	23
225	93
193	139
141	168
252	213
98	98
144	111
51	217
252	252
221	65
45	81
15	104
204	178
50	121
193	193
193	237
17	185
29	80
29	211
51	204
245	152
29	139
109	144
233	6
65	203
97	19
29	12
193	71
109	139
211	218
29	193
29	165
193	139
29	135
29	51
12	214
65	141
110	65
124	36
181	95
29	227
42	225
17	69
3	153
211	185
43	185
249	134
126	203
98	204
185	230
189	144
65	105
29	249
29	185
29	85
173	144
249	109
50	135
29	204
29	50
144	2
109	3
98	45
236	126
29	212
29	109
85	50
188	79
29	190
50	43
61	78
61	105
87	36
188	43
3	230
144	231
211	252
29	98
144	43
249	181
135	247
109	64
29	185
193	178
104	231
98	17
185	185
249	144
204	185
65	104
144	140
51	50
210	43
98	252
29	65
29	185
130	230
144	3
98	185
98	55
29	65
29	138
85	95
50	43
29	95
98	55
64	65
98	81
179	81
50	143
29	105
139	225
163	93
12	44
29	179
29	165
194	65
249	50
3	22
141	196
236	185
185	19
50	223
236	24
3	114
249	95
12	179
45	217
43	93
99	190
249	79
97	121
144	204
71	179
29	125
193	239
29	130
236	12
249	35
109	193
29	65
163	217
127	22
98	61
85	121
195	212
104	20
29	252
98	193
87	121
29	204
65	135
249	196
29	97
29	43
50	65
29	105
2	140
134	119
98	245
133	165
65	65
178	233
109	99
45	65
144	3
210	243
29	64
2	212
173	204
249	109
193	227
95	223
29	43
29	193
109	65
15	168
8	93
193	114
105	140
29	202
29	194
29	164
193	139
29	65
29	118
141	230
61	230
29	249
98	90
29	65
179	185
71	139
12	23
144	90
109	204
144	133
109	253
249	2
29	32
249	252
50	75
43	185
29	71
203	241
139	233
98	61
99	185
110	65
29	235
29	29
61	44
245	185
130	107
29	71
249	179
87	139
79	203
236	193
29	50
50	185
29	71
249	19
109	185
29	29
71	36
61	124
188	114
61	176
204	252
50	43
29	164
179	160
29	30
29	179
125	133
98	61
99	185
98	213
99	8
193	43
29	12
29	133
203	22
249	62
98	3
61	43
65	232
191	74
29	243
193	134
50	217
50	93
3	139
144	140
3	233
109	50
193	79
29	130
98	32
181	79
29	50
135	19
3	121
245	140
98	2
144	210
109	36
29	152
99	104
181	149
172	2
44	19
29	24
85	185
252	165
249	211
29	146
29	134
249	233
109	236
79	134
50	212
29	29
65	93
29	249
109	109
109	144
181	204
163	36
144	252
12	157
181	133
99	241
188	202
236	106
139	209
98	3
104	93
50	223
249	144
29	98
29	126
193	204
29	98
0	185
144	43
98	249
36	151
29	114
193	191
249	92
233	23
185	157
179	120
15	9
29	85
29	216
29	61
110	224
29	96
179	139
163	114
193	121
50	90
29	17
179	185
29	188
15	230
109	71
29	230
181	2
29	87
99	204
193	95
29	133
35	80
249	65
29	43
85	50
221	63
61	185
98	99
134	19
139	243
141	88
51	65
37	213
2	42
29	110
193	223
236	50
3	90
144	138
35	217
144	138
144	194
181	230
51	139
65	185
99	179
30	36
98	249
45	204
3	91
50	65
98	97
29	144
126	105
249	203
245	139
173	178
29	217
29	36
29	93
3	168
245	15
181	85
61	186
252	121
29	249
203	219
50	62
50	19
98	65
98	185
147	104
99	64
138	164
139	9
205	65
29	133
29	221
138	133
29	66
144	144
104	231
43	103
43	104
17	157
50	101
189	80
121	234
29	47
29	29
29	251
29	140
43	135
45	57
236	135
50	121
29	44
65	154
144	65
98	15
65	196
16	23
71	140
29	109
249	182
50	134
98	249
29	126
184	121
185	212
193	62
29	85
193	217
50	93
109	193
12	44
254	203
98	223
98	188
205	126
12	204
134	217
29	61
178	104
144	208
45	185
29	185
144	155
249	65
29	144
188	65
29	71
29	35
29	15
43	119
193	85
131	124
181	3
144	185
2	178
139	227
109	17
29	213
189	188
29	98
205	114
131	43
249	104
65	185
29	121
204	185
193	202
249	51
178	24
29	104
2	240
32	74
29	185
99	50
249	140
181	149
193	139
189	144
17	185
249	43
144	217
98	85
245	184
29	230
29	238
45	139
50	50
160	212
179	121
51	188
249	141
97	121
227	118
109	130
43	140
65	43
163	121
51	33
98	193
109	179
29	193
3	26
48	102
29	68
178	139
51	71
104	121
245	171
204	110
45	193
95	212
29	80
65	242
29	65
78	222
109	104
16	114
245	202
43	156
193	246
252	107
29	65
144	12
29	131
134	53
29	127
144	232
165	230
61	93
71	50
29	181
65	80
202	213
147	26
134	24
98	76
29	157
29	29
109	111
43	160
29	3
50	204
125	185
29	15
71	43
249	144
98	193
93	11
98	71
34	217
50	104
29	131
144	111
50	65
29	223
188	150
29	29
104	121
29	181
98	109
139	55
204	185
98	109
98	144
85	71
125	50
193	130
193	43
64	218
188	0
139	217
121	157
193	15
85	252
29	97
249	43
249	163
144	80
12	212
139	0
3	140
59	231
249	107
3	93
193	186
15	43
109	193
184	93
29	45
29	109
29	165
65	93
181	17
29	236
78	104
98	2
45	205
181	3
181	144
249	9
61	185
225	104
30	217
144	245
98	109
33	164
181	160
189	33
249	205
15	153
125	76
98	73
29	249
50	185
80	165
29	119
12	81
29	181
45	236
29	185
34	190
144	23
178	93
29	188
238	121
50	119
29	15
29	29
3	65
29	50
99	65
109	109
193	0
29	139
98	224
109	134
65	43
65	192
29	97
35	139
85	50
144	185
29	65
29	42
45	194
193	252
109	104
109	15
29	157
212	217
144	204
139	140
29	142
43	101
173	252
193	15
193	105
252	65
3	126
193	179
29	252
236	237
109	155
50	130
45	174
193	155
98	248
29	36
29	98
193	64
3	36
3	76
98	15
144	150
29	193
29	121
64	252
29	28
29	109
29	144
237	65
29	50
193	43
29	74
130	213
98	3
193	80
29	131
193	43
109	236
144	188
87	252
185	157
29	194
178	185
144	35
221	144
163	185
188	230
245	114
252	154
78	50
185	114
45	181
98	163
193	2
29	98
29	30
3	134
124	212
211	185
179	224
185	212
181	103
99	241
45	146
29	71
193	223
65	65
125	105
193	209
51	191
12	43
249	109
249	71
249	144
29	185
109	9
144	71
29	249
29	12
109	144
61	144
29	183
193	139
51	139
119	84
65	241
110	212
29	241
105	120
29	2
98	61
98	65
71	154
130	252
179	2
29	64
65	140
15	230
95	135
109	50
124	65
2	217
98	50
29	109
193	188
79	139
50	62
50	137
51	3
29	81
2	223
179	191
98	71
50	202
134	104
221	144
109	126
29	29
61	193
29	85
99	65
110	65
249	144
99	203
99	242
65	212
15	185
29	32
249	23
125	93
29	249
225	203
179	114
65	36
139	225
29	72
181	185
208	227
221	3
29	193
12	104
29	104
29	153
109	212
185	121
50	74
249	2
189	50
193	43
236	181
3	50
29	185
249	203
45	173
164	223
181	252
51	165
237	203
125	185
29	50
203	74
135	227
193	191
65	23
61	43
45	230
98	73
195	55
45	217
193	185
3	212
44	104
109	15
15	251
249	99
109	140
179	65
29	185
98	98
29	249
98	26
50	65
181	54
98	23
45	124
29	50
71	233
98	109
249	76
237	2
98	12
191	168
121	168
98	193
51	65
98	45
181	50
236	95
249	193
97	185
249	62
29	185
98	224
29	144
241	164
254	185
252	33
193	193
212	121
110	93
249	144
236	2
29	51
29	109
249	140
178	230
12	140
193	212
246	20
126	217
65	15
109	174
2	140
29	3
109	3
144	65
236	193
29	233
29	95
29	241
51	227
50	227
138	185
97	77
193	164
33	170
50	230
87	203
51	71
109	206
144	11
140	242
249	249
45	109
29	61
204	174
212	212
245	227
29	73
3	224
61	224
188	126
51	36
50	36
185	164
105	93
162	104
172	203
249	36
98	252
98	249
105	36
61	252
29	50
181	104
245	212
98	237
205	62
181	179
71	65
181	124
29	209
125	73
249	236
43	218
99	252
15	223
144	95
249	97
204	241
29	193
98	55
239	66
50	185
252	33
253	114
35	178
29	179
109	185
173	213
50	179
29	29
3	2
203	80
29	81
29	3
98	203
144	163
249	51
65	224
109	33
212	227
188	134
104	68
109	110
29	185
85	104
109	65
179	252
85	62
29	14
29	121
3	185
12	114
109	213
36	119
193	209
125	87
249	65
12	43
249	217
188	185
29	43
29	71
193	144
78	81
98	227
144	188
29	109
29	99
29	50
163	133
61	217
98	90
109	95
193	23
98	185
221	71
29	202
249	93
98	65
165	246
29	9
71	81
221	153
29	193
29	249
2	230
205	217
249	197
144	179
221	9
93	19
249	141
245	36
204	139
98	211
29	71
26	90
71	212
109	253
2	157
98	197
249	163
140	24
202	139
50	214
29	97
188	2
43	19
134	163
71	182
130	139
109	61
193	65
249	188
188	134
237	93
29	144
120	241
30	212
249	62
181	56
29	65
19	55
50	139
65	58
61	193
29	85
130	224
236	3
230	62
109	139
44	50
50	230
71	9
29	149
29	71
45	58
144	121
185	133
29	2
29	36
61	245
139	213
140	68
104	121
29	168
98	61
51	50
193	2
29	61
98	79
193	139
29	43
29	71
64	217
109	58
50	241
252	168
29	195
17	230
193	139
50	26
204	140
51	121
249	185
45	2
29	64
3	247
249	93
193	23
109	185
29	171
50	135
50	64
237	185
50	230
99	212
193	130
176	185
188	83
131	230
233	115
45	12
249	84
29	71
249	144
181	35
50	15
12	130
51	188
33	182
163	33
29	26
50	227
98	50
249	93
181	36
50	43
141	230
29	98
249	93
45	31
188	36
31	185
179	90
26	196
249	86
29	153
193	119
188	217
126	139
29	191
50	43
144	121
179	185
193	9
61	67
249	36
179	65
29	99
29	23
249	144
29	165
249	193
87	203
35	67
61	50
29	185
29	45
0	140
144	26
193	212
29	12
249	171
50	212
144	204
29	65
29	51
236	185
165	230
29	204
104	185
29	185
144	50
17	182
29	150
98	36
144	144
98	252
29	185
98	217
29	249
61	185
29	193
29	65
181	50
98	125
154	212
61	65
146	105
3	179
134	15
238	241
193	65
18	241
50	230
29	29
12	50
15	43
98	43
109	163
65	90
236	237
43	90
12	50
29	45
17	165
99	135
188	55
109	122
193	99
176	103
29	99
50	191
221	171
65	152
144	185
29	188
238	164
109	153
193	230
29	193
51	87
29	181
29	110
193	203
109	2
79	134
29	193
130	114
98	216
236	179
249	217
109	230
85	65
45	65
144	224
249	222
109	65
109	153
193	15
29	29
98	231
50	39
94	191
124	224
109	179
144	164
29	51
221	185
29	50
3	227
42	224
221	65
29	51
50	50
29	12
2	55
29	29
109	153
29	168
126	139
51	211
50	121
109	15
188	65
50	165
236	185
65	170
65	203
50	240
164	222
29	179
2	243
51	103
2	65
179	233
45	144
193	189
181	125
109	205
98	249
249	144
2	164
202	212
98	205
50	50
71	28
193	65
98	50
249	217
144	12
252	191
85	65
144	93
65	185
139	140
144	57
89	101
193	225
212	217
249	144
29	131
50	114
121	198
109	230
204	65
144	179
193	64
29	65
51	43
61	179
9	217
193	71
3	130
98	85
42	230
29	140
98	203
3	36
193	2
221	243
29	98
98	2
51	126
29	185
29	98
29	74
29	36
144	65
12	110
95	93
109	141
29	98
185	36
45	99
51	140
133	230
225	121
29	43
249	17
29	181
99	232
144	252
43	185
205	15
205	71
85	204
2	36
29	217
200	93
238	74
61	223
32	140
29	139
87	62
29	188
87	36
99	65
95	227
179	227
109	50
43	213
185	158
193	245
181	140
98	237
139	105
29	99
29	9
193	185
185	231
236	99
50	91
212	230
249	193
29	193
30	212
29	65
29	164
236	93
249	11
110	137
85	71
121	115
193	118
29	26
61	185
141	140
45	32
29	65
29	131
29	185
204	81
126	176
80	121
51	134
212	213
105	164
193	185
99	163
188	185
85	185
185	26
9	164
99	227
144	252
29	144
110	185
42	63
50	17
193	193
29	65
29	181
29	98
87	185
193	93
185	90
134	26
85	144
109	179
29	144
109	115
29	80
181	110
121	140
29	227
193	90
29	93
185	36
185	121
29	236
193	157
134	36
79	164
185	93
71	252
104	58
85	170
193	71
203	176
2	35
29	24
29	138
98	65
185	119
204	174
93	171
50	163
12	26
40	185
249	134
193	81
29	15
236	196
29	204
29	17
109	236
98	213
65	48
51	185
71	185
85	110
29	193
110	43
109	179
204	65
65	65
29	87
249	203
204	202
45	65
29	178
249	50
105	95
29	179
144	217
29	36
185	133
98	15
29	192
51	36
29	100
29	15
144	97
252	119
193	85
98	230
61	179
237	26
29	65
137	212
29	223
43	114
65	59
249	64
29	29
35	121
193	185
249	14
85	171
65	199
29	109
144	204
50	104
64	92
65	91
71	212
43	121
163	56
179	185
238	93
181	50
29	236
109	53
29	22
50	217
193	165
98	50
45	133
237	185
109	104
249	50
65	227
236	217
29	23
99	203
109	33
29	249
29	249
121	90
203	185
17	33
98	127
29	105
50	212
3	238
17	95
125	168
109	74
130	19
109	139
50	28
144	104
71	73
249	50
29	2
50	104
204	55
109	65
193	2
144	50
50	135
79	139
45	196
29	111
85	152
29	15
105	185
193	185
51	141
65	191
81	119
29	98
61	36
12	133
50	20
134	217
30	65
134	203
3	27
29	236
212	165
238	9
252	185
98	185
98	144
144	134
95	120
93	75
45	239
237	185
29	241
43	36
29	236
249	9
109	222
48	213
188	185
36	248
85	185
144	194
179	65
81	185
193	185
109	251
2	62
249	185
71	203
29	218
29	26
29	124
98	154
185	68
29	19
144	185
29	45
65	197
99	140
29	29
109	193
29	249
109	163
85	144
134	185
245	126
45	222
55	192
188	126
29	210
29	36
98	213
179	188
29	98
29	110
3	31
29	164
65	227
109	140
249	181
236	15
178	206
29	171
29	144
144	50
34	23
29	227
29	157
98	124
193	65
29	49
179	110
98	185
109	238
29	99
65	17
162	212
50	65
185	128
98	110
14	65
50	217
109	24
139	104
51	247
249	164
179	204
79	252
237	204
236	221
193	130
29	110
29	85
51	224
193	76
193	179
249	184
179	65
144	90
98	165
193	36
50	185
29	99
50	15
219	122
212	11
240	165
65	62
29	144
225	36
29	172
193	34
45	114
144	19
245	140
236	135
181	79
188	213
45	144
144	65
144	65
29	50
94	217
111	65
98	45
211	19
71	188
51	74
253	134
50	55
185	141
249	222
205	114
98	127
29	193
29	96
15	74
193	51
65	121
29	249
87	227
29	121
29	131
203	133
12	176
163	185
252	140
144	144
144	204
130	203
29	65
185	217
130	122
185	121
65	164
1	223
29	230
43	36
50	176
144	65
181	36
109	23
185	170
141	165
185	119
51	50
98	236
50	9
44	140
79	126
98	87
45	97
29	62
29	50
98	227
50	43
29	134
252	212
173	50
29	105
193	121
29	193
111	103
29	249
50	217
51	168
181	233
99	99
29	98
153	182
204	188
134	121
3	124
29	134
237	164
254	217
109	140
29	44
249	185
212	117
51	50
140	103
249	144
249	193
61	71
33	133
95	185
3	77
29	124
45	134
179	65
61	99
98	241
193	139
29	134
98	140
51	17
193	139
12	121
95	185
125	15
185	36
12	185
98	204
144	50
204	65
19	168
29	114
17	164
29	51
185	218
109	28
29	68
98	217
45	203
29	50
61	51
168	230
50	204
144	230
93	241
236	171
179	217
45	15
50	208
193	51
29	212
29	91
29	103
29	65
144	188
193	252
15	191
249	204
188	46
29	16
236	104
125	43
3	237
173	121
217	11
189	15
85	121
65	203
50	93
45	64
193	252
179	230
29	29
249	249
252	223
249	125
29	181
98	185
50	252
236	203
71	113
29	212
71	96
12	157
29	85
65	229
29	99
51	185
35	140
51	9
193	230
144	55
29	50
29	249
98	223
249	30
50	179
50	230
29	65
237	50
193	24
98	93
238	36
29	65
15	43
50	134
185	93
109	203
29	152
29	98
205	65
2	209
85	36
29	252
65	77
249	252
253	104
249	85
65	139
15	139
98	61
144	118
236	188
29	45
51	50
193	81
227	114
249	61
237	2
3	65
29	65
185	217
12	50
50	133
29	29
189	144
109	65
104	153
139	69
212	186
204	93
93	157
29	104
29	249
12	134
249	193
185	28
85	75
29	163
127	74
109	238
109	237
26	149
65	36
237	133
29	109
29	109
50	7
109	61
2	252
115	140
109	144
144	161
193	78
236	165
36	231
29	101
224	241
29	179
65	139
87	17
29	134
238	232
65	63
80	93
204	115
236	65
105	48
236	205
109	93
252	23
191	120
29	65
144	121
71	43
176	153
80	157
29	238
29	249
193	144
109	252
179	121
50	2
193	179
45	213
45	185
109	223
144	188
35	56
98	109
65	140
98	168
35	43
188	141
29	130
188	30
179	62
98	185
29	131
249	109
249	65
109	204
185	26
29	121
208	243
131	121
29	152
29	217
173	193
98	23
203	91
51	252
237	50
109	36
29	10
139	121
249	245
29	134
29	239
61	51
134	165
98	121
12	43
179	182
140	55
29	153
249	185
71	225
29	134
104	171
29	238
29	43
245	157
95	36
144	141
193	251
144	134
236	237
236	36
3	119
2	80
29	15
43	251
139	241
30	9
29	62
99	179
181	114
249	15
43	95
154	171
12	171
29	19
109	140
252	35
193	153
61	230
188	65
29	217
109	109
98	79
110	19
29	114
99	104
181	197
29	249
45	188
29	203
44	26
29	109
98	144
193	50
236	193
141	62
249	171
98	109
249	181
45	15
50	9
12	87
194	212
51	15
29	241
249	50
85	191
252	134
29	124
87	134
144	2
29	152
98	98
249	237
29	85
109	140
98	252
249	86
249	163
87	32
29	209
193	50
98	109
236	85
144	209
181	217
29	90
203	104
3	87
29	139
29	168
98	130
59	198
29	3
29	98
29	163
204	23
185	157
29	71
233	185
144	2
12	211
131	245
181	122
12	93
45	121
45	65
61	43
130	134
51	80
203	62
144	212
29	144
61	95
104	19
29	36
204	178
194	157
29	193
29	217
188	65
109	179
104	185
61	36
125	50
29	193
109	109
29	50
79	38
85	126
104	247
179	135
193	71
71	188
29	179
236	245
252	81
124	93
188	185
29	109
109	105
144	185
99	171
29	50
50	52
29	153
139	159
178	97
193	12
193	238
185	217
98	50
98	178
51	31
59	157
193	168
193	15
29	203
110	65
249	134
137	22
205	188
204	168
98	144
98	217
50	153
233	75
179	185
109	134
249	225
249	134
29	19
99	124
230	174
29	193
245	74
189	65
160	185
212	168
98	193
205	35
193	104
179	171
98	193
203	93
29	29
15	77
2	233
109	80
65	185
64	43
29	50
252	141
249	178
43	230
121	227
181	133
29	230
144	185
99	114
45	238
42	119
249	94
249	193
211	15
29	230
98	65
209	0
16	230
134	154
109	32
29	253
50	165
33	77
61	139
85	188
29	3
109	103
29	140
93	171
29	36
12	99
98	254
147	185
109	119
109	140
29	230
193	246
98	238
29	114
29	185
9	62
179	16
252	134
50	185
185	121
51	2
98	78
252	238
193	114
45	210
134	36
109	43
134	185
249	90
29	204
130	36
29	134
29	252
98	109
51	214
249	189
78	237
179	204
29	48
193	193
193	252
95	90
72	174
29	223
236	71
109	51
85	2
177	121
152	171
29	51
189	127
131	9
98	203
98	179
61	203
85	3
29	95
173	130
71	126
71	104
71	185
2	56
181	50
98	212
109	188
45	252
188	93
29	217
29	249
29	98
204	43
144	15
249	114
238	8
236	179
193	140
249	12
104	218
130	19
29	153
109	17
109	75
193	71
144	204
29	130
185	90
15	77
29	29
188	100
144	43
98	181
249	65
29	191
34	140
109	140
144	15
193	185
193	241
29	252
29	195
98	149
29	153
29	176
98	210
29	71
98	185
65	25
51	145
144	26
193	250
193	64
181	9
3	182
193	50
193	204
144	204
29	230
29	212
236	78
50	134
85	131
178	212
29	241
204	168
125	179
29	81
162	121
98	135
124	120
185	140
98	98
179	247
65	165
144	230
31	91
144	217
252	121
2	74
29	87
12	194
29	13
29	150
252	165
29	71
249	144
29	45
29	51
29	74
224	121
50	188
29	74
35	35
12	79
124	59
221	174
11	171
29	217
178	65
205	211
109	179
109	50
50	134
29	179
144	134
193	185
163	224
50	185
162	163
144	208
29	12
31	227
109	213
85	144
211	178
29	29
104	185
12	252
45	144
188	121
109	50
126	107
2	182
29	4
134	36
193	163
109	6
29	99
249	172
44	185
135	217
205	144
188	156
184	9
50	115
185	217
109	119
12	139
98	173
44	185
140	119
65	133
179	2
163	93
193	90
249	225
29	98
137	185
134	153
29	50
29	65
193	230
29	71
65	121
85	139
98	144
185	59
111	203
29	249
188	127
71	50
65	33
29	86
193	185
249	45
85	93
178	17
12	213
144	134
29	193
98	45
29	80
109	144
179	121
29	134
249	185
98	140
50	163
29	109
29	139
90	223
29	141
125	174
189	130
17	74
221	104
12	121
98	249
2	15
33	62
45	32
93	19
65	126
176	36
253	17
95	140
29	109
109	241
80	83
86	62
50	33
173	193
99	65
98	241
2	118
109	124
29	249
249	109
29	225
249	73
109	193
29	50
29	104
144	137
144	140
249	177
29	144
51	204
45	193
124	185
217	121
144	183
109	65
179	121
181	95
29	134
29	98
29	61
29	193
249	134
29	65
98	173
139	140
29	249
98	134
29	50
249	249
249	51
109	131
98	50
109	185
191	63
15	185
193	163
99	73
193	144
98	85
45	179
249	213
29	43
29	98
29	93
249	185
173	7
249	235
29	109
29	109
193	50
9	164
139	213
144	197
189	12
50	191
65	212
189	144
29	32
98	241
29	249
249	193
144	57
249	121
29	29
61	15
98	121
236	163
231	55
193	12
249	50
29	223
133	11
249	181
2	141
29	51
29	51
249	203
85	62
29	236
249	36
29	252
61	230
51	18
29	185
98	188
249	127
147	157
45	109
252	19
144	50
249	134
181	125
221	144
109	15
193	95
29	119
29	185
193	230
83	140
236	185
29	140
189	164
185	93
29	168
45	109
237	34
144	35
193	156
65	119
203	192
29	236
193	153
15	241
26	62
109	61
249	51
98	184
109	185
61	43
188	153
233	9
29	50
124	243
45	139
189	168
193	85
29	44
181	36
188	163
249	109
50	65
193	97
51	234
185	185
144	211
29	109
236	221
182	4
29	249
29	29
29	109
179	46
137	114
29	155
205	93
109	181
212	227
29	15
29	95
173	230
99	164
50	58
50	134
109	74
65	93
50	230
253	15
50	188
29	74
98	61
193	105
44	56
87	185
109	65
65	185
98	65
43	158
29	43
85	50
179	251
71	75
98	230
249	206
2	153
179	239
45	44
193	90
104	185
193	16
185	230
144	183
249	223
249	144
193	212
65	217
193	204
65	165
144	156
193	2
98	234
217	26
29	65
230	223
109	93
144	238
131	185
144	223
144	213
249	144
98	230
193	237
204	62
253	50
29	188
29	165
50	134
29	26
29	236
249	252
29	144
144	12
109	165
249	139
252	121
29	50
29	65
109	91
249	65
173	185
80	212
15	217
252	140
203	100
29	50
193	51
65	121
87	127
29	121
29	29
29	153
254	167
109	131
144	105
193	204
98	224
50	230
112	133
50	97
29	193
135	113
144	241
29	29
50	2
44	65
51	204
249	204
45	65
144	99
29	252
29	23
236	238
134	227
109	217
29	98
29	249
3	163
29	29
193	193
65	163
193	93
185	140
144	93
29	189
29	165
109	144
144	71
249	50
85	85
179	185
51	246
189	149
249	217
85	79
144	196
252	33
249	144
29	65
29	193
99	113
209	9
29	14
29	12
61	144
43	90
29	98
252	185
109	236
98	109
29	51
109	50
29	55
2	212
85	104
29	98
42	134
29	209
109	230
29	98
61	119
104	165
98	36
43	227
193	168
204	185
204	176
193	15
50	212
29	109
217	75
204	15
217	171
98	249
252	43
51	204
29	249
45	50
144	194
109	55
29	203
29	188
85	50
51	212
29	65
29	29
98	43
98	50
109	65
29	94
51	50
185	153
109	3
29	131
29	12
139	217
29	249
29	185
64	114
29	179
193	23
71	104
109	193
98	204
98	51
50	217
109	171
29	185
193	153
65	58
144	93
29	50
29	185
29	213
193	164
249	105
61	252
126	121
160	119
98	50
109	217
179	241
193	65
249	154
44	185
179	65
179	188
188	222
29	48
144	237
98	157
131	252
29	65
188	93
249	93
144	50
29	139
29	65
109	163
29	29
139	114
50	65
249	85
193	211
109	134
205	36
12	212
139	203
29	181
98	109
29	125
44	16
204	202
45	79
29	24
29	249
29	185
249	17
97	213
43	213
29	133
134	114
249	203
252	185
109	50
212	133
80	150
61	230
31	74
61	193
134	15
193	144
85	217
71	140
43	197
109	104
193	185
15	11
50	185
193	141
253	97
87	203
29	27
137	152
109	50
161	107
134	185
35	134
87	65
193	97
50	95
252	66
179	93
249	111
249	26
29	36
65	212
71	65
29	29
45	223
193	185
93	217
139	115
98	45
51	217
64	119
249	65
249	157
98	64
144	73
50	133
93	241
163	81
29	193
204	165
29	99
29	33
144	87
98	193
193	50
205	2
109	61
29	65
208	217
109	61
50	74
85	3
29	237
254	185
109	224
249	124
17	105
34	93
29	121
95	149
29	36
51	42
249	193
61	18
249	8
204	157
193	62
29	241
29	12
249	105
45	193
2	185
237	212
44	227
29	249
98	193
178	65
109	252
188	238
65	230
99	238
