60	60
38	95
40	97
232	232
60	212
11	174
60	188
135	45
135	20
154	40
60	23
228	212
135	97
21	1
13	164
60	231
38	252
12	34
38	169
154	21
113	212
232	12
53	212
68	185
60	145
113	202
252	212
40	71
7	95
38	97
232	7
232	172
60	21
114	27
17	170
60	60
232	32
232	197
12	122
141	97
149	40
38	119
40	52
38	134
114	135
113	21
114	161
167	75
38	34
113	202
60	39
212	97
232	32
38	34
113	100
154	98
60	179
232	199
232	79
60	60
252	179
201	40
232	149
60	75
60	144
135	97
60	45
212	211
171	144
168	225
179	151
113	124
34	135
60	60
60	247
113	212
212	207
188	135
95	135
113	38
40	85
165	106
233	204
68	168
40	15
95	151
60	127
92	144
60	212
113	244
253	45
1	148
75	253
60	122
60	60
60	0
134	204
95	212
232	134
144	157
60	166
38	114
40	31
232	32
201	78
106	144
232	253
87	230
50	233
38	222
188	138
40	202
1	135
247	192
37	117
232	144
232	40
24	178
135	78
38	86
38	123
192	249
38	168
40	110
232	78
60	38
232	113
60	44
113	252
56	212
149	34
60	31
13	135
252	183
60	167
145	144
95	39
204	251
60	78
38	188
12	124
247	185
21	212
60	124
60	60
188	136
60	33
60	45
228	114
54	212
232	144
212	207
31	198
149	160
253	25
40	156
1	233
188	212
31	10
141	145
232	34
33	222
40	134
60	202
21	91
38	199
204	157
204	178
60	171
60	11
95	117
252	185
38	252
12	179
252	95
124	168
92	135
1	32
12	135
1	192
34	165
38	202
31	1
21	78
1	231
53	1
60	232
192	32
96	135
141	75
21	15
212	135
38	157
60	154
194	50
149	178
232	31
38	135
154	205
78	157
58	212
113	38
168	135
60	252
40	168
40	21
60	38
40	40
85	135
116	79
232	41
113	149
202	169
146	71
212	178
232	157
60	60
21	231
60	34
134	34
232	111
60	255
92	21
95	254
202	119
212	202
149	194
113	68
232	254
202	32
205	135
141	79
93	131
113	38
247	17
60	38
13	171
60	113
179	61
38	33
31	95
60	38
149	136
60	51
60	122
232	247
21	137
113	251
204	144
113	7
135	171
149	201
149	15
192	61
113	150
252	192
232	113
21	227
251	14
232	70
168	135
179	97
179	107
38	212
134	15
135	121
232	168
202	233
60	252
40	45
134	114
232	54
113	192
40	165
60	61
60	32
12	100
21	144
247	78
60	21
192	94
60	253
40	212
60	60
60	60
93	144
149	203
60	38
135	25
60	35
141	175
38	222
60	31
113	135
21	117
135	135
135	78
60	21
232	149
149	11
21	114
60	68
188	90
47	199
60	71
60	40
212	117
135	112
113	31
60	76
252	11
60	253
60	14
13	135
194	20
60	192
60	212
232	118
38	85
232	170
60	116
31	212
168	15
149	192
188	39
113	179
60	209
232	1
149	188
113	127
60	250
247	171
134	65
60	149
60	79
188	71
247	174
15	171
124	71
60	252
50	135
232	54
60	60
232	14
60	228
202	82
31	175
60	87
141	168
40	146
113	192
149	21
232	149
60	21
40	21
54	192
157	213
40	135
113	44
92	40
124	212
201	192
188	143
40	179
192	122
149	247
60	4
113	149
92	201
38	204
218	199
60	60
232	146
38	78
60	60
38	136
247	15
149	38
38	21
33	93
21	179
31	11
149	33
163	66
21	17
60	187
201	222
232	21
60	134
40	135
60	255
252	154
40	21
154	68
73	227
60	252
1	25
60	122
188	95
156	32
31	216
21	52
212	204
233	135
113	87
134	34
60	65
89	157
134	157
205	89
179	204
14	97
12	205
144	25
113	38
149	212
78	178
232	212
60	157
21	73
40	85
21	217
1	32
71	135
60	232
113	47
127	220
60	93
68	135
232	68
40	13
142	179
71	135
38	188
95	32
40	114
38	40
60	38
21	179
11	61
60	60
156	114
60	31
87	178
113	45
38	127
134	168
154	212
192	204
253	97
60	135
92	40
232	85
113	1
187	157
60	232
252	114
188	21
205	93
131	97
113	135
113	54
60	122
65	213
154	156
31	171
38	114
60	13
144	153
222	212
87	135
31	34
60	42
38	31
134	204
232	204
60	212
184	165
60	17
60	144
232	142
134	192
60	113
60	40
33	85
11	135
232	95
167	45
60	217
40	212
60	13
60	78
218	254
21	175
113	17
60	124
154	250
31	85
232	119
113	157
60	39
11	135
60	40
141	110
232	154
73	227
183	15
157	178
192	97
113	247
12	141
149	53
60	34
149	68
60	40
95	32
232	151
163	73
217	199
60	144
188	5
232	95
60	38
68	82
44	157
71	61
87	35
60	231
31	112
252	138
201	197
212	139
124	146
38	21
113	82
156	185
1	175
85	114
113	255
60	205
60	105
149	223
163	212
172	216
233	97
21	134
247	227
157	185
248	178
252	40
172	38
1	179
149	38
12	92
219	168
161	216
60	144
232	212
60	38
232	100
38	156
179	114
40	192
188	202
177	25
40	178
247	1
95	157
113	134
212	174
21	253
156	207
12	247
60	60
60	124
21	218
60	212
11	135
38	51
60	40
60	124
227	97
113	233
40	165
38	165
188	114
21	214
154	114
135	97
60	87
149	157
149	222
149	135
113	78
113	225
212	97
113	157
60	32
21	238
192	238
219	31
38	21
201	212
201	38
40	114
60	92
60	157
31	163
38	0
212	185
201	38
60	248
60	92
149	34
12	86
38	173
134	34
21	204
38	40
60	135
114	94
154	40
60	232
149	252
168	97
11	222
47	82
232	249
60	252
135	171
113	171
113	212
60	233
212	86
175	97
38	138
114	178
212	202
227	90
60	232
60	141
121	122
206	135
135	97
38	11
54	135
194	117
60	40
60	12
114	144
60	212
21	134
201	157
60	235
1	144
5	135
60	154
44	135
113	252
68	233
60	113
149	240
140	213
201	93
45	66
60	31
168	135
110	135
60	113
1	122
60	87
113	247
154	171
134	79
232	11
53	117
149	65
40	34
149	202
204	238
21	32
60	202
40	25
60	135
12	25
40	21
1	61
248	135
251	199
145	163
149	33
27	79
60	108
1	114
252	0
92	154
60	31
60	134
1	212
124	135
113	212
255	114
113	145
113	217
60	75
60	157
253	25
60	249
60	192
171	26
21	21
171	144
40	165
60	228
252	35
40	144
60	212
68	222
1	108
201	144
60	154
21	248
40	93
201	233
168	47
60	243
60	239
60	168
54	66
31	21
75	204
141	93
60	134
60	232
164	164
232	69
38	31
60	179
60	134
192	135
40	142
60	113
188	31
40	32
232	40
113	202
232	94
11	202
212	25
232	232
154	175
40	17
149	192
113	73
202	243
188	135
60	42
134	54
232	85
149	7
21	114
38	180
13	135
33	145
138	153
60	33
134	156
135	148
60	20
149	213
149	178
188	85
201	38
60	91
60	232
179	144
38	96
113	21
202	233
179	135
116	174
85	108
40	205
38	61
78	94
188	32
113	38
68	21
149	47
31	61
134	73
179	14
179	179
154	75
114	251
113	184
78	144
113	95
252	169
60	21
40	212
60	94
60	212
60	135
68	213
21	157
106	169
38	117
60	157
134	251
233	157
60	60
149	68
246	32
11	32
38	122
68	71
40	135
60	96
204	48
38	112
232	199
232	15
149	110
232	212
201	11
75	21
202	138
38	21
54	97
68	233
232	204
60	247
78	128
60	113
232	149
232	177
60	71
29	207
40	11
60	60
204	157
73	157
21	204
4	97
38	204
38	212
60	60
149	165
60	58
85	37
149	34
188	175
232	130
159	233
60	88
60	124
38	144
179	248
85	5
149	68
60	11
60	217
40	212
232	159
232	38
252	127
247	54
247	21
232	87
60	95
172	31
38	21
134	34
60	201
38	204
212	157
60	1
179	178
21	146
201	136
154	68
228	179
60	144
228	134
38	202
232	164
21	78
12	168
11	233
60	39
60	190
201	255
20	180
188	94
232	40
113	154
60	60
38	167
113	55
60	11
60	21
60	1
68	21
154	179
135	213
113	89
178	178
168	253
60	60
201	11
172	168
60	113
212	135
15	97
255	202
183	135
149	38
246	241
60	149
188	61
252	95
40	233
198	218
38	10
149	32
60	212
60	154
232	252
232	104
60	21
54	212
60	113
168	175
7	135
100	83
212	249
60	44
233	157
60	69
38	21
179	89
247	21
98	32
113	163
149	40
154	135
38	78
60	183
60	178
232	168
1	54
60	248
60	144
7	134
60	82
60	185
60	168
38	114
232	21
60	40
247	217
60	87
1	127
1	212
113	144
21	95
60	38
232	149
124	86
38	40
124	178
124	231
60	97
154	199
100	39
38	90
60	31
248	166
60	97
204	82
21	151
60	38
149	27
68	15
113	132
1	210
239	135
20	207
60	114
92	231
113	97
233	82
113	247
40	89
142	34
40	127
40	166
232	25
21	48
179	178
60	135
60	178
38	7
33	208
40	212
92	157
32	136
21	251
60	149
149	144
154	21
60	213
60	172
233	251
113	31
12	168
149	40
149	233
60	149
38	188
60	60
60	185
172	194
194	21
124	122
149	204
60	202
60	167
149	11
12	31
92	249
60	247
134	212
13	80
135	61
48	97
232	169
38	144
60	192
52	41
134	128
232	135
21	168
232	96
38	168
113	252
232	92
201	179
38	89
156	246
38	228
60	97
92	65
146	159
156	249
219	13
12	110
21	82
212	127
60	188
21	226
38	168
60	202
113	173
233	112
11	238
154	168
201	233
224	82
31	245
113	40
212	135
222	204
1	97
12	238
92	226
60	104
54	146
60	5
31	212
168	78
233	90
252	212
192	35
60	233
113	78
38	34
12	13
226	135
232	1
60	38
113	21
179	27
95	89
21	97
179	32
92	219
232	113
113	112
141	1
179	157
67	135
192	32
149	97
212	231
60	179
60	21
40	144
21	202
5	144
12	231
38	78
113	40
40	97
60	95
60	60
60	34
60	134
1	144
21	89
60	168
38	178
113	149
38	5
60	92
12	27
60	78
60	15
31	21
232	212
113	135
212	135
40	45
95	114
60	97
40	227
12	138
227	128
21	178
38	127
60	114
40	212
60	212
233	164
60	192
60	25
60	157
60	149
134	88
60	175
134	32
201	114
40	95
135	119
21	185
113	114
247	11
113	7
68	190
60	159
113	1
154	71
154	122
212	208
21	85
247	178
168	185
188	6
113	251
149	239
38	124
60	188
113	38
116	97
60	31
113	86
232	135
135	144
247	93
1	114
86	78
31	135
60	179
71	144
179	61
112	216
60	1
60	152
60	97
38	247
40	183
12	38
93	20
179	61
103	164
60	251
252	154
149	54
142	164
113	164
34	127
60	31
60	202
60	60
247	209
247	97
149	141
194	97
146	17
60	127
228	212
21	25
124	206
60	231
163	135
13	227
60	192
149	21
12	149
60	75
60	188
119	97
113	192
124	248
149	252
242	242
39	97
168	11
135	69
75	168
105	255
60	114
212	151
168	179
95	212
60	40
33	231
149	178
12	20
40	78
232	38
183	1
73	135
113	228
255	108
212	246
113	144
21	255
31	21
252	21
232	34
232	134
127	171
204	157
222	114
154	145
60	93
113	75
205	15
60	174
40	212
60	149
134	134
188	13
163	48
60	145
113	233
40	218
232	246
212	157
168	135
233	135
38	7
68	48
188	21
113	212
60	135
12	165
149	201
232	150
201	168
173	119
232	21
212	144
1	212
33	161
232	61
149	188
149	146
124	241
245	135
149	252
60	25
149	185
201	223
110	135
60	247
38	40
64	78
149	178
231	249
247	255
85	185
5	37
95	142
60	85
60	232
60	216
212	52
60	135
92	89
78	204
31	78
38	192
255	170
149	185
232	149
7	31
209	212
60	105
252	40
113	92
134	233
60	168
38	157
12	31
232	233
60	231
75	122
201	44
188	144
27	97
38	206
252	33
40	171
135	204
252	124
201	32
60	20
212	212
92	32
113	135
60	212
34	47
222	27
154	144
149	135
149	87
78	178
60	194
38	151
194	21
113	38
255	202
60	102
60	113
149	21
60	110
149	21
60	21
40	222
38	75
232	114
92	40
134	11
149	40
92	78
210	233
114	165
222	136
38	204
68	134
60	40
149	157
60	114
124	222
149	154
202	199
232	149
113	40
135	135
1	204
60	149
60	38
252	13
219	52
21	45
38	150
168	233
68	37
60	212
60	113
68	97
60	212
201	247
149	179
168	233
212	178
60	60
124	89
134	144
24	97
255	150
212	185
232	32
31	135
60	232
144	108
105	73
168	156
60	60
202	71
149	149
226	114
60	204
124	135
34	144
21	144
135	18
188	17
60	60
149	47
60	60
60	198
179	178
21	112
33	144
232	201
12	40
212	13
206	94
247	56
183	168
124	7
38	212
135	135
21	212
38	135
21	1
60	212
113	134
212	204
60	119
114	192
60	34
60	95
194	40
38	40
40	34
149	205
113	246
149	21
40	188
60	156
113	73
34	41
60	149
145	187
179	114
149	188
21	142
135	157
60	188
149	78
232	31
134	1
95	14
12	14
232	88
60	196
60	157
60	185
33	34
149	135
85	32
247	34
145	178
60	124
178	94
149	188
149	135
149	24
12	219
206	249
212	199
31	204
202	157
60	212
205	156
60	114
60	114
60	185
40	1
60	38
212	27
11	14
40	82
60	38
40	144
68	135
38	204
149	40
232	53
40	222
201	179
38	212
114	202
40	95
110	241
21	245
60	21
156	179
113	240
114	71
60	212
201	1
232	119
60	233
167	40
60	141
135	78
12	0
13	79
113	40
60	151
15	18
60	207
31	13
232	204
60	38
252	141
135	135
9	20
38	45
194	178
92	146
60	169
11	179
168	207
247	156
60	96
60	95
40	135
60	40
124	141
232	179
60	145
60	54
232	31
12	134
15	135
60	38
247	151
149	40
149	165
7	253
68	31
38	134
60	204
135	185
34	32
60	60
113	40
60	58
40	73
149	40
60	201
31	177
40	141
113	149
232	201
31	189
60	21
232	246
113	38
172	175
192	135
1	97
60	21
205	174
60	113
202	202
201	248
60	204
183	45
38	124
38	154
222	169
201	188
60	179
202	174
60	134
91	135
1	135
60	245
232	165
179	178
134	233
60	38
232	95
113	32
21	33
38	188
252	212
149	79
33	89
149	68
68	219
232	255
38	32
60	11
113	40
113	38
192	10
172	97
60	232
188	25
113	40
134	34
40	134
60	226
12	1
15	71
232	97
60	34
114	135
47	125
85	225
149	109
113	135
172	97
232	113
113	212
21	250
34	202
212	17
60	135
113	21
149	135
90	151
110	45
1	35
192	97
78	89
38	192
154	78
60	0
113	171
60	38
201	8
149	228
75	157
232	78
172	218
21	4
60	149
1	135
60	118
60	212
68	34
201	233
145	231
113	247
47	148
38	227
149	212
201	135
149	149
31	251
252	204
113	54
60	183
232	157
60	60
232	122
33	97
21	135
60	149
135	45
149	31
105	100
212	135
95	216
60	50
40	212
232	21
168	45
165	83
228	135
60	60
92	212
60	39
95	212
113	7
60	47
113	212
172	172
34	242
232	31
68	163
92	212
149	21
149	34
60	127
38	1
149	149
60	233
38	192
60	13
21	233
135	199
12	88
60	32
113	154
60	40
68	35
113	149
53	13
21	164
60	149
60	21
11	25
60	8
204	32
60	163
60	135
60	242
11	32
21	114
40	114
40	21
212	135
60	212
204	121
60	232
12	44
201	157
31	11
232	119
31	212
232	38
21	15
60	75
252	32
201	202
114	8
38	195
201	135
124	135
113	178
113	157
188	97
13	111
232	1
92	231
232	233
201	31
21	144
60	202
188	14
110	212
232	40
233	78
60	149
13	207
113	247
60	201
124	225
1	97
40	114
40	1
113	97
54	212
24	212
252	31
232	97
60	179
114	233
60	146
201	110
232	231
21	119
40	120
60	113
75	249
149	252
27	78
92	127
60	38
12	12
60	134
201	238
149	212
113	104
232	255
60	149
71	231
60	92
60	68
85	192
60	119
255	27
60	21
78	164
232	119
95	135
149	87
21	135
113	178
113	255
60	161
38	216
92	127
212	178
113	212
201	212
179	78
21	1
1	114
60	180
68	13
60	209
149	54
60	87
232	93
12	135
245	144
212	4
201	144
60	124
219	185
21	136
40	202
95	34
12	242
92	1
60	7
40	204
21	156
40	226
232	135
149	82
92	188
60	107
114	151
212	218
212	90
201	96
60	21
205	212
163	117
40	183
205	151
60	6
40	106
38	192
113	52
38	135
21	212
33	25
247	135
212	127
247	1
92	206
21	64
252	21
60	154
59	111
149	40
7	212
75	212
134	233
113	12
149	145
95	20
149	21
124	68
232	212
60	56
161	241
60	38
38	135
92	40
232	78
60	109
134	202
12	79
75	95
135	135
113	212
60	135
60	14
92	150
60	18
21	212
113	105
149	233
60	168
60	79
206	88
149	252
60	97
119	97
149	135
60	204
113	0
38	247
113	38
38	144
168	204
113	212
212	157
252	233
149	114
60	232
194	145
179	45
21	127
56	243
232	144
47	148
192	52
38	173
185	97
38	1
134	4
212	97
113	233
228	6
149	212
149	134
212	32
149	38
1	127
60	157
175	164
92	135
38	233
232	34
179	114
232	93
38	252
232	135
232	192
11	202
60	13
60	174
53	114
40	1
201	144
60	251
40	192
171	174
85	78
124	27
222	225
40	212
168	202
149	135
141	11
95	18
232	202
38	135
114	151
40	204
154	138
212	204
149	37
114	169
60	209
149	163
34	13
60	149
60	144
219	209
113	154
127	117
232	78
54	135
113	217
201	252
149	202
68	204
252	154
21	135
134	11
60	233
247	151
34	161
149	40
68	151
60	119
11	204
38	1
212	249
54	192
38	192
113	246
11	100
149	233
192	144
92	202
113	135
154	164
60	248
194	212
149	11
113	21
60	165
154	97
149	149
60	233
135	32
145	179
34	13
134	233
113	247
40	204
183	151
60	149
141	86
179	171
113	212
38	168
60	95
232	135
27	147
40	114
60	127
7	233
113	168
235	135
40	104
113	149
232	217
154	40
232	233
60	179
232	87
135	121
212	192
127	13
110	233
60	92
212	157
188	79
60	21
232	232
66	79
212	192
152	178
251	157
113	228
34	78
60	37
228	135
60	247
40	11
192	109
113	134
202	135
27	94
192	65
247	192
60	253
110	25
252	227
21	179
34	135
38	171
60	224
85	1
92	228
1	204
60	212
232	170
113	97
60	149
58	134
60	192
144	178
204	197
38	156
124	11
145	192
167	119
38	97
60	192
144	79
192	233
96	157
73	14
60	60
134	204
60	113
110	9
222	178
2	153
60	212
60	113
232	45
21	204
212	157
149	135
11	212
149	192
201	233
92	169
68	135
134	253
60	79
212	204
92	38
188	95
60	178
163	187
60	154
60	38
188	233
60	34
113	165
44	212
168	135
179	73
60	0
149	88
40	135
92	202
40	183
31	13
149	14
60	146
134	212
68	198
202	93
78	144
38	151
33	173
60	97
179	164
149	45
201	175
31	114
40	135
60	149
21	246
135	178
60	21
21	86
145	212
149	21
204	204
38	157
157	69
149	13
149	78
60	232
60	171
21	127
124	96
60	220
113	1
114	153
21	41
232	13
92	38
34	171
45	79
60	212
179	78
60	247
97	79
60	252
68	163
95	135
134	13
65	164
113	75
60	85
1	164
60	251
12	71
82	164
163	179
212	81
21	184
45	41
38	246
60	232
40	144
60	119
113	157
85	253
252	25
212	146
232	53
113	33
113	21
232	212
167	89
60	21
60	212
92	252
38	233
75	178
60	232
212	157
40	34
157	157
38	202
21	222
251	185
60	232
141	233
97	153
168	249
149	85
60	168
60	179
156	20
96	89
113	110
11	204
60	60
232	40
134	79
245	233
247	135
192	135
87	6
235	134
31	204
201	40
232	27
68	34
212	34
60	202
60	157
21	241
149	61
31	212
60	172
149	39
60	219
179	79
40	45
113	212
21	202
134	34
188	78
146	178
60	92
201	157
228	157
92	212
60	21
95	216
12	207
232	21
31	233
60	156
21	47
38	252
232	40
124	114
113	168
212	248
11	248
60	199
192	178
60	113
232	140
172	71
60	20
149	179
52	204
95	233
175	243
60	245
21	195
149	40
60	212
114	181
60	32
60	40
212	112
40	21
202	216
232	67
38	75
113	51
201	68
60	114
168	117
60	38
134	135
232	78
149	114
60	149
175	14
60	60
113	212
124	68
95	122
60	75
60	60
172	192
60	31
132	25
11	78
134	212
95	1
233	32
87	21
232	219
113	188
232	135
60	60
142	173
60	124
135	144
232	135
212	127
60	60
33	135
149	141
134	34
149	40
188	202
60	40
60	38
149	156
232	12
232	178
231	151
232	124
60	25
21	32
194	205
60	251
1	175
232	157
113	173
60	11
149	134
113	149
212	37
232	168
216	207
60	60
154	228
154	212
60	21
178	193
40	21
232	40
127	32
68	39
124	134
95	157
85	220
38	164
60	203
252	32
179	202
113	47
38	233
1	212
21	233
135	82
60	149
135	204
219	21
31	135
53	168
141	212
174	101
179	71
60	168
202	233
135	204
149	174
113	231
201	20
60	122
124	246
60	11
157	254
60	253
188	165
246	89
113	233
60	201
60	188
124	21
40	86
40	204
232	40
40	82
60	60
232	40
60	154
60	127
232	135
60	113
38	212
60	251
40	178
60	27
64	135
149	135
163	245
38	53
156	47
34	47
149	97
38	85
32	117
12	179
212	32
40	157
40	32
212	61
246	18
232	212
113	7
60	32
38	85
113	201
60	95
232	85
38	227
149	134
255	171
219	134
87	33
31	206
60	149
204	204
172	202
232	21
60	232
13	135
60	232
247	217
157	249
154	135
144	225
135	135
201	38
212	6
142	97
172	38
232	89
60	113
252	105
149	204
60	219
12	122
232	21
212	79
114	148
60	75
40	135
21	174
60	14
60	135
149	38
60	21
38	47
60	122
27	61
78	90
188	75
60	31
38	40
201	79
60	45
78	250
146	135
40	40
113	179
188	89
232	54
149	178
34	89
232	232
33	192
247	204
12	178
252	241
173	122
113	68
212	249
212	137
60	204
60	174
232	192
60	134
60	151
113	40
113	188
60	34
1	212
53	65
27	135
247	212
60	205
40	21
60	174
40	33
68	127
7	24
119	144
60	212
31	168
204	207
113	38
212	48
167	32
149	135
60	202
60	83
32	249
60	21
60	149
154	40
38	25
212	157
60	89
134	135
68	18
149	110
149	7
40	61
34	202
252	188
60	192
232	144
233	10
31	170
114	229
149	238
60	149
60	34
34	251
60	119
227	200
206	78
92	157
212	135
60	95
149	248
60	175
179	135
60	132
40	84
201	40
60	60
134	18
60	179
167	227
201	252
60	12
134	1
60	149
124	1
31	21
146	28
60	114
21	137
113	113
1	135
60	27
113	157
93	144
7	173
252	95
113	21
60	38
215	195
154	178
40	192
60	11
31	202
204	32
198	1
21	251
113	149
149	164
113	61
60	32
40	212
149	23
247	245
149	34
154	135
60	212
38	68
232	199
40	78
60	135
113	233
15	233
232	4
202	9
149	252
60	188
202	67
71	250
149	85
92	14
60	190
60	27
12	222
217	115
255	212
212	135
154	79
179	135
245	202
212	50
113	155
149	37
21	202
60	114
252	139
60	212
60	167
154	135
21	21
60	113
60	94
60	40
172	44
38	246
149	31
146	227
119	157
119	45
232	110
247	34
113	201
154	255
232	212
134	205
68	178
38	188
38	137
59	207
146	14
21	212
110	34
134	11
201	165
113	149
135	144
60	144
149	127
232	113
113	38
21	67
183	192
127	192
27	97
68	4
21	11
168	114
60	233
149	97
60	232
188	1
11	212
33	34
235	151
113	175
140	61
149	122
38	1
232	135
38	198
232	31
1	212
188	233
60	124
190	193
233	135
60	163
60	92
90	151
60	75
149	1
38	40
11	25
38	168
60	149
168	83
60	60
31	114
127	97
60	130
232	24
232	171
154	185
219	156
232	233
212	212
114	164
40	212
113	212
232	119
60	212
252	248
135	207
40	40
119	144
154	13
40	164
60	21
60	40
95	78
168	242
40	146
21	135
114	197
154	249
92	153
60	188
149	38
40	58
38	114
249	122
60	252
40	228
1	78
60	60
194	96
232	233
113	135
60	97
12	135
40	164
34	171
60	124
85	1
149	95
188	31
60	194
33	157
183	250
252	134
60	156
33	93
212	18
149	218
232	38
188	34
232	178
11	151
60	60
113	93
113	157
247	95
60	60
68	192
53	127
114	116
60	32
168	127
38	1
38	135
156	144
40	157
92	227
149	202
38	97
60	232
252	238
60	255
194	212
60	134
60	38
92	97
232	179
60	253
202	192
60	75
135	164
204	144
127	135
113	1
154	212
201	247
60	15
60	38
40	71
95	185
212	251
232	149
149	13
205	135
60	171
38	140
232	233
60	95
21	178
38	114
247	192
175	178
12	233
60	34
40	0
135	135
149	144
149	179
154	31
165	164
53	251
149	82
60	34
12	255
60	60
212	151
60	247
252	13
227	97
201	34
113	68
149	122
21	192
60	79
113	168
21	34
60	212
60	135
113	82
154	146
60	75
113	113
113	204
212	251
188	199
188	174
60	212
60	38
135	78
168	119
60	78
60	249
40	145
149	168
60	38
60	124
232	113
1	192
232	71
228	206
40	192
149	124
194	135
212	249
232	173
219	135
114	165
38	154
113	173
95	25
245	78
38	97
71	203
21	27
179	135
60	228
135	157
154	40
21	97
38	110
232	93
113	40
252	135
38	188
168	202
38	171
252	135
60	145
154	174
233	204
11	135
60	168
60	222
232	113
163	204
60	47
60	21
212	135
149	253
60	40
40	11
60	232
60	168
149	79
232	168
38	135
53	117
219	25
156	243
92	157
60	92
149	219
232	247
38	140
31	207
232	12
87	247
60	25
38	157
212	34
113	185
1	15
201	178
212	97
157	153
212	202
149	247
40	68
149	20
167	83
38	97
209	73
179	178
32	32
11	96
1	178
168	135
53	202
60	114
212	39
194	14
12	144
11	178
40	135
78	204
1	178
60	206
13	227
60	149
60	92
60	114
31	71
78	117
232	255
60	144
13	135
60	61
68	54
149	213
113	66
149	68
154	118
40	1
252	86
21	217
232	94
38	114
179	248
113	113
124	116
149	212
149	95
171	249
212	248
21	207
202	89
38	198
60	149
149	122
60	32
38	38
38	135
232	119
124	85
40	40
21	66
60	114
172	140
227	178
253	178
113	204
113	93
68	163
21	178
232	100
38	168
21	135
40	68
68	233
38	233
60	97
91	121
114	32
60	1
60	137
60	11
56	61
21	174
114	192
175	178
135	151
165	135
60	60
40	31
149	212
1	178
168	127
124	40
53	31
40	13
40	97
231	207
149	187
113	117
95	135
60	134
113	201
60	54
53	135
247	179
38	135
201	78
156	114
25	97
251	83
232	135
252	212
154	247
188	11
149	247
201	69
235	144
60	134
113	159
60	89
113	154
212	131
132	135
135	20
247	97
168	150
212	14
38	97
175	65
40	188
21	253
209	212
60	178
232	113
232	21
232	110
188	255
60	183
252	154
60	250
60	197
145	204
40	40
113	255
201	145
247	135
60	95
60	1
175	97
204	32
134	24
232	202
60	135
248	242
172	144
149	193
38	1
60	135
232	122
60	206
31	6
60	233
154	233
60	4
113	32
154	199
60	188
208	97
60	199
38	212
1	20
34	20
38	0
216	0
31	233
144	97
124	40
124	198
21	134
21	4
154	146
60	97
60	114
31	79
60	5
172	40
168	163
216	122
154	40
113	73
60	255
60	38
1	82
135	213
60	252
134	134
60	144
60	15
149	87
149	188
60	172
212	25
31	32
113	192
60	1
92	93
205	246
149	199
78	97
95	78
40	209
60	33
149	188
252	212
49	129
60	212
40	21
60	124
149	127
92	21
113	247
60	197
5	176
149	183
135	41
60	12
154	68
60	222
233	204
175	251
60	252
232	97
38	58
60	121
178	14
135	157
212	34
21	249
21	144
113	32
201	204
53	34
246	251
119	164
11	37
60	183
188	185
60	60
100	179
233	147
194	212
201	7
232	21
11	159
168	119
232	204
141	128
149	40
31	233
92	40
1	222
149	14
60	21
154	61
21	212
40	121
21	135
154	164
38	212
60	85
247	21
232	192
113	212
38	34
38	38
21	145
135	119
60	149
255	96
113	135
60	12
60	149
21	78
113	202
212	135
60	113
228	233
199	88
149	38
183	97
60	82
38	107
60	1
149	209
68	1
212	238
40	212
149	201
11	222
60	175
38	95
31	151
149	38
243	97
175	135
144	122
31	21
60	0
80	225
135	157
60	113
194	157
113	11
60	157
31	39
60	217
124	212
15	14
21	192
60	78
2	157
60	113
149	168
232	1
38	53
75	21
1	212
188	114
168	212
60	113
38	38
47	151
38	202
121	66
201	116
38	33
154	135
201	242
212	90
38	110
201	175
232	149
11	127
58	95
172	251
232	122
113	93
60	233
34	66
60	21
40	188
33	157
124	1
212	187
60	40
21	233
157	178
9	117
110	96
60	38
21	115
232	47
60	212
168	23
113	1
247	178
40	212
38	188
21	119
60	163
232	145
60	78
165	173
233	151
192	241
222	65
60	201
40	204
53	21
212	174
12	168
201	225
38	145
38	233
233	122
212	48
184	164
60	172
40	213
95	106
40	247
119	178
20	151
113	135
60	169
252	183
7	31
232	159
40	179
92	168
60	254
14	97
40	233
60	15
252	165
135	178
38	157
92	135
31	127
168	157
92	135
54	47
38	13
60	13
60	168
21	156
60	12
60	21
149	21
113	32
232	14
60	201
175	97
60	251
12	212
232	171
60	154
124	114
114	135
60	1
21	21
60	38
21	0
149	53
60	1
60	124
232	135
113	9
60	247
92	179
85	97
232	149
60	233
60	39
204	112
92	38
149	171
113	188
38	11
232	247
141	207
149	90
92	165
134	116
154	11
40	122
60	167
255	20
78	14
149	168
134	156
78	207
11	140
92	245
212	233
38	68
60	78
40	188
60	107
113	49
60	149
172	153
75	39
38	212
172	21
60	34
154	1
40	62
154	151
40	175
232	40
60	207
134	13
247	1
68	199
113	135
12	135
113	202
38	89
60	93
149	192
60	31
183	178
60	78
149	212
205	192
212	13
252	212
113	78
154	248
60	38
38	154
38	167
21	212
60	233
15	32
97	20
163	107
113	212
113	165
113	248
60	246
212	114
232	205
113	73
113	227
154	157
113	61
60	60
145	197
233	215
179	144
212	161
68	219
252	21
60	144
135	199
219	5
124	21
68	10
60	199
232	122
92	40
154	156
40	233
188	233
113	149
179	48
60	78
60	60
167	21
245	135
247	212
201	79
113	21
7	35
95	178
60	13
113	95
201	233
38	21
73	171
21	157
38	31
247	13
149	38
222	248
17	148
40	21
149	85
232	45
135	227
202	79
149	117
60	40
149	233
12	40
232	149
233	227
60	85
137	45
92	11
60	15
252	251
201	233
149	185
40	53
201	96
183	202
60	21
60	38
251	151
60	179
38	82
40	21
231	178
60	242
60	157
113	120
40	54
40	164
135	185
228	135
124	144
65	178
144	189
53	95
124	45
38	114
40	21
205	178
113	124
44	182
154	141
60	135
179	73
113	246
89	79
60	212
247	144
192	178
21	197
127	164
60	178
5	107
60	170
154	205
21	67
124	24
60	202
95	97
252	199
31	54
40	112
21	47
232	88
232	134
95	110
212	135
124	75
212	144
24	249
92	78
60	201
175	204
212	135
38	207
21	34
154	95
232	212
188	21
60	124
212	192
149	80
38	168
124	25
149	225
1	241
122	186
192	61
188	27
12	11
92	141
64	212
95	231
232	144
68	189
95	33
141	97
60	248
1	233
40	144
60	113
252	212
60	38
60	40
60	188
149	40
92	92
154	97
68	174
60	114
21	243
222	135
60	135
60	58
179	193
60	178
60	134
212	34
232	11
212	190
11	241
134	116
60	252
114	185
252	127
113	207
40	135
231	151
124	40
201	135
15	28
179	119
60	113
232	251
232	47
154	34
135	37
134	233
149	231
232	231
219	188
87	204
78	121
60	157
21	119
21	153
149	212
60	201
149	248
123	153
149	199
60	113
21	134
233	227
53	144
149	68
78	151
149	231
60	1
233	25
38	212
21	32
232	199
248	32
149	135
198	135
212	144
38	1
252	192
113	68
92	212
60	202
24	127
168	18
21	41
252	1
40	212
202	127
60	40
154	212
148	41
124	111
40	37
219	212
40	157
60	227
38	154
60	13
212	135
95	147
194	95
149	13
95	78
60	178
60	178
113	178
253	32
13	89
188	31
149	246
232	212
1	156
21	34
60	192
192	14
149	134
113	95
149	172
113	246
40	251
60	232
60	183
137	189
60	60
232	124
11	233
163	47
188	197
68	135
92	18
60	157
17	178
232	113
202	65
60	178
60	232
60	14
40	95
21	39
21	185
21	233
60	154
93	171
232	167
38	45
149	85
60	1
11	135
40	212
156	212
60	232
60	47
60	179
60	95
11	114
87	135
124	122
60	38
12	13
60	93
113	192
219	175
132	225
252	31
12	89
232	219
201	45
124	19
134	233
152	52
188	97
179	204
188	151
246	204
60	45
201	85
232	113
178	174
60	40
201	4
252	145
21	179
179	227
60	119
113	113
188	192
38	140
60	95
188	17
201	145
12	134
154	71
60	34
78	32
53	183
95	212
60	82
201	226
187	135
168	61
60	38
60	38
149	213
188	202
156	135
38	242
40	204
149	87
60	204
40	145
232	183
40	204
124	224
217	157
68	18
235	135
38	40
252	200
232	174
15	144
154	233
114	47
201	212
40	209
60	146
245	173
135	78
232	212
154	15
149	149
149	134
60	192
31	212
235	32
1	39
168	135
21	41
149	134
149	207
114	121
38	40
38	212
21	157
232	248
60	119
124	111
134	178
60	83
184	179
124	68
252	32
232	110
134	249
34	79
60	192
149	40
60	188
60	149
141	179
60	21
60	135
113	82
113	14
92	144
113	20
149	68
201	154
12	168
135	204
38	156
21	114
150	82
232	85
134	202
60	145
196	135
60	204
21	32
21	205
60	122
40	144
44	81
251	97
40	47
95	146
232	149
1	93
34	171
5	233
21	45
60	207
60	25
212	178
134	79
12	231
60	21
232	87
60	117
12	168
40	253
11	135
60	60
60	173
201	33
228	212
200	79
60	114
201	40
60	40
233	144
124	227
232	97
60	165
60	248
113	247
92	97
60	192
184	185
60	31
40	74
91	96
247	91
60	137
60	87
222	212
232	245
38	34
157	244
75	183
60	14
60	38
212	78
124	68
60	175
60	113
212	171
60	21
60	232
92	246
92	1
145	135
113	212
149	127
38	134
149	21
60	190
38	122
113	192
38	233
15	70
92	5
68	31
60	106
199	164
40	21
60	111
232	21
38	40
149	151
60	60
252	114
60	178
60	78
95	45
60	79
113	248
38	165
60	21
60	232
60	168
232	78
60	40
60	60
232	38
92	34
149	114
188	180
60	52
252	157
60	60
60	178
110	97
60	135
113	192
12	95
38	33
114	253
185	178
21	97
68	212
92	163
252	153
252	205
255	135
168	164
194	157
60	7
168	192
124	212
113	58
149	1
113	255
38	205
113	204
179	9
247	15
113	202
232	119
60	152
24	13
179	251
12	235
5	79
60	135
60	149
40	61
113	231
21	25
188	148
168	212
113	157
134	202
204	227
113	92
21	134
38	114
40	40
149	14
110	135
60	157
40	249
60	42
232	21
40	165
21	243
113	110
219	157
38	253
40	135
232	53
175	249
40	164
149	212
172	202
60	188
38	21
134	212
60	149
60	113
60	232
247	45
38	34
124	207
92	228
124	154
199	61
233	204
60	192
149	21
21	157
113	188
188	135
232	217
192	78
60	2
134	160
231	78
232	32
246	14
212	212
60	60
124	78
212	34
38	96
60	79
60	219
60	134
40	175
113	9
95	135
113	21
11	135
40	183
11	121
60	110
149	40
75	178
53	71
232	198
60	162
192	89
40	85
232	185
60	21
60	21
60	24
60	149
60	219
60	77
1	15
114	122
202	178
60	249
40	27
21	1
183	178
31	179
212	204
75	21
53	85
60	31
60	212
60	232
149	48
144	3
60	87
168	138
173	37
127	237
34	144
38	145
179	34
21	146
38	135
60	75
157	61
113	38
38	97
60	233
60	135
134	103
38	21
60	199
232	21
60	25
60	212
60	151
232	219
60	34
40	157
60	135
60	38
247	116
34	192
1	27
1	157
183	192
60	31
113	201
232	202
60	32
212	144
172	144
60	134
12	12
179	243
60	232
114	135
247	178
92	71
144	227
219	136
232	124
60	15
68	212
60	21
60	174
113	204
247	202
56	34
38	1
60	78
149	65
252	159
134	144
60	100
60	12
60	124
71	185
31	71
149	14
232	218
142	174
60	202
21	151
144	25
165	135
113	188
113	37
60	95
60	32
172	239
60	12
21	204
201	247
60	4
60	233
95	78
38	40
104	51
38	11
38	97
38	1
34	197
21	179
40	127
60	135
60	38
21	1
113	122
113	216
60	83
124	15
32	121
219	202
149	171
149	144
60	144
198	9
212	179
149	151
228	117
232	246
113	96
21	135
60	60
60	232
60	192
113	175
93	135
172	79
48	164
40	205
134	253
12	149
144	45
60	247
205	175
60	202
113	233
149	212
12	40
178	66
15	135
60	253
40	231
60	252
60	21
21	233
144	39
60	222
92	212
40	159
178	164
60	21
1	238
219	183
95	114
65	178
60	40
113	135
38	241
233	151
212	82
92	251
60	114
68	212
201	253
149	135
183	178
124	40
163	34
232	1
93	32
31	178
202	178
60	92
206	41
201	134
149	38
113	188
21	226
165	135
110	212
232	92
168	179
60	179
113	82
92	204
60	34
149	202
68	11
120	27
183	202
201	38
68	97
113	34
11	121
60	149
40	144
95	173
60	255
21	17
232	233
113	212
124	247
212	175
154	52
228	1
114	122
149	134
11	135
232	52
201	212
235	157
12	7
194	32
60	159
226	127
231	204
252	107
135	32
137	65
92	255
34	37
21	114
7	233
113	123
212	112
95	179
204	207
53	184
103	94
60	163
12	21
60	68
212	202
141	183
38	32
20	37
1	157
113	233
21	212
68	27
60	12
21	192
60	228
232	87
1	253
56	137
21	14
149	0
33	33
92	53
60	178
87	225
60	20
192	135
21	47
38	53
15	119
201	135
113	139
232	11
38	121
113	212
40	165
114	218
226	32
38	135
60	40
60	92
60	21
212	192
54	135
60	156
149	135
40	40
60	48
21	20
188	144
212	112
60	40
188	11
248	171
232	34
232	92
146	151
255	78
252	53
60	21
60	7
60	110
7	40
149	212
114	89
60	212
60	157
135	61
149	202
113	68
60	34
60	12
32	103
199	25
113	21
60	94
154	144
222	74
21	202
149	141
134	202
60	113
31	21
24	212
168	152
40	117
154	103
38	78
168	211
92	141
124	171
34	27
60	135
232	52
0	26
34	192
38	194
60	232
1	79
40	192
31	97
38	97
218	97
232	5
252	97
149	243
40	168
21	240
60	227
60	135
154	89
54	164
40	212
38	21
232	79
201	212
21	212
60	134
247	141
168	14
154	20
38	233
60	212
21	81
12	11
1	15
204	97
38	233
233	90
149	163
78	119
40	199
201	97
247	212
5	204
60	175
60	83
191	135
68	78
68	134
149	38
40	31
1	32
60	14
60	252
60	60
21	110
113	192
113	212
12	85
60	194
13	2
78	144
60	38
188	134
204	157
202	47
60	35
154	58
149	251
21	242
1	179
60	198
32	199
232	135
135	117
252	227
141	135
38	251
68	134
172	154
92	253
92	11
60	33
21	97
246	79
32	174
212	146
40	93
232	33
60	38
247	135
60	20
60	60
12	233
194	199
135	136
104	32
202	253
154	97
201	212
38	124
135	117
92	247
40	135
205	170
209	78
246	185
60	12
60	38
95	5
149	212
113	192
40	42
92	209
60	149
113	66
92	170
219	212
60	38
202	233
60	11
53	119
40	37
212	96
159	147
188	251
17	78
149	85
60	92
247	134
60	161
247	21
113	222
157	225
60	178
21	116
201	202
255	34
113	212
38	138
31	32
60	154
92	95
194	68
232	40
232	207
60	134
60	40
92	103
212	204
60	179
60	183
212	45
113	21
149	149
60	178
60	31
67	157
168	198
40	233
113	154
24	97
60	164
154	97
58	83
168	34
154	135
21	34
60	99
231	96
60	157
60	79
113	116
38	135
212	71
60	202
113	144
1	212
60	178
60	60
113	179
21	0
149	11
60	134
60	92
149	192
232	40
71	157
33	249
232	32
60	149
113	114
232	178
247	88
149	31
24	212
34	251
47	164
60	135
21	207
60	40
60	134
31	251
248	0
232	135
89	82
247	54
113	147
212	246
60	179
60	25
149	179
248	117
31	48
113	21
232	149
60	92
149	87
60	252
212	254
92	202
179	202
233	32
34	135
232	212
202	157
31	212
222	165
232	38
60	1
68	53
179	78
149	135
38	192
53	237
85	127
154	21
232	178
60	135
247	34
149	40
188	187
38	233
60	135
68	105
114	52
32	82
60	149
188	212
12	47
113	97
60	45
114	227
113	21
179	175
194	31
179	179
60	14
232	93
135	78
40	135
38	145
21	144
188	95
1	97
60	227
168	212
60	247
40	145
118	175
60	25
149	38
232	178
135	80
149	165
60	1
60	38
232	212
232	21
232	247
1	192
113	163
11	34
232	255
247	21
38	247
60	38
40	144
252	13
247	118
232	144
31	212
38	135
245	2
60	85
123	135
201	95
60	32
252	78
134	34
60	21
40	144
60	247
113	149
21	32
21	202
38	183
188	31
12	245
175	206
168	212
194	204
60	171
21	32
192	151
60	232
135	136
40	150
149	78
232	124
226	144
113	92
146	78
91	32
11	248
113	207
87	21
232	219
179	135
163	179
40	96
40	121
188	97
252	178
179	39
154	135
38	7
60	183
54	61
58	161
31	21
40	114
60	212
38	135
114	170
114	107
60	113
120	135
212	178
232	161
60	163
54	164
60	28
232	149
114	246
168	204
60	60
218	204
60	38
232	199
134	33
91	25
149	165
149	246
232	249
60	255
149	163
154	168
53	119
12	114
252	17
56	93
40	21
40	150
1	32
228	243
60	60
31	134
54	253
40	39
192	171
60	21
40	204
31	21
144	164
149	97
60	21
113	231
232	38
68	155
113	168
60	232
232	144
38	54
201	135
205	174
38	52
60	132
255	151
40	9
11	151
113	52
222	202
38	154
183	93
78	39
151	83
172	38
60	60
116	164
159	14
21	159
212	127
113	178
60	135
188	144
1	24
157	10
135	170
168	114
60	111
149	21
60	71
149	212
135	108
92	135
40	24
232	40
149	192
38	207
60	232
124	39
149	92
179	233
146	164
152	135
1	27
60	202
188	114
113	135
92	251
21	85
113	248
21	179
38	252
113	92
149	252
212	178
21	157
21	21
113	78
219	11
149	114
145	192
60	203
71	32
40	123
40	205
71	135
149	192
38	135
201	190
124	251
105	134
68	156
60	97
179	135
1	41
12	222
1	135
212	66
173	78
38	52
113	61
38	144
21	204
38	38
56	117
212	78
11	227
232	4
60	179
149	159
60	134
149	40
21	13
154	96
232	205
113	183
40	247
113	20
31	95
60	38
38	247
201	135
60	17
60	173
38	38
21	134
60	246
201	184
247	128
124	78
60	212
40	135
40	40
124	212
154	135
149	212
38	248
60	212
38	168
113	149
212	171
38	156
60	31
60	188
60	192
134	30
60	95
60	144
212	94
232	157
188	178
60	60
188	199
60	60
60	113
149	46
113	140
60	40
85	135
154	238
60	156
75	15
212	246
60	11
40	157
21	184
31	78
168	135
247	95
60	156
202	249
114	13
11	157
31	151
38	233
38	135
60	157
232	40
113	249
60	110
212	178
198	3
113	38
179	233
78	20
113	202
68	178
60	65
113	34
60	31
60	202
204	82
40	27
134	144
247	127
86	122
60	38
168	178
232	1
212	20
141	32
60	68
212	135
228	135
232	137
60	252
47	157
232	170
194	34
124	37
92	135
82	139
175	45
40	185
68	21
60	157
21	34
179	71
232	149
21	205
1	199
40	78
40	159
232	233
113	92
60	38
252	252
1	102
38	156
40	179
12	110
40	134
38	135
157	82
252	171
179	121
252	167
149	31
38	134
232	149
38	229
113	54
60	60
124	194
1	4
149	92
60	232
149	143
232	204
60	135
60	251
60	232
113	10
60	11
53	21
232	113
12	7
183	156
248	114
164	153
53	33
60	252
92	14
60	60
188	168
154	233
228	32
92	97
149	95
21	192
232	127
60	60
156	32
134	24
149	204
38	168
12	231
232	135
45	170
113	253
60	21
38	110
60	204
38	212
60	201
60	21
38	212
201	168
60	65
31	134
38	199
183	251
60	21
60	33
56	212
60	58
60	32
228	4
247	212
252	168
149	204
21	95
40	135
165	96
60	38
201	212
38	212
110	135
247	150
135	144
60	21
21	21
21	212
149	95
135	20
60	246
60	66
60	212
219	144
21	241
124	0
175	178
163	185
34	91
38	135
124	32
40	135
134	238
68	25
60	232
60	192
149	135
149	135
60	162
212	135
95	135
212	78
21	179
124	127
38	40
113	134
124	117
232	13
194	218
19	0
149	114
7	40
156	243
252	83
27	78
232	38
40	11
232	85
54	14
38	135
60	1
60	92
163	165
252	25
149	204
113	201
192	32
95	251
233	135
12	40
149	21
38	31
38	179
60	249
12	135
163	71
113	157
60	135
149	78
60	83
78	178
92	188
113	194
60	118
149	31
60	21
201	212
12	106
212	204
38	15
60	34
60	144
60	188
113	34
33	107
149	149
38	233
113	17
233	123
38	40
33	204
179	218
52	122
196	170
60	149
38	252
204	144
183	135
96	207
85	96
53	31
60	135
154	228
113	204
60	212
134	127
38	135
95	212
40	21
60	38
31	249
232	149
21	11
95	213
60	247
60	97
60	212
179	114
60	188
149	156
201	243
154	80
113	134
149	95
95	144
92	13
60	127
21	34
60	175
60	38
60	174
212	213
12	192
60	21
135	204
60	212
21	25
40	202
149	204
222	212
32	0
201	166
95	233
68	21
140	157
202	5
92	247
145	123
165	174
92	212
38	212
113	79
40	21
113	113
232	21
60	124
38	174
114	157
38	165
60	113
60	104
149	190
157	25
21	11
168	174
60	110
7	93
60	188
38	124
21	233
212	34
232	113
232	38
87	9
253	135
1	52
219	178
212	178
209	202
212	135
202	106
212	20
113	21
60	141
149	207
31	212
60	149
60	183
68	117
12	40
168	86
7	202
124	50
113	93
198	137
40	212
120	174
60	40
252	157
60	60
60	83
149	135
192	207
113	114
95	135
252	154
183	97
38	202
183	10
149	187
40	212
40	204
98	95
96	199
31	21
60	169
232	202
34	230
248	178
149	188
113	47
60	213
124	40
60	124
159	208
149	68
68	212
21	238
92	179
92	212
53	135
212	117
92	45
212	91
40	110
60	232
113	226
38	71
71	199
226	196
78	122
95	65
113	40
113	212
114	96
60	160
145	163
187	90
60	40
212	121
194	212
247	135
135	185
247	41
232	251
60	241
188	175
60	247
60	38
21	11
149	21
12	149
156	251
149	38
232	204
21	13
132	249
135	18
32	107
40	65
60	149
113	89
60	62
92	110
40	114
33	157
38	228
38	164
60	34
38	179
124	32
247	13
34	231
38	14
12	34
86	135
21	71
92	134
188	249
113	164
149	79
60	178
60	124
60	82
232	38
192	157
60	95
40	231
60	192
233	233
165	185
212	202
206	128
60	232
95	156
47	233
40	198
113	1
78	151
7	34
113	1
60	204
1	144
38	246
93	144
38	246
60	232
60	67
124	135
124	240
40	97
60	233
154	179
113	205
21	233
232	149
149	212
21	118
113	1
212	89
255	179
38	198
205	202
212	79
149	122
232	142
232	31
38	32
60	39
60	246
60	146
188	78
201	40
92	205
232	85
12	192
40	233
38	32
60	30
113	21
11	169
245	114
21	144
40	78
47	135
38	175
78	157
168	51
165	72
252	247
21	97
212	13
60	232
141	117
60	113
219	250
134	144
247	144
232	86
38	116
53	47
124	179
232	188
32	157
40	217
60	134
252	179
201	38
60	135
149	38
60	71
165	241
60	60
60	134
163	171
212	32
149	135
113	38
12	38
252	97
149	85
113	253
60	40
232	1
1	97
60	38
1	80
60	247
247	146
60	113
21	11
247	171
149	212
212	204
110	96
60	32
60	135
40	32
232	6
60	199
60	38
44	250
232	151
188	127
1	47
232	178
12	135
60	156
21	192
247	21
149	190
60	228
113	124
218	249
60	212
188	21
53	134
31	21
60	255
201	207
204	82
232	92
166	238
40	34
149	1
113	188
113	157
113	134
21	212
168	65
248	135
248	178
60	60
60	233
21	24
60	21
168	179
60	60
113	110
212	57
78	180
60	21
232	68
232	71
40	233
149	38
192	157
168	151
232	38
232	178
68	134
113	185
31	135
31	212
149	11
12	135
60	242
21	212
212	114
135	135
38	40
40	97
212	233
232	40
38	33
92	38
60	38
194	204
60	21
60	175
92	233
113	40
60	255
113	202
145	135
201	58
89	213
60	188
60	222
154	227
40	79
68	11
40	114
60	207
163	135
201	202
12	114
149	104
34	45
113	114
38	146
60	252
60	149
156	144
60	135
21	179
11	78
21	135
174	97
232	34
137	178
60	212
92	154
60	12
27	199
154	114
232	108
38	40
60	212
60	232
38	247
149	21
21	48
60	149
38	142
11	1
247	134
21	107
163	100
247	202
40	212
168	32
40	248
60	114
60	60
96	151
21	65
212	135
168	135
60	149
127	13
124	93
60	192
124	178
60	135
60	1
38	199
15	62
128	20
124	78
11	32
38	246
60	165
60	149
40	163
24	32
228	71
177	119
97	117
212	202
144	39
92	135
60	32
68	21
201	201
232	124
11	32
227	97
145	212
204	97
60	34
149	228
141	135
232	135
113	135
95	25
255	117
31	134
113	134
110	231
149	21
1	212
124	40
60	183
134	205
201	222
201	21
232	38
21	179
149	66
60	38
113	222
113	212
31	11
40	40
149	219
95	144
212	135
169	10
149	114
114	79
47	78
100	114
40	97
135	83
60	17
60	38
232	149
232	163
60	212
188	168
60	249
60	149
113	154
60	33
233	135
134	78
31	21
135	135
40	183
252	144
38	38
209	157
60	113
212	135
154	157
60	164
149	32
60	179
212	123
60	168
60	60
110	135
232	53
252	168
91	82
60	159
60	169
113	163
113	157
11	204
60	20
149	185
232	149
21	165
105	151
113	252
120	135
212	82
95	47
40	78
255	146
168	135
40	117
99	94
232	149
232	156
60	149
232	233
232	149
60	205
113	135
124	126
38	154
232	135
38	11
40	27
201	171
60	135
247	135
252	54
134	34
38	246
21	57
168	41
14	101
93	135
60	85
40	77
1	212
60	93
21	85
201	180
60	171
40	78
45	157
60	199
113	24
222	93
34	82
113	134
60	233
232	157
168	135
33	90
54	25
113	12
60	40
168	73
179	117
105	255
232	202
232	113
228	140
146	135
60	178
60	117
60	192
60	149
149	34
183	21
232	1
113	119
32	144
38	13
40	141
201	21
60	15
113	201
113	32
68	233
31	32
113	149
38	165
2	157
40	178
232	247
113	134
12	18
113	150
113	188
232	252
1	151
60	45
68	97
60	28
60	219
212	78
60	225
92	7
60	232
95	97
68	246
252	68
60	113
60	127
12	185
60	204
40	95
31	135
212	144
233	67
60	218
171	242
31	59
60	85
60	92
24	212
149	47
201	21
60	97
245	27
60	232
255	212
201	168
78	37
60	68
113	33
60	58
31	204
60	40
124	212
38	124
232	157
34	78
178	122
113	156
60	95
134	78
163	97
113	247
228	95
212	25
60	82
92	40
231	135
12	168
60	68
149	212
40	20
60	212
156	34
114	144
27	135
201	212
86	178
38	59
40	204
21	163
21	222
38	40
38	233
38	185
60	205
201	97
192	155
188	134
232	154
21	199
92	178
60	113
21	108
60	194
60	20
212	164
60	253
179	233
60	149
145	135
60	60
33	34
60	1
201	212
60	134
212	135
60	78
21	0
134	164
202	249
34	216
27	170
38	157
31	95
252	170
27	140
154	40
60	253
149	228
124	247
60	157
232	119
135	153
60	134
247	95
202	164
113	188
168	246
188	27
40	48
185	190
31	150
232	127
114	135
163	178
222	25
185	14
145	32
95	168
38	212
60	188
255	174
134	231
21	163
60	149
60	121
183	233
60	202
60	40
135	190
232	135
53	212
60	12
60	95
113	11
40	202
87	96
61	164
192	171
11	227
12	248
11	179
154	11
11	212
232	78
60	92
54	32
188	11
31	32
68	79
168	238
183	212
252	252
1	61
54	78
113	40
127	157
31	49
245	114
114	203
202	97
40	175
60	60
113	178
53	144
232	113
124	190
232	40
60	144
21	27
192	14
113	252
219	82
68	14
60	13
168	78
172	160
60	21
201	38
149	204
60	135
38	122
60	183
191	185
96	251
113	168
92	212
219	95
232	149
134	45
60	212
12	31
60	92
68	78
92	38
202	144
188	220
222	233
21	144
134	142
110	61
222	78
60	136
38	1
60	242
192	164
21	33
60	60
145	212
168	1
89	88
113	53
40	157
60	41
12	11
141	11
154	157
168	184
212	157
60	165
149	233
100	233
60	204
60	163
113	124
232	113
60	40
53	75
60	38
38	114
218	135
4	117
12	31
40	212
31	253
31	140
179	207
113	83
60	135
60	202
15	151
252	130
60	188
172	212
60	199
157	97
249	151
78	227
146	45
113	71
38	118
113	179
1	14
113	178
127	225
204	48
149	78
92	247
149	78
60	34
212	207
21	144
246	157
21	135
32	122
192	135
31	95
60	122
21	199
247	97
40	95
247	170
113	135
232	61
71	231
212	96
38	212
161	182
40	205
247	21
124	202
60	95
34	178
60	212
60	73
60	232
113	21
38	157
38	194
60	204
232	32
60	232
252	175
137	4
60	12
95	25
149	212
149	11
21	21
246	204
38	247
38	178
149	255
127	79
188	253
38	212
21	146
92	25
113	188
12	79
60	21
149	146
60	40
60	135
124	135
194	68
149	13
127	20
12	82
149	144
202	122
247	168
21	250
232	21
154	165
233	197
87	227
60	40
38	68
232	252
60	160
163	179
113	21
247	233
60	135
113	21
113	134
38	40
114	233
60	198
1	65
232	21
150	242
154	231
60	31
60	11
188	212
27	4
60	252
60	1
13	157
21	248
40	135
253	153
135	97
135	157
232	188
201	21
201	38
232	113
135	97
60	150
134	122
12	21
141	233
168	192
60	73
60	12
12	251
232	141
149	228
60	79
252	21
60	117
252	173
60	27
222	171
53	178
252	178
60	53
21	34
228	161
222	15
212	135
12	149
92	121
149	252
246	135
60	192
34	14
11	192
232	168
95	103
44	66
255	47
1	34
38	134
60	96
60	60
183	249
60	113
149	149
252	168
212	37
232	78
113	40
60	192
124	124
145	71
31	157
114	135
12	59
149	1
60	253
252	14
202	47
60	113
222	14
60	135
21	71
135	204
248	178
124	68
60	92
40	247
114	238
149	85
11	140
1	20
149	204
21	151
179	178
60	119
232	11
183	71
233	82
21	179
44	157
192	97
113	11
38	21
136	189
54	227
113	185
113	1
92	118
60	31
40	212
21	233
154	212
232	240
183	21
91	73
34	32
113	149
179	45
154	47
53	1
38	21
188	34
40	233
4	20
255	136
21	135
40	6
60	60
40	97
163	157
124	78
60	232
60	209
60	97
124	59
60	113
134	237
247	6
202	206
75	179
247	136
20	117
95	78
11	146
149	204
34	157
179	178
21	21
172	135
252	32
149	17
60	101
60	135
228	114
113	179
15	89
60	144
165	78
159	71
60	15
114	171
68	202
60	135
60	247
40	226
154	13
124	248
232	247
40	192
38	96
12	68
47	150
60	122
232	117
21	202
60	38
209	21
212	88
205	34
13	164
40	119
222	114
60	21
201	207
60	154
60	75
60	135
163	249
21	135
60	144
25	97
60	92
60	178
40	253
135	178
40	249
149	54
205	166
113	146
68	14
212	144
60	47
149	117
110	17
149	110
150	78
163	204
201	54
145	82
149	185
40	21
113	201
134	95
113	52
34	6
40	175
60	201
135	108
60	157
232	12
1	199
34	135
232	113
40	228
40	188
60	34
40	212
89	88
212	76
154	66
149	135
60	60
60	232
60	144
113	247
124	157
38	78
60	82
87	40
21	157
232	40
232	21
92	206
60	201
188	135
60	1
60	135
68	168
95	78
150	144
188	27
11	178
113	144
201	212
44	161
149	11
40	119
21	1
127	25
40	21
104	79
21	114
232	40
40	33
12	24
60	25
149	205
40	212
40	192
32	207
27	251
1	83
60	65
149	201
201	174
60	31
212	178
113	134
92	95
134	122
71	135
38	21
78	207
40	48
134	157
124	154
194	21
246	135
149	135
188	164
60	32
228	233
252	33
60	151
60	232
192	48
60	108
248	18
149	185
95	44
60	134
194	135
113	179
184	135
201	56
15	135
60	75
21	135
73	78
60	149
201	13
60	134
1	54
21	97
40	212
168	207
60	164
60	112
1	212
233	157
31	17
60	54
96	65
149	34
232	183
60	68
38	11
113	247
60	212
149	78
60	60
212	192
60	136
12	167
40	217
12	149
149	246
92	178
149	21
60	1
60	249
60	232
1	114
113	34
60	122
60	38
40	32
60	38
113	135
124	141
232	199
60	89
12	149
179	97
113	12
212	253
188	34
135	144
134	253
232	34
163	144
247	135
192	135
247	1
60	154
188	212
60	92
113	252
68	253
78	227
60	40
232	31
12	89
232	113
60	40
40	31
68	114
113	114
60	78
124	227
95	96
232	149
135	135
60	31
44	32
113	135
47	71
232	232
202	233
53	212
188	212
192	217
252	178
60	232
60	149
60	21
87	178
60	34
201	177
87	192
13	109
40	68
192	119
38	207
60	145
178	236
60	104
113	27
38	225
146	138
60	172
60	60
21	236
60	232
113	135
252	135
168	34
1	135
212	204
140	135
134	212
60	113
149	179
60	135
188	44
201	25
118	144
68	117
1	178
15	136
68	21
124	40
15	233
167	21
247	179
145	218
232	185
60	78
232	192
212	135
124	65
40	114
113	97
92	202
149	247
60	103
40	212
31	21
113	89
219	203
60	60
60	38
232	17
114	175
60	252
212	25
60	38
212	15
95	45
217	170
60	174
60	15
93	204
146	236
202	175
178	131
183	34
255	89
38	11
21	71
212	135
149	252
68	122
192	204
60	135
60	202
1	179
177	59
212	144
60	212
40	15
233	28
60	247
92	222
113	114
233	249
188	178
11	144
38	252
60	60
60	157
194	233
113	31
60	40
12	38
168	13
232	185
4	79
12	212
239	32
78	82
114	20
21	42
60	114
175	89
188	98
113	182
92	148
228	163
118	135
60	113
97	88
1	66
149	154
60	40
92	252
60	136
40	40
11	212
135	65
212	249
21	93
60	146
21	168
15	78
252	71
149	38
212	79
60	83
60	212
38	35
96	180
60	188
113	144
134	144
113	61
194	178
201	168
34	241
60	40
188	97
184	78
47	135
247	5
60	69
1	144
110	227
113	38
247	11
201	248
245	185
60	248
192	89
113	97
21	34
11	206
149	9
110	157
157	164
60	40
232	201
60	113
60	31
12	212
60	64
40	227
146	231
252	122
60	175
178	97
168	202
38	222
21	157
45	109
204	55
114	249
92	141
38	212
38	231
149	178
12	149
60	114
60	32
1	61
60	135
92	25
92	135
232	242
232	12
21	78
38	199
60	17
92	174
212	135
60	15
68	61
97	126
12	255
108	174
228	253
60	47
60	122
113	205
168	245
149	32
12	178
188	21
113	127
175	32
68	96
60	188
38	95
34	135
135	25
38	38
232	93
149	38
113	38
60	113
60	6
114	207
41	97
149	92
127	122
127	13
253	41
60	21
95	13
60	212
113	170
154	202
60	212
168	198
40	216
201	246
132	212
60	61
60	25
7	39
38	137
123	80
168	233
95	122
253	32
95	168
60	11
149	11
232	227
232	199
252	71
252	40
149	151
192	6
73	178
247	11
100	175
113	122
60	144
232	183
175	139
60	172
201	13
232	92
113	40
202	135
95	78
60	212
13	32
113	135
204	157
149	78
52	178
232	135
40	212
21	96
255	135
219	97
68	150
40	168
60	154
60	32
247	95
38	21
38	168
92	247
38	93
60	179
255	17
60	97
60	33
232	112
65	41
168	11
113	79
232	247
145	212
60	165
212	207
15	79
92	21
113	61
232	246
212	144
175	135
124	61
38	197
252	40
60	117
149	40
95	179
231	144
202	164
232	78
113	40
60	1
179	178
114	135
21	198
31	34
149	212
252	14
53	37
219	159
212	144
134	42
232	174
232	40
110	97
142	171
68	33
60	170
232	233
40	179
149	154
113	40
212	137
209	116
60	93
124	134
205	33
60	233
247	68
232	202
202	135
212	55
60	212
60	17
167	71
60	60
12	149
60	41
92	151
204	117
60	201
113	78
124	202
11	32
188	33
92	38
40	31
60	21
11	153
60	78
21	34
40	34
60	233
60	117
12	172
134	144
232	11
232	144
60	201
149	144
212	249
204	151
219	97
60	89
60	114
1	135
12	124
157	157
27	122
40	34
34	114
232	68
149	134
232	31
149	20
113	253
60	249
113	21
21	170
11	144
232	92
21	164
124	246
21	25
9	254
40	39
68	119
149	107
194	156
60	40
60	82
60	121
172	95
60	78
113	21
135	45
60	232
40	134
92	192
60	114
60	227
38	212
21	135
201	100
38	114
12	117
113	21
175	27
231	103
124	40
113	179
232	213
38	191
253	25
60	113
149	96
253	89
179	96
60	32
60	154
113	141
100	199
251	151
232	185
232	13
60	97
113	52
21	161
113	192
60	164
60	61
60	38
154	27
60	60
60	255
60	253
21	198
21	233
60	135
154	135
232	40
219	135
1	25
202	4
232	95
233	178
232	12
11	111
135	32
21	23
12	249
134	121
21	95
188	86
149	201
232	212
40	90
134	134
31	95
100	144
38	212
248	135
113	205
228	202
157	138
151	79
21	168
60	178
38	27
154	122
149	150
60	249
60	187
232	194
60	179
21	239
134	202
192	123
60	12
68	33
232	34
60	212
40	151
1	212
127	157
34	71
60	60
232	89
12	114
113	33
60	11
154	69
60	11
144	20
202	204
60	38
40	183
149	231
113	212
85	20
127	204
95	246
60	106
21	1
38	157
212	212
149	253
178	97
154	235
149	206
183	71
13	223
38	119
60	217
232	163
40	204
73	174
113	21
149	178
38	82
38	97
60	149
92	157
60	32
60	134
113	135
146	135
164	97
202	178
212	2
232	183
60	97
113	65
21	199
60	90
201	204
7	86
60	12
113	79
40	178
134	134
60	212
149	21
179	29
201	98
60	34
179	127
60	113
113	95
38	212
60	232
21	233
60	232
60	170
96	45
38	8
60	110
21	171
113	149
212	233
60	68
204	32
7	40
12	95
135	79
113	252
60	178
201	212
154	95
38	31
68	212
113	12
232	212
38	95
252	119
232	89
168	192
12	135
247	95
60	212
232	21
60	135
149	6
13	135
60	232
15	161
60	232
60	194
232	149
113	154
60	60
60	25
247	212
135	122
127	115
110	204
68	185
95	203
60	212
60	21
60	113
31	97
40	249
40	202
60	21
92	247
1	78
212	52
40	219
232	40
201	31
21	212
60	212
252	135
21	165
188	117
113	34
204	157
175	32
34	197
60	128
252	95
188	102
201	83
12	154
212	79
248	164
183	82
60	201
60	60
113	95
21	178
40	212
31	34
232	204
11	135
53	11
60	21
168	212
113	247
212	15
71	200
168	118
60	229
179	187
60	222
11	34
15	204
60	127
60	11
228	204
60	233
149	97
60	232
113	231
146	243
232	192
179	37
21	174
175	157
58	34
127	227
60	40
232	232
60	135
21	137
60	40
201	202
40	212
60	78
212	127
60	82
47	18
60	97
194	135
21	1
85	212
60	212
12	192
188	1
60	113
11	192
201	78
58	79
149	31
60	228
38	78
60	11
232	149
134	17
60	206
1	135
149	231
247	54
78	97
1	20
201	17
232	141
21	162
60	135
60	134
68	251
60	178
40	45
172	135
201	141
201	216
149	38
38	135
149	100
149	40
154	185
60	212
21	144
192	36
149	120
114	135
60	156
232	85
154	212
192	93
201	135
113	18
60	157
201	38
179	249
247	32
78	199
141	8
60	227
232	154
60	78
149	204
40	212
38	233
232	93
149	231
212	175
60	25
68	157
113	38
113	198
60	171
134	231
92	145
60	135
247	117
60	135
178	207
38	21
212	192
31	135
1	222
60	60
31	119
1	32
149	212
11	114
149	56
68	1
163	78
247	21
149	82
149	144
245	97
60	21
38	32
21	97
252	68
252	178
232	185
113	178
154	178
60	204
21	204
232	120
232	179
13	227
163	79
149	154
149	40
60	204
135	151
60	127
12	199
135	45
167	31
40	24
38	21
60	178
21	45
60	212
60	104
60	201
60	60
60	60
192	32
172	128
172	31
108	97
13	61
222	233
60	31
124	142
60	38
60	11
60	148
60	201
38	21
179	135
14	39
15	135
60	124
93	155
113	38
233	135
60	21
255	79
60	38
212	45
1	37
60	78
92	92
255	212
212	212
201	110
212	114
188	175
6	144
60	32
69	97
219	82
232	97
60	97
60	172
60	164
60	71
232	157
149	135
60	10
60	14
60	253
78	82
60	192
232	56
60	144
201	38
60	202
149	4
38	212
252	21
168	218
47	27
113	1
60	21
188	91
202	89
168	135
31	204
134	106
194	156
1	165
232	38
205	135
124	190
68	135
113	31
232	40
124	212
232	151
60	17
113	97
204	223
212	122
192	187
232	212
252	34
38	249
201	141
149	27
149	4
233	144
252	134
60	151
92	61
168	79
60	1
149	128
12	217
60	232
40	21
40	6
21	135
60	154
201	171
233	89
232	246
124	32
232	68
113	1
124	144
38	192
188	202
60	38
212	135
78	119
60	212
212	135
38	204
60	241
53	135
110	135
38	242
60	7
149	21
168	135
60	68
154	39
247	88
247	95
247	83
134	135
60	236
179	144
60	113
175	227
141	134
60	119
113	32
60	154
204	32
167	95
188	212
149	140
212	212
113	202
202	17
40	157
40	114
149	119
61	107
60	212
232	231
60	207
60	11
179	204
232	40
241	79
124	40
60	207
96	213
113	11
60	212
117	197
38	1
168	243
78	82
60	135
60	154
134	145
188	13
54	127
100	199
38	11
38	212
113	233
60	78
232	113
92	97
134	181
60	95
60	135
92	20
232	140
21	151
21	135
113	100
134	135
38	21
93	204
142	212
40	233
114	84
68	212
171	14
149	78
60	92
60	202
201	253
183	246
252	247
60	251
38	78
1	151
154	40
60	232
31	233
38	248
21	241
21	202
188	95
40	78
60	212
60	135
38	157
212	233
60	123
92	26
144	30
113	165
40	228
232	40
38	145
21	78
113	135
149	144
60	219
27	251
60	7
38	21
116	178
60	218
60	21
60	232
145	18
21	246
60	159
38	174
21	135
212	144
60	11
202	192
222	71
38	68
212	151
60	7
149	212
40	135
68	204
12	167
12	40
95	171
154	192
124	188
12	144
232	68
179	32
60	1
60	38
60	192
60	21
60	168
113	247
149	178
192	116
12	168
135	135
252	97
232	52
113	219
60	96
232	168
12	135
60	252
232	68
60	238
222	190
60	124
60	97
75	163
60	253
1	127
232	171
60	79
38	156
38	178
40	247
247	84
212	192
25	39
235	179
154	134
85	212
31	179
113	21
201	38
149	11
255	135
60	119
60	31
100	34
60	38
113	78
188	170
135	89
219	212
11	89
32	122
113	228
252	137
168	135
252	31
232	40
60	53
201	199
60	232
188	97
96	122
21	165
60	202
68	212
121	178
183	151
12	1
11	135
96	78
222	119
92	47
194	178
127	32
11	222
21	45
40	78
73	67
60	126
201	247
21	249
113	168
40	32
60	68
149	192
232	92
60	192
60	60
113	225
149	32
154	202
247	15
60	60
168	204
60	144
60	40
232	233
60	212
118	212
172	21
60	14
60	76
252	178
232	247
38	48
146	178
232	233
32	122
60	174
27	231
27	204
60	97
92	249
21	175
150	144
114	174
232	233
149	38
179	25
12	204
21	241
192	25
233	93
113	95
60	232
201	134
60	40
60	87
168	202
251	39
212	78
252	202
149	188
113	31
168	202
68	178
60	149
134	34
60	32
78	97
142	159
168	146
60	25
60	14
40	110
201	25
114	117
113	38
68	212
60	223
21	135
21	78
31	153
149	78
34	165
201	13
124	20
201	34
110	146
149	47
247	249
149	179
149	228
212	3
201	97
124	135
1	153
232	113
40	135
21	95
255	151
113	154
145	146
38	154
60	122
60	21
27	135
60	92
60	232
232	31
232	58
113	255
21	179
60	149
60	232
92	114
192	135
38	40
165	171
60	68
60	149
149	66
194	178
232	34
21	85
60	97
60	114
149	233
154	34
12	78
21	135
92	11
248	217
149	162
60	149
21	164
21	204
38	157
38	179
135	164
149	202
92	38
149	111
60	15
38	136
60	96
21	117
232	179
21	156
149	87
1	121
113	26
154	138
168	78
92	53
40	21
192	204
124	212
113	21
232	140
113	149
60	24
141	21
11	171
21	164
149	25
247	75
149	225
60	37
92	58
127	192
60	1
60	60
60	60
212	178
21	93
60	114
38	134
183	11
12	164
68	61
60	75
92	178
92	151
60	12
60	13
60	1
212	78
188	212
127	204
222	27
38	34
192	135
188	144
212	119
34	217
68	233
95	114
21	212
149	178
53	21
21	34
60	149
113	40
124	233
96	135
226	175
92	212
212	135
232	27
60	113
21	207
113	0
201	252
144	41
255	179
60	149
85	114
60	227
60	40
167	164
149	34
222	204
168	32
60	92
232	12
60	135
110	97
47	32
168	89
60	212
135	148
60	21
33	200
60	108
149	192
212	202
38	135
141	168
60	12
31	192
60	89
212	212
60	113
38	110
60	154
60	157
38	248
1	144
60	149
38	124
11	79
12	135
60	71
60	154
247	179
95	144
1	122
149	38
178	213
95	192
167	146
113	21
60	113
233	32
113	201
34	144
188	151
60	175
163	231
60	7
232	79
60	188
68	95
71	78
212	51
60	207
60	25
172	212
168	179
11	32
232	40
60	113
149	202
11	192
233	32
38	21
232	32
201	57
202	83
212	135
124	32
247	185
60	135
60	40
144	169
184	97
113	40
219	249
212	179
201	38
113	4
243	17
40	40
204	157
154	11
212	233
60	60
252	68
53	233
60	32
60	40
113	238
40	34
168	255
60	149
21	178
114	165
92	204
40	233
1	238
149	144
31	236
60	45
113	212
232	7
38	190
149	156
252	135
60	252
86	178
168	97
192	61
233	135
60	60
188	171
233	157
252	32
124	79
232	248
149	92
134	95
60	17
247	78
149	178
40	249
252	14
40	203
248	178
60	191
247	34
110	178
12	34
135	76
60	183
40	114
113	33
154	87
232	179
95	18
21	134
113	149
172	119
21	37
201	179
60	12
232	247
92	21
192	171
194	171
241	164
38	233
179	114
188	231
21	95
201	233
85	34
53	122
194	156
168	168
60	204
21	21
188	32
31	235
27	246
60	31
60	1
60	228
247	34
201	34
113	145
156	66
40	97
60	135
157	157
252	32
21	212
12	187
60	171
188	212
38	105
222	222
60	27
38	223
134	34
247	17
60	222
60	60
34	114
113	11
60	60
40	204
179	164
33	164
231	97
248	17
31	255
149	27
27	208
114	91
38	122
60	60
113	149
255	171
34	59
149	124
163	112
12	172
212	204
217	13
168	248
124	134
201	205
149	20
183	106
168	144
60	146
232	233
141	32
5	151
159	238
38	146
219	97
163	14
60	34
60	205
38	252
38	168
232	34
60	154
60	89
252	117
32	97
60	192
60	192
110	216
38	71
113	11
124	235
60	21
92	247
31	95
45	178
168	244
228	73
12	45
113	202
60	253
113	135
11	212
179	157
113	164
53	32
60	232
40	168
12	119
232	21
187	61
124	40
60	204
60	149
40	13
31	117
60	50
232	95
60	127
40	248
212	8
18	207
1	135
31	202
60	163
38	80
201	192
252	82
232	75
38	78
149	75
21	212
60	34
192	135
206	78
12	190
21	192
33	157
60	58
40	90
38	114
149	94
149	78
60	119
