695	512
684	695
894	476
672	12
400	882
965	66
902	956
799	635
501	250
759	263
387	202
684	66
684	695
202	83
695	65
393	412
208	939
684	684
337	863
706	12
858	370
729	176
684	196
208	193
335	191
647	901
369	559
265	472
233	939
986	140
706	820
288	98
974	179
299	803
338	506
706	98
882	1004
706	523
731	276
759	91
684	697
263	429
85	980
695	562
208	91
287	863
799	367
1023	652
527	191
799	846
672	965
230	484
412	561
842	506
746	527
263	158
684	202
946	412
202	1009
299	416
957	340
684	134
202	463
672	510
423	610
824	931
684	931
759	810
42	66
858	202
730	445
730	66
412	882
95	83
68	505
730	299
695	63
202	263
965	191
965	452
824	423
684	138
550	924
695	752
66	400
684	774
138	446
874	83
12	943
37	423
745	517
671	132
759	276
202	871
671	350
405	387
684	745
746	729
47	505
716	287
759	121
991	446
800	640
333	72
965	327
647	956
429	651
138	591
965	101
672	94
263	156
764	12
965	400
423	593
824	97
717	943
121	809
684	66
965	314
604	807
695	861
974	412
684	56
695	729
670	95
684	412
824	864
684	119
647	730
125	561
684	233
824	420
965	225
158	484
938	734
730	429
671	119
846	689
0	711
824	473
704	674
982	882
202	548
745	974
752	369
965	626
799	894
894	66
706	512
684	974
336	91
820	980
288	276
911	610
298	781
759	276
387	831
387	238
492	505
684	219
277	95
937	412
695	21
202	622
824	233
684	533
647	168
824	12
684	993
12	548
96	729
647	120
799	924
670	306
657	882
965	820
243	72
684	242
647	730
799	670
670	338
965	978
759	746
684	684
288	63
684	795
119	412
824	226
647	841
202	202
730	91
1020	882
672	12
265	446
63	561
255	40
658	570
512	328
846	746
671	263
695	901
423	140
684	255
504	303
233	527
138	618
672	276
265	193
741	582
684	894
134	944
653	119
765	193
684	730
196	726
684	1018
463	193
276	655
765	626
671	593
202	206
799	66
91	412
745	527
85	66
335	416
311	980
799	382
759	276
423	179
846	726
653	887
682	746
799	163
775	202
820	841
196	446
552	820
66	56
287	338
400	446
759	339
929	588
311	854
799	807
965	398
653	338
684	207
672	66
202	72
465	269
217	369
66	125
647	956
412	74
1009	736
338	691
671	65
855	882
684	242
356	179
810	196
946	316
672	799
338	958
263	945
759	846
647	412
242	980
807	14
647	183
233	682
208	502
759	119
262	474
684	834
684	62
974	734
37	412
653	735
946	238
130	806
684	400
202	276
202	66
618	22
800	618
965	364
466	193
684	588
85	125
647	243
695	799
759	382
684	953
66	389
515	423
452	299
965	888
684	644
684	284
287	369
695	202
72	399
965	896
672	622
695	759
824	21
647	784
208	119
202	120
820	591
799	38
551	548
965	630
527	958
276	284
704	127
684	119
684	671
799	338
672	965
658	286
671	447
948	505
382	66
571	252
695	12
653	310
672	920
554	66
684	276
833	250
277	116
684	882
208	931
684	610
729	721
66	338
647	463
706	287
894	412
927	276
824	12
327	482
730	451
226	570
730	620
66	580
21	943
841	956
717	792
233	956
799	287
1	344
647	858
746	505
746	39
672	299
717	613
255	276
66	527
671	276
759	746
647	288
684	803
191	561
299	604
764	809
66	44
277	423
824	898
759	946
233	66
138	20
277	66
191	882
276	399
695	956
715	792
856	95
672	653
684	335
730	288
695	412
310	420
730	559
759	548
335	180
759	556
684	820
684	716
684	871
263	230
824	841
412	523
759	97
416	95
208	892
695	565
684	301
202	820
387	72
276	6
416	820
338	463
684	746
163	831
672	609
357	548
336	233
894	287
202	871
647	202
85	606
647	12
191	179
726	463
647	527
387	952
400	635
653	213
684	695
672	875
759	725
706	551
952	66
672	965
202	412
622	463
299	191
202	255
672	320
764	338
671	533
965	95
202	119
647	824
759	612
974	882
684	695
530	980
265	276
684	552
822	714
367	888
451	838
672	327
759	856
684	684
653	276
684	820
482	828
251	463
684	505
647	523
354	412
759	965
695	548
255	423
255	66
21	456
168	208
202	939
824	530
745	670
196	463
765	818
846	476
965	320
66	841
704	119
745	501
501	863
759	730
684	484
336	597
537	433
95	191
671	412
695	714
262	276
647	834
437	367
870	548
412	828
242	588
647	670
672	647
554	714
858	208
672	986
745	196
670	882
946	196
695	807
730	276
365	437
287	242
72	956
986	864
72	127
684	671
335	1009
399	840
986	378
333	512
465	292
97	303
787	740
382	618
745	416
437	179
196	897
299	179
622	616
684	799
946	242
63	573
202	892
892	127
695	91
799	12
437	505
116	814
365	618
369	888
66	330
695	875
299	250
684	846
684	952
684	527
965	308
874	565
320	374
336	12
95	399
365	208
871	888
986	956
730	327
986	255
125	789
894	194
288	423
695	799
327	368
695	288
706	799
72	831
277	473
759	311
684	745
759	759
684	613
671	965
202	399
392	412
263	176
196	42
647	176
787	196
327	414
598	585
559	850
787	553
759	729
684	482
745	276
647	12
833	191
684	232
276	66
276	770
63	820
63	925
965	293
799	728
824	799
202	882
684	364
357	72
276	320
800	640
416	484
799	423
834	965
986	746
695	974
799	400
706	696
672	66
202	806
487	497
671	276
116	72
672	183
807	144
846	404
263	820
846	811
974	756
986	208
695	287
326	316
908	578
745	465
670	868
486	399
810	369
276	367
799	72
684	740
326	119
276	287
382	21
689	474
684	784
684	506
501	831
787	450
515	473
554	548
25	532
98	399
63	127
116	784
684	695
202	622
276	119
684	986
412	594
684	85
336	956
965	98
66	412
395	506
784	164
986	602
695	704
473	956
780	527
986	803
904	242
759	527
364	496
622	414
288	604
695	84
759	800
346	920
869	635
864	933
653	753
382	395
265	327
729	360
729	635
759	387
759	276
48	413
986	461
799	63
684	276
759	894
764	74
417	63
929	288
552	56
846	811
894	897
745	915
276	183
730	238
974	12
792	631
50	729
684	810
695	965
655	504
647	870
672	980
527	2
684	66
894	6
846	276
647	238
730	202
652	820
548	610
311	916
335	180
387	462
820	468
276	851
337	548
618	691
424	882
684	820
846	201
901	356
22	944
6	888
684	505
689	588
191	542
684	753
515	191
799	768
208	367
265	370
746	191
463	701
671	276
745	404
759	196
684	803
730	507
120	944
276	966
684	803
759	640
846	352
622	888
288	939
729	412
277	173
671	945
501	586
287	897
672	474
647	12
265	65
670	493
695	63
367	429
647	416
684	647
327	548
452	658
6	920
293	559
759	501
66	729
695	399
364	191
759	881
647	670
684	764
684	831
1023	456
787	66
392	441
684	233
10	729
395	412
399	463
295	44
276	805
684	729
672	846
684	310
684	390
684	711
647	784
965	952
695	72
130	610
730	412
729	74
132	21
416	784
91	652
684	684
803	527
288	276
745	588
759	404
799	66
706	473
730	986
695	787
684	311
116	412
717	824
1015	395
538	140
684	670
745	729
63	944
799	787
66	639
730	299
66	463
730	974
233	468
799	382
745	438
671	38
986	293
874	587
740	125
927	12
584	589
202	66
684	441
263	635
647	130
759	276
320	400
809	882
684	412
787	530
965	346
196	134
672	358
803	193
905	81
684	317
730	299
230	640
684	764
670	785
729	140
276	95
684	672
674	500
437	208
461	329
894	506
728	125
66	493
929	176
759	338
759	548
653	196
196	400
974	875
894	974
729	956
476	400
684	263
670	923
831	882
965	882
759	263
335	313
179	303
759	125
672	799
653	535
653	882
684	799
684	695
875	833
684	672
1020	523
706	66
706	810
775	746
684	74
196	412
706	233
277	569
684	759
695	293
97	581
202	640
263	191
672	265
130	431
695	582
311	21
931	864
72	170
327	412
202	652
946	287
655	505
684	764
382	95
684	81
672	931
831	423
670	395
573	450
652	287
799	208
265	540
759	416
262	276
706	265
299	674
684	706
671	909
332	610
456	456
287	400
714	166
354	474
684	841
670	369
116	652
684	263
276	21
684	120
647	72
965	202
119	821
986	416
695	63
21	548
672	400
965	731
730	74
730	944
986	842
12	747
202	548
759	571
512	956
119	580
437	400
91	276
452	784
684	647
647	882
672	858
399	851
795	412
647	309
672	748
684	12
116	598
965	952
684	200
501	571
684	429
255	12
939	722
288	944
799	95
789	480
684	726
684	965
684	367
66	95
191	991
647	527
965	116
208	37
672	637
716	701
559	956
799	412
338	635
309	527
684	367
0	466
412	463
965	746
196	628
95	912
338	74
66	284
730	919
695	164
670	66
287	784
191	21
684	387
427	63
265	311
787	287
759	474
263	492
233	63
1023	450
684	746
803	856
965	344
875	66
202	651
695	382
299	792
684	1017
412	594
684	147
894	765
327	169
473	635
695	875
824	991
912	561
684	202
298	288
10	124
647	841
799	527
327	902
548	639
965	674
695	202
746	37
684	715
684	276
412	956
965	400
66	112
759	395
671	288
684	387
420	474
759	746
72	424
486	123
684	431
784	140
119	841
63	635
846	880
799	202
684	1003
276	584
695	255
986	925
647	0
717	276
451	610
12	595
364	888
684	647
799	746
695	255
95	399
311	340
965	463
610	610
288	97
759	463
653	242
846	626
647	536
684	708
265	276
875	755
276	316
12	316
243	364
233	552
66	548
684	402
695	937
684	820
119	6
266	1018
63	644
820	68
369	1018
3	463
530	782
858	689
277	765
684	1018
96	219
684	140
240	191
965	255
510	505
965	562
95	423
846	157
671	752
684	752
552	674
965	72
765	269
263	594
392	338
670	311
373	505
202	233
946	2
716	943
196	66
327	702
640	978
393	530
202	183
510	856
336	327
684	725
708	436
287	21
974	729
894	809
382	181
759	232
799	716
684	523
265	752
974	412
66	172
288	591
527	446
846	980
416	610
191	661
573	191
684	672
672	501
367	666
364	130
684	429
288	299
255	21
416	728
672	759
684	327
684	674
695	288
287	299
965	536
684	196
66	939
684	183
672	820
824	179
965	612
672	686
311	8
116	63
586	176
965	437
647	561
684	404
412	990
647	299
781	689
701	919
730	548
485	66
10	124
320	882
706	965
262	943
799	287
66	578
672	276
759	196
288	701
799	631
799	455
684	66
824	965
901	303
416	729
846	12
618	299
119	184
444	505
42	431
91	17
265	276
387	399
846	387
416	291
672	759
653	461
986	820
684	515
276	598
684	672
787	233
91	293
684	104
196	95
706	66
706	846
684	879
288	548
824	974
965	309
42	677
810	818
672	140
950	172
309	116
336	338
684	327
787	97
202	527
684	799
684	676
745	658
706	292
208	530
416	66
695	49
364	661
860	939
66	412
856	338
66	882
656	191
684	510
704	495
120	217
858	127
799	714
1023	550
85	803
674	795
939	548
684	157
671	533
196	473
716	454
704	399
594	640
965	66
672	357
265	72
684	149
695	176
684	527
647	994
400	21
12	999
119	402
759	398
730	369
684	119
684	670
523	591
510	63
846	457
336	327
671	400
695	593
799	463
717	610
820	68
824	1002
202	196
600	828
672	874
387	809
573	191
196	132
498	783
684	221
191	505
276	66
745	412
326	610
799	265
965	52
276	364
800	447
12	670
901	746
684	647
276	412
452	457
684	647
684	672
255	22
549	1012
684	243
684	268
233	338
12	412
647	276
670	3
846	548
799	255
265	230
116	352
729	399
986	527
202	570
684	387
387	463
695	288
647	894
684	65
965	554
287	655
530	287
799	303
661	128
745	60
684	858
12	584
399	132
704	338
623	50
647	72
276	840
66	66
653	799
276	364
198	912
196	809
750	820
647	946
759	120
684	746
858	412
775	783
856	124
288	1007
986	880
91	694
672	95
242	66
476	399
684	219
783	640
202	746
684	730
196	492
370	622
552	520
684	49
527	399
316	346
66	482
671	740
618	416
894	480
965	202
154	956
684	3
729	482
658	746
799	807
799	106
332	320
284	640
684	287
412	890
276	142
824	196
684	578
746	429
72	132
0	263
684	834
202	705
25	191
276	729
202	208
672	44
684	123
49	364
684	202
311	378
965	404
684	684
412	851
684	680
834	1014
729	556
276	95
810	119
263	263
986	803
387	255
759	882
684	370
202	344
764	909
695	52
799	8
695	184
653	232
858	412
230	976
905	299
265	12
202	871
196	588
695	831
287	871
66	280
684	412
647	956
202	956
799	979
647	233
423	505
338	44
820	795
647	726
465	880
647	618
799	463
364	125
374	385
746	132
684	653
293	837
393	232
208	737
745	716
853	999
574	614
276	809
84	399
684	309
799	729
846	95
473	640
287	820
856	748
265	63
820	939
695	119
511	919
95	978
824	21
265	74
730	670
202	276
799	565
404	179
746	888
695	387
338	838
810	420
416	635
277	530
395	1017
120	344
647	569
299	820
387	930
653	149
233	571
12	56
230	447
684	72
684	158
66	841
156	593
875	400
684	894
95	400
684	824
684	647
395	400
799	1010
672	416
276	473
965	280
412	6
672	354
670	995
265	892
276	523
672	65
393	463
684	647
145	609
759	588
820	1007
12	627
382	223
672	97
196	670
684	952
851	105
742	412
262	288
799	782
799	762
730	37
672	956
565	880
684	393
446	919
684	672
652	327
63	314
799	965
875	276
746	10
986	978
684	63
684	897
684	400
810	484
965	387
684	416
684	21
684	652
196	263
706	0
787	255
745	787
974	765
684	965
647	548
671	265
670	737
684	12
799	780
986	21
393	864
25	1020
927	882
72	59
901	292
233	822
684	1023
986	78
716	882
255	530
730	166
22	414
465	609
857	598
950	303
574	81
536	66
336	948
759	344
85	282
672	399
846	357
310	179
202	422
746	790
412	447
829	691
463	507
98	404
684	202
91	729
423	978
647	344
974	132
672	213
327	412
196	414
196	591
309	598
882	548
799	399
775	560
42	795
993	933
37	674
400	505
97	831
875	292
706	610
881	399
684	759
263	803
276	635
288	591
672	803
871	939
119	714
684	799
695	653
309	176
695	395
684	243
730	505
299	412
276	66
338	863
263	729
684	730
701	1016
66	609
759	21
695	12
412	400
552	527
871	497
202	820
336	820
287	490
119	933
672	820
759	202
759	412
965	412
952	276
1003	473
416	193
423	200
429	132
730	303
729	841
337	17
335	215
729	958
684	672
647	412
684	287
202	412
647	764
6	68
810	219
647	841
684	374
276	412
871	506
42	416
716	276
653	233
416	463
65	395
684	695
684	986
684	399
417	63
622	380
759	369
684	288
684	232
759	309
233	856
965	233
472	82
684	674
684	737
332	327
684	85
684	463
196	704
684	370
717	456
202	655
965	765
387	939
196	88
498	412
682	388
695	695
196	287
803	21
60	287
364	933
196	446
476	208
412	610
684	661
672	287
265	674
809	412
12	125
299	233
12	233
196	523
91	276
672	746
12	423
695	609
49	740
276	119
66	355
327	66
647	193
63	473
622	916
799	869
684	404
119	559
799	858
901	811
684	37
811	66
706	670
695	894
327	328
684	37
759	42
370	95
730	265
647	399
759	842
276	293
834	94
684	695
695	484
233	429
753	956
274	490
684	66
163	202
446	456
695	95
412	400
672	423
562	937
202	423
824	10
684	327
965	986
309	463
684	787
672	799
731	896
276	191
684	704
684	10
12	639
672	202
132	132
861	864
799	370
263	740
125	412
202	91
759	298
759	303
387	287
335	276
672	416
986	207
242	610
66	535
22	729
684	882
230	527
965	37
293	761
684	647
202	879
665	51
811	124
338	227
759	670
799	944
287	303
72	191
842	399
11	338
974	820
838	1007
655	841
684	984
49	311
298	841
684	498
369	593
684	965
427	412
799	412
759	66
255	66
684	974
672	618
820	306
824	527
233	754
684	72
233	626
730	498
255	119
288	552
726	399
695	193
429	132
986	944
463	548
647	965
759	704
66	175
671	116
787	965
37	882
672	404
706	416
799	616
262	746
965	734
548	610
846	753
399	956
875	580
746	413
684	794
894	869
799	412
552	132
647	888
196	423
684	463
96	484
684	288
706	276
684	202
299	516
288	276
288	882
647	287
759	944
536	820
684	134
335	909
66	1012
665	423
97	191
799	946
202	369
72	96
784	795
684	792
759	276
389	412
684	62
72	676
564	670
172	919
337	934
263	931
399	238
417	593
356	591
299	1007
288	84
265	841
759	218
799	63
706	863
288	681
387	202
684	399
647	846
759	958
72	655
684	824
265	961
98	701
684	25
787	530
393	416
965	548
382	992
476	202
263	238
91	740
730	787
684	22
684	382
974	63
701	147
986	912
902	729
202	446
894	729
288	114
684	956
846	416
647	878
601	586
745	746
787	338
208	344
726	191
119	634
202	598
276	193
671	515
416	548
66	198
91	66
824	874
293	340
554	263
276	665
931	807
946	565
670	575
647	652
731	66
168	584
695	986
282	505
824	412
276	72
191	661
901	63
672	202
684	417
412	132
695	746
671	792
903	463
120	140
965	746
695	882
427	882
618	807
998	882
387	202
706	276
575	338
874	293
390	423
630	399
276	604
647	299
695	799
965	765
12	593
965	820
717	505
684	672
706	442
63	303
672	262
684	338
892	505
946	931
684	684
695	752
622	608
799	158
647	856
748	490
98	729
202	598
196	263
759	276
759	919
336	243
208	404
250	579
820	725
684	759
653	501
527	463
684	299
684	965
799	980
339	51
36	742
834	208
647	822
196	784
287	701
647	506
946	729
276	191
327	956
364	176
265	939
6	608
299	505
684	66
91	242
672	465
729	991
684	856
672	946
138	693
672	647
1003	269
527	655
684	824
759	775
786	416
265	400
537	412
799	42
684	369
986	306
564	266
66	10
265	284
706	942
684	288
965	652
309	1018
671	169
695	515
974	838
473	677
196	552
412	1007
730	551
684	965
287	956
730	227
232	510
66	807
971	722
684	536
745	1007
287	263
125	45
684	695
287	145
799	187
378	956
193	561
946	395
965	399
510	993
684	561
684	338
653	119
337	63
965	338
412	29
730	191
670	374
759	66
684	3
684	65
799	399
684	66
335	355
672	299
120	66
846	63
879	882
263	610
759	202
986	21
695	652
820	463
695	622
292	150
652	391
730	834
799	389
672	95
799	807
965	169
842	6
233	63
950	124
510	820
799	327
535	956
653	12
387	956
265	809
499	423
730	937
276	696
647	965
753	966
729	877
387	959
327	429
83	954
208	338
446	434
894	451
327	198
846	852
684	729
684	484
287	1007
846	368
415	21
1022	740
799	390
527	428
684	824
803	66
85	412
745	387
672	674
653	288
803	400
986	202
986	939
265	287
168	474
265	865
846	936
208	140
695	860
695	412
706	820
338	173
759	586
66	412
672	640
787	389
119	863
965	965
63	63
387	530
95	96
412	610
684	672
647	230
740	523
717	66
446	474
473	956
21	21
730	12
929	974
276	357
288	469
799	559
276	414
243	423
12	724
965	233
389	463
327	423
946	196
717	404
759	21
327	983
298	400
986	816
202	202
810	548
684	671
672	948
559	943
874	179
647	850
299	428
208	826
684	548
368	97
672	74
647	956
393	463
130	66
759	965
706	316
536	400
230	153
695	329
874	463
208	729
670	573
311	395
499	72
12	66
858	310
242	863
799	1004
684	693
684	202
706	678
856	72
874	84
684	99
799	648
684	965
879	698
287	66
311	512
196	255
986	112
96	248
684	882
22	932
787	487
787	252
684	986
412	651
684	740
265	609
684	66
492	897
66	871
437	320
684	21
745	965
974	400
647	554
138	72
759	965
799	191
299	338
336	691
706	91
437	864
647	242
527	412
65	957
684	167
202	412
799	120
787	85
759	446
852	828
208	98
684	965
309	412
12	299
672	238
965	767
974	943
326	523
327	523
119	841
965	333
598	939
820	451
652	412
684	905
63	238
672	242
165	966
515	502
684	571
803	66
647	616
647	38
232	183
255	670
799	482
810	427
684	400
695	980
196	59
72	447
799	262
647	647
66	10
730	130
684	799
684	515
730	399
653	265
986	48
416	303
684	65
265	179
265	795
684	888
202	392
882	184
205	691
647	759
799	933
647	416
1013	795
799	382
437	412
684	98
387	125
946	400
276	412
412	303
855	666
597	276
820	906
672	140
695	63
202	635
465	882
684	423
684	653
158	191
196	474
424	400
695	800
684	939
684	480
684	311
946	623
530	1010
277	710
208	130
672	455
799	109
262	198
716	21
316	399
447	548
81	840
655	167
684	799
66	474
695	653
653	492
276	136
759	610
652	820
299	492
393	746
799	276
670	134
965	534
276	120
647	287
326	238
658	575
387	530
684	799
965	549
575	980
684	1009
684	450
288	497
12	896
670	958
91	368
759	974
965	524
671	337
66	634
416	740
22	622
327	510
608	978
465	820
684	208
233	726
416	993
12	463
684	0
799	879
653	66
12	427
684	412
974	255
202	140
846	66
1013	38
202	116
416	66
56	482
695	809
12	871
946	888
875	412
927	66
684	746
119	588
382	502
651	942
765	881
229	882
672	909
684	655
695	476
824	473
672	763
66	66
759	792
242	950
684	965
287	400
658	822
874	399
684	523
834	506
856	187
787	21
202	242
933	924
930	1020
537	919
60	72
101	548
695	276
759	674
799	332
787	364
684	344
684	38
684	399
452	943
183	150
653	230
672	882
42	559
84	0
715	37
387	593
163	976
745	745
842	303
356	912
684	795
684	412
684	256
437	399
684	736
759	288
965	412
647	292
671	534
367	423
684	202
684	0
335	427
729	21
759	956
412	725
799	276
515	691
834	262
91	726
986	367
387	98
759	978
42	66
965	74
684	548
66	429
929	752
684	705
787	791
745	480
946	714
745	276
337	1016
684	799
799	338
684	402
501	208
311	565
824	93
785	610
799	233
765	72
671	119
956	1017
562	505
905	450
243	151
759	810
327	292
672	863
530	969
684	506
398	944
904	98
302	943
389	6
706	399
276	327
745	255
287	21
0	400
684	684
965	327
714	734
681	320
196	803
263	598
902	30
255	66
423	191
42	320
387	400
695	986
799	1022
647	989
672	310
672	647
255	25
986	1009
965	676
400	512
701	434
799	202
684	986
799	400
647	740
752	956
684	764
191	561
465	527
202	554
799	932
653	729
810	196
684	191
684	263
965	412
846	620
730	412
91	423
740	548
387	350
65	424
684	437
704	66
799	238
672	140
927	72
202	400
393	252
894	635
730	933
288	618
198	423
878	592
202	354
263	939
653	147
672	484
292	882
463	313
846	202
787	965
864	980
684	640
672	759
745	42
824	855
846	191
647	423
874	423
875	339
682	466
684	672
974	476
652	226
810	395
684	871
647	746
387	714
72	992
276	805
91	412
759	316
684	299
799	120
759	813
764	202
799	399
400	548
66	68
276	881
684	942
684	299
370	191
202	276
894	746
684	416
91	311
787	820
287	400
684	400
929	265
647	820
684	517
834	344
672	1010
799	370
395	966
510	8
684	367
265	794
218	451
255	284
740	898
684	695
684	684
759	97
653	66
524	651
759	986
255	482
670	276
449	943
684	986
765	934
333	37
799	72
653	505
894	276
202	530
684	91
684	179
684	965
12	276
255	191
799	350
311	504
684	787
233	931
684	986
242	72
202	466
706	834
684	232
765	95
876	423
327	378
759	124
803	238
306	588
672	72
597	299
800	515
684	434
684	338
136	21
404	242
695	877
684	789
672	149
276	861
684	965
706	91
695	423
684	730
647	901
684	729
843	956
622	548
965	91
400	153
202	389
647	299
598	399
12	656
684	822
208	863
288	328
647	775
684	412
684	838
759	364
684	759
684	412
810	661
647	447
242	608
208	299
684	799
233	400
706	338
672	412
946	822
223	691
671	437
846	399
233	726
647	505
387	276
684	670
196	410
702	640
684	672
706	1014
66	575
745	965
800	360
684	820
66	888
91	463
684	446
288	716
824	729
647	714
684	128
66	877
672	91
684	490
986	948
927	622
292	119
759	63
21	863
232	729
965	512
647	306
670	338
693	916
684	740
695	67
946	233
671	265
653	640
824	399
287	898
437	639
684	170
387	338
684	672
745	730
759	21
400	451
575	863
276	63
745	378
684	196
119	651
671	162
98	119
824	539
784	463
145	493
202	299
684	276
310	21
706	242
159	434
265	670
11	506
834	463
202	752
196	882
42	276
764	882
658	364
728	722
671	952
965	423
753	191
684	66
299	821
810	974
364	484
684	824
684	134
230	714
338	412
695	800
66	788
276	752
357	434
647	759
618	409
416	183
276	364
265	463
672	393
421	66
799	91
759	961
647	276
66	734
759	729
965	510
684	299
332	23
824	608
1023	276
672	184
412	989
327	527
695	120
759	809
91	598
653	276
647	902
338	864
156	166
824	362
759	946
986	202
965	628
684	299
799	119
799	141
986	51
684	255
412	74
625	29
965	740
287	299
95	689
935	447
706	856
961	980
939	457
647	562
327	429
684	22
684	965
730	704
946	974
684	310
287	582
320	460
695	729
858	395
1020	666
684	672
684	56
684	730
601	423
759	288
759	905
672	784
684	734
860	412
781	399
647	176
465	428
672	132
196	613
729	493
834	393
787	521
647	831
299	821
125	226
12	475
647	799
858	501
695	931
759	416
66	809
846	179
183	400
39	463
684	695
693	369
327	871
336	548
684	965
684	784
759	552
505	502
387	338
927	554
338	864
647	548
905	423
672	132
831	187
91	524
695	400
965	392
72	548
799	799
684	287
706	505
764	412
262	299
792	980
716	119
965	202
85	412
684	232
437	196
730	404
299	956
12	223
824	584
91	740
72	369
745	98
684	255
824	463
263	72
464	474
42	820
387	369
684	21
672	726
787	116
965	56
684	799
894	965
3	338
695	773
672	101
824	95
265	344
265	816
759	399
501	1016
671	370
986	42
759	66
799	0
684	840
684	447
684	721
799	38
119	980
824	534
823	853
299	412
706	196
464	956
85	980
684	671
158	63
811	276
0	530
288	263
48	626
255	939
759	208
965	871
753	399
67	492
799	752
759	795
986	474
759	387
647	670
98	151
326	276
974	276
965	598
2	851
202	714
647	276
759	841
605	571
452	988
232	451
465	412
799	423
276	191
905	892
265	22
597	399
706	1007
66	95
846	670
799	114
416	956
671	356
695	423
42	97
276	919
653	593
95	933
695	66
759	670
695	676
684	288
206	399
196	527
965	202
799	416
795	172
787	74
132	882
672	716
119	63
764	387
97	463
91	517
759	965
684	91
695	965
799	610
745	288
803	338
412	956
647	202
787	564
95	367
695	66
97	933
795	548
287	303
501	746
387	98
202	782
196	364
232	652
292	445
953	416
799	974
846	505
263	128
963	719
367	412
202	316
965	147
647	799
704	820
670	338
684	360
695	212
764	140
63	651
965	191
716	390
684	561
66	399
412	446
684	66
799	196
202	505
799	610
672	647
66	575
672	706
946	927
530	450
965	527
72	1018
548	767
416	95
765	125
684	412
728	248
965	0
670	571
684	442
803	722
98	548
119	412
684	1007
73	423
672	193
357	312
276	140
803	1009
706	365
965	473
684	759
346	176
647	647
32	303
647	1013
527	714
695	191
672	498
799	277
647	706
684	647
624	622
799	429
369	412
255	338
752	920
929	292
672	444
831	848
36	191
50	888
745	670
672	263
98	1020
799	288
591	470
208	412
745	287
130	534
695	965
412	1004
965	95
684	647
670	95
684	196
684	986
671	202
276	463
965	142
759	295
276	871
265	191
853	83
208	956
299	95
965	515
12	973
986	2
233	66
263	484
202	992
730	639
799	96
412	179
799	298
706	799
647	202
299	140
746	29
387	704
299	527
672	559
716	287
965	584
956	708
320	330
276	820
243	97
193	1007
795	400
759	276
747	822
196	98
753	820
684	230
202	871
659	50
464	190
218	505
871	629
0	588
684	30
684	833
554	562
405	530
232	1016
647	717
370	412
784	533
288	939
759	350
671	752
684	12
99	863
91	416
695	12
759	38
672	956
706	463
799	413
978	593
965	310
965	63
208	46
684	530
730	944
901	196
338	423
980	559
684	695
963	515
202	865
684	303
121	473
72	399
894	482
904	66
759	1009
91	823
72	106
310	447
37	191
846	929
91	165
730	976
263	364
66	640
202	12
759	263
965	832
60	310
671	653
437	30
759	953
202	809
382	287
901	120
759	399
684	807
335	338
412	736
427	450
882	559
746	921
382	98
695	444
759	276
265	726
902	548
263	399
787	187
695	725
647	905
875	548
730	882
759	787
265	116
965	66
327	191
672	671
799	265
695	799
564	412
399	548
799	49
799	24
861	943
404	482
299	22
66	571
647	202
684	412
530	510
986	202
799	821
800	882
745	208
774	729
390	120
276	299
684	874
1014	400
799	338
800	868
965	179
963	463
292	897
684	703
124	303
684	799
684	974
824	674
746	446
299	130
759	276
809	152
287	72
647	824
476	552
965	337
202	243
965	327
208	536
261	888
671	104
265	966
276	781
501	7
647	128
965	387
799	276
965	238
202	510
265	737
232	191
764	130
759	564
255	399
202	119
684	782
447	916
66	412
745	787
674	446
986	618
939	201
684	233
311	882
91	256
752	959
706	338
378	313
695	40
684	382
965	390
233	740
795	187
684	593
465	72
799	147
747	956
208	12
277	533
196	676
684	931
695	338
965	882
131	598
684	610
684	684
618	820
647	265
255	1016
447	840
831	817
856	1007
255	399
127	548
684	991
835	474
119	527
66	140
671	91
369	423
695	909
672	888
202	292
746	896
298	176
484	400
745	412
799	998
66	412
704	352
695	799
706	427
233	783
233	822
684	800
672	130
196	908
202	0
22	943
501	753
799	516
510	179
208	62
647	399
72	841
799	864
695	400
672	404
834	506
965	37
276	956
207	338
759	327
287	369
653	527
299	956
835	95
807	978
265	704
684	30
1013	208
704	939
233	890
647	584
729	882
894	441
387	320
672	37
465	795
276	10
202	37
927	276
672	255
909	783
414	820
729	191
672	774
684	10
782	610
487	474
389	218
799	795
208	674
672	338
684	8
965	393
672	74
730	851
465	21
263	233
684	640
597	233
759	795
56	548
846	559
715	828
799	74
672	95
875	346
387	276
752	820
265	520
846	463
672	304
684	695
684	684
799	882
671	820
901	412
647	610
537	3
119	484
695	412
730	416
759	575
293	423
864	841
701	548
950	423
799	262
670	898
72	97
84	412
647	191
412	313
684	573
10	944
974	346
684	170
684	841
684	504
191	221
965	212
740	95
369	412
811	463
404	1019
684	670
276	10
72	119
242	395
684	527
684	986
684	420
684	370
799	66
91	909
288	681
701	651
894	828
355	191
858	1007
495	97
799	423
672	970
672	95
672	965
647	320
276	463
759	746
759	894
196	412
799	858
672	695
38	838
263	250
276	66
946	463
800	803
684	759
476	311
552	880
671	276
946	725
965	208
196	530
196	22
618	276
965	635
263	698
465	66
684	288
759	400
10	367
856	21
759	929
671	506
684	625
799	248
695	647
672	986
684	882
894	340
263	416
695	965
530	242
953	571
946	676
684	437
276	303
799	427
465	923
684	802
684	811
338	548
824	387
265	338
119	626
627	412
202	12
894	98
91	320
95	871
824	820
399	482
684	647
765	263
91	263
706	387
965	767
196	820
684	748
74	762
684	764
501	66
120	956
764	369
965	288
309	56
263	534
759	276
787	358
974	796
684	338
276	956
326	420
730	598
74	826
706	809
335	980
759	996
684	399
12	392
684	671
169	367
647	66
684	202
652	299
869	21
501	196
684	674
276	338
653	233
684	395
965	120
627	948
387	208
265	196
24	10
91	661
671	980
730	346
684	215
63	809
263	434
684	265
12	367
412	594
927	392
437	648
965	704
800	669
931	484
484	980
672	618
288	856
730	561
183	338
652	552
530	670
706	956
1010	609
136	562
426	956
684	21
706	799
202	416
706	119
730	63
202	416
684	404
412	691
846	846
647	336
65	554
684	759
387	327
986	257
647	280
367	193
265	838
202	729
684	931
965	416
412	851
463	191
929	820
672	695
276	130
565	400
759	108
974	1007
799	66
327	37
894	72
72	412
759	463
695	958
233	66
754	640
202	63
684	647
527	303
665	191
482	640
598	412
367	882
824	12
243	63
476	119
672	787
946	3
695	128
65	780
745	912
647	661
255	860
956	943
799	263
716	661
920	140
387	760
684	672
208	966
91	412
684	647
978	505
464	119
824	593
412	818
672	697
965	463
965	66
233	66
22	609
465	226
365	299
426	527
670	498
684	367
510	66
759	202
439	30
894	803
276	808
202	548
37	412
965	1009
684	12
965	97
704	119
965	864
695	78
327	676
510	482
276	919
38	1007
684	72
552	399
974	0
684	759
974	807
965	412
974	986
684	820
706	65
684	684
2	939
119	112
986	299
965	479
714	701
799	287
299	639
672	740
130	610
51	330
0	714
412	191
276	368
263	714
119	996
65	74
412	980
233	412
759	965
765	412
759	726
208	490
684	463
684	367
287	95
131	956
745	165
986	1018
387	581
745	970
672	276
745	729
202	931
953	399
66	191
38	651
63	575
820	423
846	327
684	992
263	193
731	399
515	237
202	412
400	193
901	393
119	956
759	799
695	370
390	770
745	965
66	132
931	924
653	66
344	410
672	63
695	705
652	820
775	527
759	230
684	201
276	266
759	725
299	261
745	759
684	706
807	400
695	310
965	715
681	571
672	202
927	716
622	548
759	66
846	370
367	191
672	978
99	119
647	179
21	523
202	807
759	787
684	230
787	119
672	423
695	965
824	894
684	647
717	202
95	81
85	38
63	463
265	327
695	327
132	213
242	506
716	299
695	730
647	946
647	775
706	864
335	202
265	140
287	412
202	944
672	423
684	695
22	992
774	276
65	311
684	787
327	465
799	21
208	255
671	412
416	83
416	841
202	200
684	263
888	943
652	276
684	12
706	404
277	395
799	888
810	729
799	382
759	416
894	931
208	238
400	1010
91	269
810	338
759	412
63	698
552	515
559	668
684	265
824	527
780	38
416	412
965	332
463	406
684	175
901	336
759	112
684	729
684	423
799	473
759	610
387	95
759	824
119	225
316	400
10	505
774	423
931	423
437	255
695	299
745	991
684	950
684	215
647	202
265	354
759	303
764	517
746	341
684	921
799	570
208	66
233	303
672	505
745	505
799	423
846	806
276	395
799	887
684	183
356	559
196	327
730	429
730	208
764	78
929	683
965	387
202	626
664	63
255	505
202	495
695	888
338	635
202	674
627	549
647	420
759	965
974	746
695	495
537	21
834	573
208	119
12	364
647	787
66	610
202	215
684	730
22	153
672	885
276	412
99	227
1013	820
746	320
255	72
202	215
263	820
684	527
387	367
759	882
782	533
759	799
327	708
684	695
417	276
695	490
986	208
931	559
465	215
729	46
799	387
120	482
299	412
807	795
759	175
647	1020
759	652
12	66
198	820
672	169
265	652
951	678
965	423
800	874
787	95
786	740
684	276
759	715
510	191
233	831
217	369
63	399
894	12
196	665
984	450
850	350
684	309
327	412
255	179
412	897
953	651
894	344
196	287
476	202
730	465
759	416
265	97
684	335
684	851
74	303
746	897
745	787
447	303
965	826
820	689
901	882
292	665
684	627
357	728
119	640
684	66
974	888
66	72
695	694
309	276
63	931
672	726
647	729
745	627
745	730
672	894
729	882
527	446
684	740
202	551
412	412
706	202
527	794
338	6
759	803
672	523
393	136
946	715
390	295
49	338
882	517
746	21
387	393
95	665
684	91
684	530
671	618
672	946
672	764
530	484
527	1020
672	759
684	730
833	412
824	676
66	21
695	116
299	66
961	882
120	512
12	6
877	925
800	202
338	882
95	447
803	610
824	338
875	515
125	21
684	437
759	527
365	616
527	943
695	412
276	505
799	463
672	527
66	474
327	233
554	94
119	74
208	864
647	202
730	287
745	799
965	288
72	349
684	506
684	399
730	606
598	628
672	823
799	828
12	882
684	515
671	369
647	787
326	412
946	22
946	263
764	806
63	306
745	202
1003	66
63	463
695	364
684	474
647	506
72	123
276	74
695	33
672	202
684	799
684	647
695	12
965	299
684	807
672	320
695	423
684	670
287	95
901	612
695	423
288	714
888	943
63	141
671	612
255	549
191	956
208	66
326	63
242	22
800	233
704	97
277	393
202	574
382	66
116	303
684	354
695	647
672	66
416	956
684	672
787	841
647	939
399	606
462	594
233	66
759	622
310	10
265	496
684	327
745	136
416	66
787	986
706	882
647	104
265	746
834	387
672	333
99	412
647	561
287	610
799	83
647	759
202	851
965	412
25	6
684	640
652	831
445	725
787	95
846	789
746	66
846	196
672	176
759	938
98	191
276	416
95	238
759	626
787	412
196	66
179	303
12	303
202	610
276	103
670	51
414	423
820	412
277	548
684	332
202	428
929	412
986	1020
344	360
365	163
799	882
874	233
986	729
38	423
288	202
97	30
800	276
799	561
834	412
965	784
946	91
799	288
684	672
799	877
390	956
730	327
37	782
965	400
265	337
746	6
730	618
834	140
684	30
656	880
674	367
684	255
745	327
202	284
684	869
931	1007
846	561
824	452
121	919
684	927
799	616
95	273
846	232
671	647
671	429
695	387
120	899
919	140
672	170
809	106
684	904
97	303
695	573
912	6
684	863
684	695
335	470
684	601
196	287
287	63
684	276
795	864
548	841
672	293
1014	132
405	125
787	387
799	928
695	276
63	602
95	76
800	855
202	399
447	669
387	535
625	72
66	95
717	530
684	66
332	548
695	787
196	378
684	946
706	38
684	858
684	684
759	787
684	512
684	291
894	474
795	412
309	740
288	187
335	138
706	746
208	446
618	640
299	701
285	147
671	653
986	276
688	579
653	608
476	233
672	336
12	620
276	287
66	400
276	310
202	416
463	920
704	833
822	356
752	1017
320	1010
799	327
288	238
706	465
684	640
120	72
530	400
336	571
931	506
255	333
337	956
484	6
759	412
695	799
671	729
974	202
647	752
787	311
684	672
684	622
759	548
202	399
684	299
647	277
894	255
729	412
288	548
695	340
238	215
131	412
799	12
672	447
799	905
335	841
684	66
729	831
684	809
753	263
799	208
974	287
684	622
263	512
548	140
973	512
684	309
965	888
986	432
745	799
927	63
684	136
91	38
400	463
684	66
511	875
310	119
894	66
72	346
672	799
647	510
965	66
476	256
202	145
255	172
799	390
745	831
196	247
91	63
684	140
21	468
929	625
647	427
904	191
931	367
858	38
684	656
647	759
684	578
799	1023
119	344
12	399
196	38
672	124
326	956
706	399
701	480
799	91
0	128
706	196
759	965
400	147
684	684
717	37
647	958
759	854
42	554
647	447
759	799
116	868
276	939
276	943
367	124
684	991
0	670
759	299
287	74
974	618
759	311
672	965
91	400
846	715
277	487
803	315
0	423
670	809
202	580
858	255
647	657
202	463
986	412
263	103
946	96
706	243
299	350
684	695
684	920
702	463
136	132
684	838
208	909
276	423
672	827
684	0
255	609
856	549
894	202
695	433
338	194
202	385
759	95
255	56
702	807
759	746
810	689
759	154
695	299
202	287
730	729
288	49
787	548
716	729
684	63
901	552
787	208
870	958
202	84
695	745
822	729
894	1007
894	429
672	873
986	238
948	193
684	894
672	50
684	671
695	134
338	6
653	964
684	672
717	795
799	463
684	474
671	822
299	978
405	482
894	276
684	799
299	66
695	327
965	66
202	956
672	202
894	119
670	416
799	426
684	799
729	686
576	565
765	871
263	415
276	72
986	570
202	208
858	527
202	116
202	523
806	640
25	399
824	738
684	72
327	66
412	132
66	63
695	66
874	412
12	588
752	161
672	640
277	882
168	559
684	965
725	175
684	927
631	976
672	320
208	3
299	153
759	527
202	187
824	551
706	42
672	856
787	276
759	238
601	153
202	74
684	72
338	423
335	119
684	282
684	610
684	76
288	306
759	864
684	259
695	0
684	463
759	515
437	618
787	37
684	834
412	548
965	338
299	714
672	130
730	265
799	610
746	219
965	850
695	348
562	988
684	6
674	320
532	516
759	717
634	939
309	774
799	265
672	956
684	21
95	506
423	352
423	451
684	795
759	978
66	506
787	990
263	548
501	255
393	527
684	30
476	943
706	72
730	382
499	506
66	463
787	208
647	799
808	527
974	956
745	119
820	1012
233	630
392	66
427	580
647	919
695	679
974	369
327	549
265	354
66	729
198	548
640	944
12	38
387	66
276	399
759	423
565	217
672	784
684	309
695	91
672	838
927	980
965	276
946	276
298	269
684	974
265	882
565	119
671	277
554	747
695	856
527	482
716	263
799	263
795	6
695	851
12	731
66	63
759	799
672	944
232	731
265	882
12	923
894	310
276	21
684	263
684	759
387	652
684	276
759	282
894	238
684	328
91	37
416	303
263	631
824	91
672	1007
424	400
824	233
309	72
684	781
684	226
232	451
227	559
714	305
684	6
799	119
684	0
695	416
965	933
684	66
130	6
965	119
98	399
463	689
404	395
287	234
671	202
946	299
465	841
515	460
276	412
98	678
695	616
684	119
327	412
66	605
510	490
501	210
684	399
202	25
672	695
684	337
84	338
276	882
284	890
683	327
684	759
647	263
335	968
533	635
400	725
684	30
965	820
684	695
265	91
888	640
338	412
684	276
952	423
695	927
119	400
684	647
671	12
840	505
799	412
841	944
809	473
202	412
37	644
49	823
684	882
879	21
400	828
834	72
684	527
672	729
337	961
745	561
233	517
821	238
894	552
671	647
674	559
824	626
412	919
684	684
672	263
874	527
202	389
684	695
263	423
647	618
745	745
196	276
684	714
824	986
327	412
63	674
653	299
66	552
875	896
684	423
695	974
208	400
846	96
684	66
759	340
717	121
730	191
233	322
730	29
85	539
670	412
695	276
255	820
956	956
399	76
931	635
169	412
337	21
684	671
684	63
787	263
202	527
208	127
835	454
12	287
116	364
387	256
120	871
387	882
299	400
684	691
484	906
202	746
799	66
684	939
72	923
799	66
63	820
671	463
423	943
276	592
684	965
527	81
95	882
695	412
787	412
671	799
810	872
799	193
311	400
119	729
684	809
370	191
730	387
672	672
536	635
12	548
674	863
484	548
684	670
672	846
684	50
695	764
695	474
986	21
846	670
337	291
452	95
682	1007
66	400
1023	965
476	338
336	338
399	167
412	142
597	639
66	140
647	191
974	66
672	233
97	548
672	22
91	515
415	63
684	65
387	412
695	806
684	874
684	809
263	581
781	841
684	463
974	255
706	888
119	463
536	548
574	908
799	874
695	704
21	21
854	505
684	548
684	484
820	193
119	890
299	424
66	551
653	726
846	310
276	1004
759	554
927	400
564	444
986	731
706	722
387	299
463	851
91	809
894	457
618	21
130	128
647	894
684	12
191	561
684	120
684	276
799	548
202	0
759	66
753	287
684	327
684	311
653	746
233	50
310	66
465	95
202	931
787	803
684	888
752	328
233	66
262	498
262	463
72	96
759	293
684	98
672	548
684	672
974	140
695	799
12	610
72	369
759	864
684	202
66	933
746	400
416	330
311	219
974	590
706	746
684	950
98	552
91	412
684	672
263	472
464	202
965	265
138	510
672	66
202	791
202	276
946	202
311	956
202	132
730	933
799	753
824	573
927	604
202	74
684	232
202	157
233	310
287	855
130	22
265	656
894	618
463	942
554	21
647	233
99	515
684	330
750	463
695	72
358	554
463	504
695	944
831	632
66	552
243	882
923	400
745	974
65	561
695	706
965	299
653	276
810	487
695	799
695	288
539	97
0	1012
233	355
927	400
965	387
65	97
288	570
706	965
730	233
759	799
855	956
684	303
695	647
42	12
336	193
672	370
684	515
51	860
759	65
706	232
226	920
799	570
647	287
684	593
684	799
684	684
120	506
671	423
695	370
684	202
327	956
695	821
874	628
684	299
672	149
717	95
730	450
208	559
684	820
858	66
338	482
965	202
684	824
745	576
399	151
364	6
965	740
368	219
672	647
702	784
684	66
965	915
965	265
387	530
670	549
208	299
671	91
299	746
68	944
672	704
327	701
276	635
263	119
655	956
387	280
730	803
336	276
265	382
658	552
974	66
799	559
986	276
824	144
800	66
288	740
674	132
647	310
437	404
95	412
695	446
576	310
505	691
416	32
759	809
799	30
684	400
695	276
746	399
309	400
946	740
287	367
684	276
202	539
684	704
787	119
230	30
726	400
198	820
672	263
824	640
684	594
338	45
746	22
66	490
684	671
774	820
647	759
608	548
684	974
91	287
799	125
684	608
647	327
66	539
946	1007
684	684
759	575
965	412
759	69
746	6
684	287
684	288
846	276
684	566
759	202
392	879
66	132
276	191
671	21
672	423
204	588
149	96
684	931
38	933
288	465
962	879
684	191
730	946
512	933
387	125
684	208
684	672
684	204
392	475
684	746
730	1020
986	194
764	399
706	584
671	72
598	820
276	219
66	882
759	858
894	202
684	276
706	640
311	441
965	781
119	726
746	399
243	704
484	147
208	412
399	505
684	338
2	463
233	178
327	474
66	1018
202	640
965	554
730	952
745	276
695	909
784	284
305	21
806	506
684	421
0	370
293	404
393	652
641	943
119	344
695	473
799	400
684	695
327	30
759	746
344	570
684	376
647	3
276	72
706	287
465	1020
647	287
25	381
647	896
98	287
476	455
714	447
671	855
116	95
658	522
288	404
799	856
647	91
202	202
412	943
263	584
974	511
263	956
671	515
91	357
986	276
965	501
653	759
726	423
745	191
66	714
716	287
745	811
208	395
695	965
196	344
729	412
760	920
894	729
684	390
965	670
948	412
684	672
684	973
695	929
882	282
63	888
1009	475
647	871
196	327
288	276
288	255
684	151
684	672
834	552
30	312
196	12
684	399
276	527
476	978
647	311
243	469
265	12
233	125
387	101
874	714
672	874
684	787
799	753
986	60
759	66
276	132
695	196
288	523
276	784
427	767
310	423
277	912
202	898
647	838
858	795
276	412
787	670
672	927
672	799
120	584
684	476
684	476
653	98
263	752
655	400
684	855
647	729
706	882
695	671
288	412
299	303
336	83
764	263
927	505
764	276
684	824
684	463
202	634
672	841
684	974
695	717
706	420
965	931
196	529
684	208
706	225
672	248
904	119
684	480
276	66
326	66
746	369
986	262
902	888
684	287
299	412
684	684
647	202
66	1010
684	65
729	303
327	399
276	186
695	191
12	412
874	72
565	956
276	956
99	463
672	834
316	72
527	559
255	498
255	601
262	882
684	202
695	276
759	263
684	670
671	119
684	400
21	559
208	876
787	338
894	198
670	423
618	872
684	276
202	412
929	650
695	412
965	338
327	972
243	860
671	946
740	412
684	374
672	63
465	748
202	943
745	416
287	429
730	882
974	393
672	647
230	497
856	586
265	74
684	701
255	823
497	956
392	465
965	202
684	484
684	63
764	846
202	530
631	838
277	255
684	493
820	226
799	574
288	482
695	243
684	931
338	863
759	12
672	952
276	879
672	335
288	809
66	548
695	799
684	933
799	527
787	327
684	399
647	412
965	98
856	423
12	540
716	495
684	202
695	10
765	125
923	21
695	400
674	956
233	125
612	740
858	716
265	606
94	447
799	965
565	412
746	59
265	303
263	447
346	548
695	263
202	63
810	265
276	276
626	548
399	841
232	299
276	191
799	370
287	688
169	338
684	160
412	423
684	717
759	125
824	634
95	367
72	21
986	527
647	335
759	652
202	933
327	782
393	196
671	745
1013	74
931	412
759	640
853	550
255	863
684	288
300	571
336	882
759	571
740	400
263	495
276	2
965	346
653	202
787	486
759	799
759	194
799	799
263	320
370	548
799	965
265	562
382	263
265	125
202	919
647	276
618	956
332	622
196	130
233	552
684	765
96	912
965	765
684	265
276	561
647	653
946	232
672	888
672	670
684	846
695	618
484	573
809	863
745	799
413	463
400	154
684	202
191	548
672	965
288	1020
364	119
202	276
684	784
66	400
729	399
309	916
387	72
684	803
299	21
94	141
38	980
276	882
684	647
191	533
672	311
233	598
695	759
647	255
37	931
288	72
695	729
684	393
986	561
299	674
799	412
745	593
255	10
574	333
387	746
841	610
91	548
484	191
202	400
85	413
759	765
287	1007
30	589
202	548
495	369
130	63
416	423
684	606
684	831
412	412
965	299
552	238
684	243
284	412
784	1010
583	256
119	463
927	851
684	423
400	588
464	226
684	412
821	821
65	754
22	882
288	276
63	399
536	416
130	412
799	195
463	397
965	253
974	721
671	412
95	378
66	192
684	551
276	66
759	533
799	428
255	523
799	356
717	22
901	965
66	512
405	140
684	238
986	202
894	352
820	412
672	232
704	66
684	280
276	729
846	416
276	820
787	233
684	56
956	76
658	303
717	484
25	191
412	559
684	704
784	34
387	91
759	120
684	706
412	708
716	63
327	399
527	841
730	670
874	897
202	660
684	288
715	655
965	49
684	170
255	412
276	66
787	187
671	288
94	66
66	598
437	490
672	527
202	66
810	894
846	901
344	6
695	974
202	505
310	463
684	202
597	412
60	465
965	404
672	672
684	66
672	335
860	21
652	276
647	747
787	99
965	737
894	965
684	653
759	686
684	63
974	85
948	245
44	21
672	106
684	965
684	492
684	12
894	53
714	395
652	276
695	823
288	268
634	864
265	780
1015	527
806	412
745	202
276	57
689	282
799	559
759	969
684	846
670	66
684	759
684	72
382	202
653	966
293	451
824	451
202	124
846	276
759	399
464	446
986	609
263	21
800	311
622	871
196	640
695	402
208	63
894	400
684	965
335	95
810	799
974	134
871	303
671	799
746	861
653	620
824	243
640	1007
85	463
684	647
672	85
670	193
554	250
824	901
974	282
858	66
672	956
759	726
986	66
746	701
417	795
965	974
684	799
412	635
974	625
552	460
824	746
706	927
382	387
233	233
672	191
287	729
684	684
670	6
875	81
202	144
327	66
695	902
510	956
824	181
653	393
858	447
255	863
196	327
704	831
759	276
647	610
404	956
684	846
574	193
746	321
704	66
498	338
952	157
672	168
618	896
856	74
647	740
965	674
293	482
831	584
276	809
684	399
344	548
255	704
327	412
684	965
382	625
759	344
358	871
647	952
42	412
799	303
10	140
38	547
647	202
684	412
262	91
946	803
179	561
263	803
672	395
684	393
684	416
956	303
684	775
784	30
12	601
50	980
565	97
835	871
684	965
647	412
12	338
672	191
672	169
527	939
202	96
387	255
393	95
793	527
986	429
986	262
974	716
974	746
684	943
787	299
894	894
882	303
875	737
346	184
412	559
554	731
676	248
684	6
671	287
730	576
647	762
695	882
965	465
202	688
672	365
671	745
647	986
527	407
695	787
684	729
684	651
255	882
986	66
702	429
265	230
196	276
647	670
856	863
653	6
716	191
965	83
208	860
672	820
276	480
647	20
0	368
787	527
695	716
681	474
799	262
706	191
510	412
965	66
684	688
714	399
255	42
986	3
370	338
905	429
298	364
672	980
530	812
416	15
929	351
684	927
986	986
670	789
647	91
695	610
99	66
894	248
684	820
265	6
986	527
63	194
759	986
368	400
130	863
672	72
574	50
95	191
66	948
287	102
647	820
652	746
894	288
730	697
671	484
843	193
684	242
923	570
242	191
684	745
66	818
684	684
759	276
465	863
482	140
759	676
265	276
784	346
72	446
276	7
672	974
706	259
653	276
875	238
38	608
892	520
684	956
965	357
759	527
416	125
670	72
369	352
684	672
288	30
759	119
287	948
684	670
745	759
820	490
671	980
952	820
701	737
653	202
684	672
134	506
821	78
320	506
116	412
37	217
670	527
894	311
731	944
574	66
120	338
665	948
368	21
684	647
752	2
647	965
527	626
395	495
745	759
759	412
695	451
423	193
799	953
695	831
673	480
745	287
274	191
684	306
799	288
298	74
658	786
672	455
986	689
202	548
764	787
684	37
412	221
647	894
965	676
684	95
276	444
811	454
799	202
202	416
684	468
759	473
717	986
12	112
671	66
684	91
824	787
208	120
799	356
823	956
672	327
524	310
276	215
276	956
232	641
276	44
695	454
684	511
412	791
311	179
647	598
309	276
265	101
684	34
684	684
965	387
965	116
759	618
799	702
242	961
774	944
671	404
684	493
684	965
653	894
277	95
423	219
95	63
759	510
288	193
65	63
672	222
670	640
134	1016
684	288
810	271
149	21
799	38
684	119
764	265
672	119
684	820
692	423
625	823
965	63
276	521
672	95
706	576
684	914
358	94
695	799
208	395
716	746
233	412
852	533
684	986
965	412
344	204
91	72
276	95
799	774
684	864
684	658
894	892
671	686
702	473
874	780
730	287
49	412
684	1013
684	820
684	11
412	399
929	807
965	311
965	196
429	548
799	327
799	112
965	399
658	942
684	556
56	423
695	30
684	259
695	986
974	851
163	299
874	339
753	66
287	416
647	799
740	10
96	429
904	263
965	49
327	119
764	759
799	527
684	22
196	125
846	217
416	413
288	255
684	412
684	317
894	974
672	412
730	423
0	400
255	831
746	179
799	263
746	950
795	980
684	492
731	354
12	143
672	63
894	423
800	233
130	132
647	882
276	95
515	794
527	140
276	495
370	661
695	952
846	965
684	306
647	474
684	116
759	327
158	583
672	460
946	958
91	956
387	21
262	554
695	774
965	601
335	127
912	154
684	101
684	882
116	230
759	66
653	242
125	284
647	784
928	191
12	939
91	338
190	193
670	412
834	610
695	874
202	124
299	374
647	377
647	387
336	446
824	965
706	370
684	157
684	446
170	748
202	420
338	447
243	284
95	473
647	795
647	243
746	16
684	671
695	175
684	21
276	350
647	625
684	243
730	824
647	956
986	618
208	276
927	414
706	795
799	894
243	828
858	399
775	344
946	882
85	475
202	120
684	299
799	986
183	714
66	402
91	912
986	701
856	295
293	66
412	303
437	202
672	695
759	882
824	145
759	622
473	602
208	119
309	501
894	395
759	202
946	287
37	412
684	672
672	737
759	393
704	656
66	809
684	672
807	303
684	140
387	505
196	640
622	535
672	606
647	400
404	95
730	809
706	974
684	255
524	327
800	530
729	864
672	202
787	451
684	875
917	841
647	51
684	1013
799	388
730	265
670	980
946	369
965	533
202	670
965	184
265	571
299	66
125	412
653	95
714	933
799	191
63	784
202	412
118	344
255	400
684	616
202	882
288	196
946	1
799	395
208	291
344	610
618	119
121	562
965	218
423	635
465	412
565	980
775	965
63	191
265	338
303	215
233	610
647	463
309	125
66	400
684	535
198	474
671	501
946	747
671	327
824	974
974	21
242	761
684	233
799	188
208	841
202	276
684	208
66	399
799	965
684	588
672	759
684	369
327	101
96	784
730	428
746	665
730	387
684	561
672	626
752	66
387	66
894	213
810	552
965	358
789	725
684	726
684	335
965	958
787	858
759	701
799	789
799	487
759	37
824	0
484	791
782	412
965	335
263	505
327	627
871	412
265	527
730	202
882	266
923	373
119	897
965	262
233	463
653	515
230	242
452	63
277	474
961	882
95	412
909	1009
965	919
684	745
824	811
672	399
530	21
671	527
261	238
276	233
287	726
965	466
684	16
684	208
196	978
647	840
730	337
729	807
684	752
965	337
695	202
382	21
672	554
10	38
705	931
202	860
42	888
512	885
842	165
856	412
787	128
387	399
706	848
684	965
671	704
618	843
487	704
684	684
946	208
927	670
653	276
684	729
95	423
196	96
672	263
647	871
759	95
684	66
276	8
684	695
293	856
66	931
196	276
729	412
276	697
695	706
584	976
116	468
652	622
986	299
672	863
695	49
66	400
427	726
684	63
894	216
684	202
262	38
695	974
882	153
684	344
202	416
202	233
573	412
400	882
364	412
327	447
730	965
684	523
91	731
427	45
242	620
931	412
233	820
412	561
72	147
335	42
299	95
265	537
759	14
370	21
927	863
704	428
965	411
965	388
327	812
799	786
22	912
894	177
684	358
287	552
787	715
740	527
336	454
202	208
647	1013
684	653
66	411
729	1010
759	631
946	72
759	484
400	571
119	22
95	937
465	629
91	338
437	276
684	684
746	534
202	276
501	444
965	920
412	412
12	95
276	63
929	238
781	191
695	288
670	66
980	610
404	741
745	787
799	416
653	313
647	66
684	367
510	338
311	571
647	243
684	63
684	263
299	327
672	84
242	400
706	373
965	12
684	966
965	729
565	916
684	539
653	387
672	578
208	130
288	515
444	522
91	748
125	63
72	807
759	373
672	527
986	287
684	265
684	799
927	202
965	746
288	517
288	121
354	412
684	400
382	527
336	463
875	912
474	35
695	339
674	1009
759	730
647	387
684	554
437	202
613	944
821	412
986	97
106	956
745	400
759	369
787	276
684	255
63	412
226	944
684	327
208	527
846	121
894	670
927	151
232	746
875	276
202	12
824	437
565	66
684	412
800	622
730	287
965	298
672	752
810	311
716	473
759	752
894	91
265	21
684	446
293	552
202	276
355	548
717	652
653	474
730	799
965	437
255	871
953	618
684	38
846	202
799	860
42	548
66	517
684	986
119	492
855	374
91	311
672	338
914	795
672	759
759	202
684	684
695	66
12	1009
965	66
299	502
946	965
880	447
846	803
243	116
759	1020
846	233
986	22
684	10
463	956
647	950
695	243
684	402
787	846
338	132
622	912
684	714
263	484
327	956
695	973
647	367
684	841
787	42
387	378
327	109
510	191
653	338
647	468
65	524
98	415
288	586
265	233
501	530
684	850
730	119
672	223
684	495
647	831
358	919
745	193
946	882
965	416
695	154
684	759
74	269
647	610
799	288
94	66
901	287
66	219
695	287
44	463
196	66
510	74
327	781
393	726
745	414
946	820
671	276
653	787
931	247
965	143
684	444
288	63
287	465
904	610
1013	463
799	336
327	212
759	787
672	803
787	838
672	336
787	202
684	256
647	66
233	378
191	140
730	446
672	554
910	128
672	647
684	208
95	473
196	63
730	382
684	303
255	740
787	72
746	746
243	680
931	413
647	306
671	820
344	463
338	399
695	506
672	452
729	329
63	399
506	549
98	66
684	309
684	858
741	424
846	66
658	493
799	944
120	559
929	119
901	473
672	455
746	571
565	63
799	66
437	892
387	327
647	912
85	280
684	276
684	787
800	204
416	37
91	306
119	732
287	63
653	233
66	828
794	616
202	670
894	965
647	140
12	276
444	140
759	965
684	746
191	676
846	512
437	882
901	125
647	405
393	119
647	491
965	263
799	731
759	622
986	265
684	951
564	635
91	400
729	280
672	248
996	932
764	463
684	702
299	210
765	412
824	80
799	446
928	198
799	358
695	824
787	98
684	671
463	778
66	634
672	446
824	831
695	593
729	708
684	66
799	120
684	276
202	21
255	95
894	387
684	695
846	293
684	202
684	60
382	423
684	759
745	153
262	504
647	820
671	96
647	874
656	305
672	208
846	166
233	429
946	393
931	238
635	919
96	863
149	263
684	670
799	838
695	382
684	726
684	288
684	320
759	820
875	640
787	336
684	484
197	931
789	128
647	21
799	242
333	21
565	66
684	81
974	622
63	414
986	888
575	400
63	1007
437	729
612	843
974	746
684	965
965	196
95	548
894	594
327	423
684	616
684	299
671	828
882	433
803	919
622	412
684	799
846	66
695	573
72	608
202	399
846	327
745	193
116	506
66	400
684	22
846	57
684	399
465	447
416	21
357	119
116	119
647	986
672	946
12	412
658	400
202	527
647	276
412	442
746	95
965	276
904	169
672	715
684	472
263	371
684	326
901	255
202	416
647	618
684	66
974	530
66	72
684	66
695	647
671	447
799	261
416	344
923	447
336	580
730	820
208	56
965	506
745	21
67	451
337	412
310	306
367	473
684	916
530	198
671	191
196	666
647	193
684	965
423	956
759	664
336	774
1023	288
653	91
130	284
486	956
311	506
336	554
858	851
66	882
764	292
714	678
618	473
759	208
120	923
501	635
946	2
745	400
986	74
288	338
783	956
672	335
800	243
684	399
671	463
965	177
684	95
946	51
622	220
759	759
95	450
202	729
774	95
672	527
695	130
671	202
202	412
242	624
95	463
946	344
288	912
799	1003
672	242
684	238
834	746
255	670
72	540
874	795
745	412
98	714
684	754
787	746
820	688
951	22
759	505
672	974
658	712
787	412
444	1007
179	1007
824	276
72	481
66	980
986	492
695	745
125	781
423	548
695	116
946	391
824	976
288	66
834	965
965	966
875	72
465	784
759	412
119	964
695	635
618	284
672	265
647	327
759	894
476	255
533	548
799	740
657	132
684	412
288	102
653	468
276	746
672	66
745	67
263	820
684	670
828	943
262	263
684	787
706	276
136	482
684	91
974	98
66	1017
834	512
684	196
965	387
288	820
912	606
759	980
970	474
787	882
499	863
232	327
799	291
265	639
287	242
42	38
287	354
946	429
787	622
672	901
684	399
986	737
834	208
759	85
684	946
416	410
232	338
684	402
527	807
387	400
974	320
598	919
548	402
352	826
759	919
327	327
695	259
745	530
799	412
974	38
799	501
684	232
795	640
789	412
965	856
684	484
695	412
726	817
233	482
559	591
647	730
943	215
665	21
276	537
585	191
233	548
745	881
950	106
672	642
745	255
973	888
716	928
695	202
684	905
824	729
647	647
684	688
684	119
91	74
530	919
684	298
605	399
810	746
706	882
288	474
66	30
622	725
684	647
672	806
965	364
276	989
746	140
230	943
10	282
824	287
684	255
824	715
965	265
119	729
684	672
263	746
230	1017
299	21
63	505
66	748
880	939
527	944
672	820
759	965
986	151
684	807
647	97
191	610
965	276
684	824
535	943
66	125
759	95
799	704
745	882
208	130
799	965
684	653
586	482
476	912
799	390
730	714
846	21
653	309
276	233
684	2
894	276
684	653
276	784
799	756
573	640
684	920
412	863
265	393
412	226
640	896
97	795
799	463
42	980
684	877
684	965
420	561
846	737
202	925
684	672
684	888
965	96
242	882
986	729
704	350
647	647
670	882
423	777
311	81
387	628
196	333
276	559
423	548
684	759
202	740
263	527
927	336
277	74
986	269
824	799
653	784
344	132
393	593
704	66
684	882
622	282
695	759
684	364
684	716
695	516
208	248
684	888
501	919
647	640
695	973
487	242
931	882
293	729
527	635
931	218
986	412
823	823
647	263
276	395
233	399
846	299
265	726
684	404
822	66
800	729
364	704
684	625
956	639
759	550
564	897
695	527
309	416
706	89
759	799
715	50
412	768
288	154
1008	523
276	327
551	305
382	534
0	892
586	548
0	399
894	233
799	918
842	191
684	364
965	145
326	263
672	552
10	920
653	299
364	548
202	311
684	202
63	842
671	288
96	586
759	416
412	423
98	527
745	974
672	66
276	303
399	561
404	674
1020	882
880	374
834	641
12	10
416	72
717	416
730	953
965	942
974	310
927	208
672	530
684	338
672	548
672	672
974	423
600	548
647	699
695	746
263	230
196	399
670	95
202	1017
795	912
695	527
288	390
684	208
799	367
393	803
672	210
554	726
536	861
598	882
672	901
338	157
986	48
232	540
684	60
586	512
759	716
684	66
856	651
684	943
784	423
565	1017
759	888
672	740
787	846
684	704
986	399
684	841
695	72
965	841
670	66
387	311
371	604
326	897
695	10
327	388
358	423
95	863
820	678
684	233
626	179
684	956
684	97
397	173
524	22
423	956
498	179
931	592
684	846
474	1017
618	860
986	96
589	140
800	311
647	95
276	640
370	892
730	98
961	412
393	196
501	157
72	948
65	943
799	465
437	412
65	354
759	63
799	774
233	888
588	690
263	416
705	871
196	234
564	263
986	548
684	706
965	370
684	965
834	1013
824	21
412	980
823	344
759	255
243	66
684	864
799	412
277	505
706	765
730	717
95	943
684	799
536	66
695	191
799	871
288	21
706	412
684	909
65	747
672	678
759	364
672	447
658	429
395	21
684	22
684	888
684	498
684	856
196	463
202	119
311	63
684	387
586	506
367	423
287	956
520	412
787	202
276	10
387	395
647	299
730	965
799	233
672	943
684	400
647	882
684	725
965	823
672	393
695	201
965	276
695	202
745	824
154	916
327	912
65	191
119	493
2	82
684	66
684	202
684	202
672	299
684	208
974	140
745	412
781	399
67	527
66	640
759	597
695	276
202	263
799	287
672	808
326	63
965	42
635	128
364	191
986	311
647	571
799	501
672	695
499	976
527	412
672	759
427	374
715	919
202	238
326	66
42	327
378	548
684	672
479	593
799	309
672	293
869	276
653	30
695	653
746	795
310	338
647	255
530	651
647	800
400	127
800	746
684	684
196	774
799	369
759	977
287	400
965	151
684	412
858	387
368	400
684	706
759	484
759	527
399	640
684	806
695	115
647	338
950	412
986	689
672	137
208	536
684	684
974	265
12	412
416	969
672	726
684	364
21	194
810	670
242	20
48	535
66	412
309	233
66	250
647	208
276	484
717	986
276	505
759	759
684	21
66	83
672	647
759	66
704	412
647	255
265	250
24	263
965	604
684	338
492	361
647	806
799	202
965	295
647	416
598	97
287	172
695	671
288	740
799	491
85	565
684	695
574	369
647	729
799	670
800	834
233	303
745	42
684	965
684	2
437	119
862	446
787	670
684	101
684	66
157	179
647	233
901	517
704	193
695	795
799	501
799	276
684	364
684	434
600	63
336	101
672	392
276	729
684	149
202	601
986	640
337	809
759	399
672	505
695	806
706	965
950	119
974	42
288	393
202	282
0	729
684	965
72	616
261	608
684	787
672	609
495	882
387	316
66	21
759	575
799	746
730	894
881	21
759	838
764	706
42	468
95	21
824	956
393	21
684	335
202	831
119	912
370	10
986	606
672	91
12	184
130	21
284	144
276	409
684	597
983	631
647	501
255	423
684	412
277	452
382	346
684	455
671	208
399	602
875	230
894	255
672	515
313	1007
684	248
552	821
846	716
576	263
202	704
42	66
716	933
232	6
338	943
730	800
60	230
728	744
684	388
965	119
980	155
695	49
202	463
473	882
834	412
799	974
320	463
95	1018
387	956
67	598
335	400
974	821
695	965
965	527
673	63
684	965
1014	473
684	956
337	72
416	191
787	265
652	63
293	454
799	534
98	620
429	701
759	269
745	548
647	799
982	502
863	710
672	255
746	191
202	39
364	119
965	66
684	559
276	633
647	45
835	984
706	91
412	463
387	320
265	233
672	66
487	746
370	612
684	695
539	515
706	526
647	937
12	811
382	225
824	898
746	10
965	512
986	423
599	548
653	746
780	412
684	191
882	925
452	42
91	21
846	288
672	215
91	881
894	423
661	610
310	63
671	846
858	676
965	670
12	327
684	72
684	116
116	66
618	97
63	734
684	191
684	914
759	956
387	658
684	72
527	21
695	101
946	587
276	130
684	874
894	66
937	482
684	785
98	338
965	176
759	99
208	746
202	276
684	336
299	21
684	191
672	747
810	605
338	605
96	463
672	824
807	412
647	367
527	882
202	338
714	463
202	1007
765	50
684	651
684	672
894	501
684	293
695	584
824	474
501	729
695	434
416	119
658	629
309	807
799	1003
714	916
695	91
202	427
684	647
759	780
357	856
393	63
684	387
799	803
684	387
684	149
894	465
49	641
91	943
695	338
894	276
480	34
946	965
66	515
95	191
130	548
84	191
326	233
927	288
647	202
288	765
894	243
672	1013
618	482
416	72
465	150
974	265
684	243
706	255
695	746
63	399
846	399
787	652
965	306
684	875
684	730
170	956
510	752
672	856
367	495
695	965
701	83
387	950
894	439
97	412
671	202
395	400
950	852
288	196
905	153
759	30
311	38
810	412
202	89
365	412
965	670
684	684
684	276
81	956
130	399
684	846
671	824
569	308
684	725
12	803
684	635
6	838
670	226
671	799
695	931
672	565
684	412
66	860
901	22
230	399
695	527
869	164
337	864
265	939
202	512
647	799
647	787
965	970
265	193
752	516
717	263
730	986
524	482
276	510
684	647
684	799
799	127
746	909
759	369
684	515
299	101
678	191
684	820
344	635
412	291
745	132
287	840
263	63
671	894
96	368
226	127
684	670
814	83
730	800
309	897
208	127
202	72
327	327
202	1000
474	291
807	74
759	820
647	468
671	225
530	781
387	746
684	309
672	887
894	85
265	91
909	320
684	367
370	510
653	864
799	287
706	974
232	30
232	250
965	881
263	395
673	746
647	63
787	423
671	799
704	412
745	451
552	412
672	946
293	400
974	98
242	598
684	119
974	66
695	482
647	387
647	412
787	919
946	729
695	202
695	564
733	412
202	287
730	729
416	377
202	12
91	781
255	412
647	288
653	1007
95	412
191	773
202	871
684	628
288	548
191	303
800	400
287	973
91	70
202	461
946	809
91	535
311	912
729	134
232	22
276	463
510	966
745	965
684	506
66	882
412	446
382	414
965	649
672	267
684	482
799	921
834	474
759	842
868	95
263	588
759	263
824	255
476	65
799	151
310	400
672	358
202	201
12	321
684	672
824	242
684	232
961	154
672	338
653	437
875	552
871	238
846	369
672	229
894	882
72	939
695	412
745	729
799	942
840	548
745	338
378	433
946	233
42	863
671	799
759	974
672	37
202	505
965	276
287	119
364	72
823	338
12	70
714	147
91	412
309	153
684	647
412	956
561	980
658	227
97	450
684	820
684	276
598	38
63	506
647	759
706	364
48	752
684	820
811	523
824	238
91	701
684	66
799	505
714	909
12	416
265	310
501	208
684	834
706	505
810	635
91	689
714	1020
799	474
695	882
672	695
63	191
695	412
684	202
293	548
684	695
287	473
764	537
965	412
684	803
810	606
684	729
846	327
684	196
486	538
730	165
183	639
287	97
277	242
684	647
684	559
476	961
66	606
232	21
202	179
695	647
684	695
138	369
647	901
21	777
961	920
288	412
463	468
684	730
787	202
37	783
672	937
287	527
810	399
196	56
706	299
364	310
464	714
745	412
974	412
672	510
625	581
792	820
684	202
400	397
672	387
369	400
327	474
66	598
684	647
672	653
393	740
759	626
672	759
276	806
684	882
759	187
527	864
66	250
787	41
684	672
287	338
276	1012
672	263
695	803
423	956
202	218
684	74
230	821
672	807
618	463
695	965
809	591
834	506
952	3
684	140
684	799
874	91
66	882
684	387
510	369
506	191
262	12
745	1009
789	219
799	125
265	598
670	515
233	1007
684	706
799	327
233	515
695	202
745	99
0	989
695	445
515	412
276	833
627	423
684	66
803	482
953	412
465	734
965	841
894	119
882	248
276	310
288	50
823	714
263	21
824	728
299	114
672	715
799	978
927	255
799	337
672	882
399	979
66	399
799	196
233	95
684	561
327	505
799	746
799	412
653	730
387	8
647	846
695	712
276	400
382	474
191	896
799	512
288	393
98	792
255	315
905	527
704	119
759	644
894	949
980	502
387	863
684	287
387	746
745	625
417	574
387	486
684	974
263	67
265	269
684	378
974	147
202	21
423	548
671	799
684	912
276	215
684	548
653	66
986	864
484	584
548	548
824	277
549	956
874	831
298	208
276	213
803	219
745	310
476	740
809	932
820	513
202	828
745	799
639	151
356	463
91	928
684	974
846	251
670	781
412	412
554	434
684	303
871	570
263	399
745	965
672	423
310	191
700	512
927	956
233	966
695	670
809	428
42	95
382	492
91	96
684	333
276	412
684	400
946	629
647	701
288	416
412	399
695	412
116	863
387	729
12	338
335	173
695	737
299	795
233	83
684	912
684	594
684	255
202	310
242	726
706	412
44	179
337	346
653	824
787	562
60	412
671	22
876	912
730	966
799	38
288	187
810	784
91	21
149	66
931	584
834	255
370	980
202	649
653	986
536	670
759	919
894	584
202	191
672	894
684	672
262	95
691	123
684	341
874	280
929	746
671	30
846	992
824	56
327	820
66	714
66	141
12	505
716	463
412	446
243	909
684	501
946	56
423	81
72	412
412	888
684	684
399	350
810	65
953	10
243	338
684	66
684	276
202	704
263	412
262	437
98	693
684	36
72	215
759	730
276	72
293	520
647	473
695	101
684	85
202	841
824	12
820	412
647	369
810	412
447	257
784	198
382	527
764	387
466	538
576	978
684	695
672	647
390	465
695	233
320	506
437	72
799	96
202	319
706	787
965	980
695	91
311	21
412	401
208	612
208	10
965	163
759	759
232	232
12	651
799	674
684	848
684	56
672	455
717	412
672	132
276	183
684	230
684	993
263	97
745	651
276	29
672	759
527	412
684	927
277	897
706	932
729	493
672	674
276	183
702	534
684	51
952	548
60	658
320	631
684	446
901	882
684	653
706	716
820	402
196	803
276	635
965	447
684	423
233	984
684	63
684	505
759	799
759	399
311	63
454	795
365	856
787	670
759	116
858	196
671	287
672	463
810	799
684	653
953	263
684	864
672	958
824	427
684	561
673	72
684	227
658	821
695	446
292	132
799	620
684	255
974	233
255	293
799	506
647	95
794	512
265	196
586	943
65	574
22	527
946	263
706	233
986	320
946	423
399	932
706	729
647	813
671	670
309	704
894	255
196	12
684	764
810	8
116	597
684	759
775	284
95	923
538	74
684	706
382	855
670	337
327	66
695	98
745	706
684	571
288	740
695	512
276	434
704	980
476	364
338	473
387	83
684	647
684	695
233	896
846	473
670	293
672	412
233	66
695	714
208	783
672	208
684	66
196	554
695	276
965	820
684	363
233	63
