450	321
493	500
307	82
301	158
493	113
493	443
493	168
78	60
481	91
220	10
66	268
414	470
371	191
321	352
405	316
220	135
74	193
398	74
116	274
493	461
454	135
368	490
234	111
44	200
371	248
210	269
34	294
180	64
288	113
371	459
410	146
493	140
255	388
12	135
371	10
60	241
220	431
493	234
78	481
325	96
44	274
442	91
374	135
433	231
493	78
330	51
78	459
493	390
493	172
371	361
269	114
10	461
172	12
12	92
433	425
371	378
38	381
424	378
92	422
493	371
493	191
490	135
316	23
12	210
279	248
249	468
269	74
44	248
269	43
307	220
220	107
493	493
248	288
172	255
261	464
92	388
172	470
493	297
493	361
493	51
310	369
307	422
381	274
78	414
78	116
102	26
172	175
192	414
220	364
172	180
371	14
283	486
234	135
135	300
78	234
417	252
493	44
154	153
60	220
82	269
459	135
478	281
320	135
269	234
410	208
44	392
307	222
210	135
490	83
493	378
12	165
410	81
44	412
493	473
371	135
180	44
209	191
459	328
78	312
493	62
493	269
493	364
493	154
459	91
443	336
60	225
154	464
73	225
307	190
122	302
172	180
493	172
210	279
450	414
443	405
78	135
307	146
78	425
471	112
459	344
493	493
116	203
269	58
10	414
493	274
12	464
102	71
154	60
486	412
493	62
154	34
424	12
493	493
87	72
473	44
220	114
459	381
116	44
307	88
24	274
102	32
493	381
4	72
493	136
493	12
371	60
74	197
78	209
154	135
60	219
220	413
283	219
269	422
220	171
135	31
78	12
454	44
44	302
220	180
493	1
405	464
283	422
459	144
493	459
493	102
307	227
493	210
269	405
459	60
442	252
361	473
493	78
320	288
279	244
493	493
371	447
200	8
92	53
183	191
64	509
493	155
154	316
361	146
493	493
307	321
493	295
376	213
398	461
378	23
18	302
493	269
12	339
371	464
378	135
361	405
38	392
339	241
92	414
473	425
493	493
172	47
116	234
269	111
430	191
310	44
371	113
78	369
493	234
269	248
220	170
283	307
38	338
307	307
459	480
283	478
146	231
371	241
371	470
493	319
257	32
220	32
347	301
442	225
361	364
371	473
405	74
154	495
119	255
371	486
220	136
488	191
493	336
493	105
498	191
122	197
493	4
149	445
493	220
274	461
210	336
493	283
107	426
493	44
307	191
493	4
371	111
188	44
361	356
88	31
424	31
450	434
493	279
307	276
116	234
371	473
279	473
220	135
219	408
102	10
96	426
226	91
493	172
493	87
172	459
473	427
283	14
318	146
78	91
493	480
459	459
135	274
210	170
210	90
307	88
203	268
92	180
424	166
262	231
269	442
325	179
478	135
459	339
78	504
459	116
361	127
410	392
459	269
219	249
248	436
172	238
493	12
433	294
493	459
378	31
172	17
102	3
371	371
248	336
307	44
307	433
220	478
135	388
12	509
486	62
254	481
294	163
60	44
307	135
307	74
493	459
102	292
371	92
398	220
297	464
12	397
371	280
248	352
180	135
381	401
371	249
405	500
4	436
78	136
172	294
283	405
220	217
179	392
74	260
318	66
74	17
44	453
493	88
424	191
74	328
307	82
220	473
493	78
493	60
279	501
248	135
459	286
69	336
405	111
493	154
154	510
381	426
150	32
430	381
78	459
493	31
459	279
269	144
154	297
493	180
493	302
172	445
459	366
116	28
497	478
485	47
44	151
248	288
410	91
78	285
414	47
262	44
480	220
71	32
79	31
424	21
371	73
246	10
478	336
371	220
12	432
82	319
234	504
430	113
307	220
493	102
457	1
336	169
371	113
480	401
78	241
459	220
464	230
490	383
238	500
279	402
210	154
34	248
234	23
279	3
131	10
450	91
172	414
279	405
257	47
231	461
220	478
18	328
78	38
307	478
102	190
283	422
493	210
91	431
347	74
459	307
392	487
290	350
102	223
493	459
92	307
371	346
510	472
38	27
78	44
119	179
78	347
60	294
459	237
361	212
102	466
493	456
448	322
146	122
12	44
493	381
493	302
220	90
172	135
459	32
459	307
135	135
78	433
38	245
78	248
473	322
74	504
44	316
320	10
210	375
88	10
248	334
282	77
269	381
307	234
180	100
269	203
172	279
371	256
414	464
60	10
371	74
154	446
44	403
422	121
459	405
371	146
126	74
493	269
443	8
210	504
71	62
73	309
279	71
262	31
279	264
78	459
210	91
307	227
310	130
493	82
135	167
73	285
307	432
210	17
191	328
334	191
200	135
347	336
38	205
320	253
493	24
283	260
102	428
10	302
368	79
116	191
210	378
78	248
493	321
320	269
459	170
210	23
54	375
459	362
279	60
234	378
172	31
386	274
92	442
493	160
320	279
312	191
279	464
433	336
459	44
78	206
20	442
234	1
493	493
92	336
493	12
18	274
18	440
474	336
269	481
172	405
188	135
493	193
18	470
172	18
307	135
44	356
210	316
307	339
307	464
234	417
371	473
459	410
269	498
480	310
283	392
424	430
279	392
371	307
269	180
78	71
38	107
269	88
493	279
135	37
493	10
307	269
442	191
102	31
405	58
170	197
493	283
122	494
88	53
493	24
478	191
88	97
459	329
410	231
220	461
381	33
424	442
459	248
122	329
163	121
12	322
493	172
154	478
220	44
78	209
220	422
459	135
220	473
92	309
422	23
443	347
132	463
493	493
78	98
307	210
307	209
459	44
78	102
132	294
78	220
122	191
116	111
38	464
172	269
180	111
279	73
226	274
241	245
269	144
78	362
269	135
269	220
14	316
78	44
361	334
430	234
432	91
78	470
78	105
478	23
18	136
30	160
102	119
172	269
220	456
438	241
91	85
376	341
172	283
92	220
172	410
38	146
459	132
255	245
500	51
307	405
493	44
307	247
48	72
378	179
269	367
405	422
210	100
493	392
78	172
26	422
73	135
78	135
486	10
220	44
459	107
220	146
493	72
78	285
493	172
74	392
318	111
381	135
473	72
493	60
459	309
493	220
347	256
422	135
459	478
422	32
430	470
60	490
442	141
478	294
504	197
459	187
473	197
493	78
493	3
459	32
220	227
466	470
44	464
172	191
151	41
510	249
234	180
371	422
102	478
269	347
493	276
34	136
274	352
493	234
493	304
424	344
493	72
493	198
381	460
478	464
510	77
459	135
172	459
172	144
116	464
359	9
424	435
493	269
493	175
493	352
10	464
172	283
312	464
78	459
38	321
116	336
180	476
146	51
269	91
371	279
269	501
78	38
462	464
493	371
91	213
132	378
172	10
424	307
78	277
269	31
371	92
493	92
294	436
234	288
478	111
44	10
172	114
20	414
135	135
166	478
82	252
493	60
10	362
334	336
100	316
473	197
78	269
307	269
430	31
220	336
238	406
12	422
307	392
283	60
493	151
493	135
428	348
220	135
371	114
493	430
307	312
38	122
38	405
14	135
371	234
312	1
60	64
102	237
74	31
116	170
172	495
78	279
66	91
334	217
274	392
279	234
187	91
493	347
172	443
371	154
493	347
339	478
486	44
146	297
220	417
38	191
316	309
493	459
371	374
493	269
307	321
78	116
78	234
320	129
371	44
210	91
269	461
44	274
172	319
490	274
116	431
78	464
210	198
269	414
490	73
244	362
414	135
307	253
102	129
146	135
493	347
146	328
209	119
493	220
116	450
401	113
283	154
459	459
459	60
493	18
493	414
78	74
102	10
493	493
493	278
493	288
459	312
160	392
78	239
269	125
279	132
493	339
78	269
12	60
424	352
493	461
180	378
459	91
116	74
220	282
493	224
493	274
116	509
172	420
172	378
175	205
443	450
78	241
424	231
459	473
58	10
493	88
279	334
325	191
302	80
172	154
79	197
279	462
274	191
44	264
493	422
92	116
269	199
493	470
444	274
493	460
443	220
180	111
18	336
493	172
493	310
459	307
371	210
32	241
74	10
187	408
459	405
493	44
180	135
493	172
347	378
269	137
220	32
78	44
493	163
493	91
430	230
493	371
486	414
78	392
381	442
146	294
116	31
486	241
348	91
347	205
368	362
210	321
307	135
361	74
459	427
358	300
424	279
493	39
361	234
116	69
180	336
320	490
92	44
78	498
269	416
371	269
74	504
210	336
307	248
307	151
172	313
381	74
116	113
146	203
430	200
493	74
493	405
493	25
371	478
473	180
307	163
381	141
378	1
78	135
172	24
136	100
172	449
325	135
459	210
424	241
269	473
172	478
102	71
307	279
283	459
92	60
493	266
283	315
459	80
111	436
44	135
307	248
279	336
454	278
490	448
405	422
371	416
307	385
234	414
220	153
493	57
459	279
78	280
493	237
459	262
191	500
78	12
44	10
78	191
180	44
320	305
493	459
135	197
220	87
307	60
493	146
38	224
172	44
78	294
187	135
10	504
273	44
12	111
248	274
78	307
459	378
172	358
493	405
392	336
44	264
172	154
371	234
493	394
102	339
493	18
172	191
44	135
154	44
108	135
44	450
347	474
493	153
172	135
401	135
361	473
116	220
170	44
371	135
146	352
378	436
307	146
493	312
405	44
150	401
180	294
493	198
493	180
381	41
347	266
220	91
473	146
381	425
172	219
493	305
493	135
361	307
206	31
493	85
172	342
473	197
96	191
122	448
347	356
283	361
310	348
367	435
339	178
438	191
422	135
459	442
312	336
78	362
269	111
269	500
78	102
210	44
60	73
60	310
493	172
82	44
238	60
180	107
172	245
92	405
493	493
172	135
371	146
154	356
312	135
361	163
269	473
38	219
179	191
493	381
388	241
234	183
220	135
226	32
52	169
493	111
493	371
378	135
371	215
38	100
172	96
493	279
220	356
493	432
38	244
493	376
371	122
493	210
154	297
307	495
102	72
448	356
248	191
307	191
459	414
493	493
371	216
493	464
74	135
433	454
312	60
31	448
493	34
401	135
378	204
238	286
347	429
142	500
307	210
92	191
172	462
347	294
493	135
20	248
78	172
12	91
26	248
269	485
146	135
44	414
248	369
12	441
498	392
44	442
102	369
405	478
269	318
371	264
92	220
294	336
191	111
347	146
493	347
210	310
378	348
231	28
146	278
78	44
493	220
102	26
78	238
405	442
307	409
493	269
269	220
493	325
126	473
78	414
257	31
38	478
493	459
283	220
307	96
459	34
154	44
92	381
371	172
172	102
347	464
404	191
210	32
493	478
510	473
38	382
405	123
371	220
459	7
493	111
34	476
283	392
135	348
279	226
493	334
180	163
146	276
459	220
493	276
385	135
359	405
92	361
493	31
493	493
473	64
220	209
394	22
248	7
459	49
78	88
150	436
220	457
316	91
172	219
44	464
122	378
107	362
269	154
116	135
493	310
493	166
493	510
78	464
493	252
493	371
269	220
493	64
210	336
122	135
220	378
305	294
38	408
493	294
88	378
307	336
257	316
44	260
459	44
269	381
44	44
493	172
493	473
18	312
44	445
297	225
220	392
464	392
244	111
234	442
255	91
206	262
10	140
480	179
307	157
92	26
102	410
325	111
54	253
44	29
295	397
493	500
493	371
307	111
347	58
493	248
220	248
493	456
283	500
424	328
399	163
172	220
200	509
80	294
279	338
200	294
493	135
220	136
269	414
126	180
493	307
328	407
381	288
44	436
371	34
493	172
38	82
442	135
210	135
74	180
44	300
307	236
220	468
493	419
493	294
116	450
347	456
497	425
493	172
493	44
510	187
34	490
459	135
444	473
493	248
493	135
424	135
493	493
283	348
175	228
307	31
219	3
220	454
220	504
24	53
307	31
12	381
102	285
23	163
220	125
378	31
102	146
493	220
210	464
325	111
146	464
107	217
172	459
361	60
116	431
473	151
279	97
135	163
161	180
348	436
493	10
433	497
371	477
269	175
313	135
78	23
401	348
371	44
493	430
274	500
78	422
244	154
294	91
464	435
82	269
371	269
78	203
493	269
172	264
422	369
361	307
493	461
493	318
262	44
359	220
269	26
172	248
146	21
66	44
74	135
493	78
398	114
283	381
269	65
459	74
493	408
198	219
493	219
78	172
172	146
493	316
493	0
429	180
383	336
78	91
361	313
307	191
511	280
493	378
44	431
135	113
486	378
422	478
135	111
82	478
82	353
361	44
478	285
283	335
172	269
459	468
371	414
424	430
424	102
244	312
493	307
493	401
269	487
12	34
74	31
154	220
146	135
210	233
459	497
78	466
478	163
102	210
146	478
172	321
180	31
493	373
44	494
459	200
473	478
371	17
493	71
320	274
78	430
18	74
493	495
307	148
180	10
172	381
269	330
78	132
459	352
226	316
493	97
44	370
234	119
493	220
146	442
493	361
32	476
122	169
74	401
493	430
473	431
44	135
38	111
179	135
337	460
172	220
417	23
493	480
210	336
381	135
82	301
60	217
443	44
78	336
473	401
414	414
234	401
424	414
459	220
294	464
493	74
151	336
371	336
424	361
248	481
480	405
493	473
82	151
172	91
459	422
269	98
307	378
493	132
172	140
18	310
172	490
210	135
279	10
116	248
180	425
295	220
38	471
78	44
60	323
307	66
180	177
425	135
135	31
422	30
166	136
220	107
497	58
78	307
107	334
498	191
283	334
78	371
430	10
154	417
307	442
371	459
290	397
239	392
422	402
371	151
219	274
459	245
38	60
480	294
450	348
460	135
163	336
363	328
302	464
60	44
154	422
470	253
82	23
295	464
231	504
371	223
405	470
78	220
433	422
493	23
161	34
464	140
220	44
248	392
172	348
464	191
92	38
310	200
493	493
371	135
102	180
78	111
464	392
44	91
454	378
493	401
238	447
493	371
78	431
92	233
180	111
371	135
78	96
493	459
220	387
371	220
151	504
269	414
116	381
368	436
493	430
459	154
92	478
325	378
312	483
74	146
493	490
493	269
473	464
473	14
74	135
493	362
154	497
307	305
493	188
307	86
493	191
91	167
443	220
12	74
154	220
172	294
361	500
102	154
269	60
459	166
493	417
78	220
82	278
132	417
92	288
493	459
307	239
224	197
26	44
116	220
493	490
172	219
431	341
172	336
493	111
79	348
255	464
288	32
14	44
307	198
422	135
210	26
493	256
371	170
44	187
493	31
92	269
493	336
321	165
172	414
172	459
437	135
79	24
12	188
371	307
238	112
154	431
368	255
459	248
307	51
38	146
172	65
473	470
102	319
318	248
450	151
238	44
78	487
430	231
493	307
7	111
493	98
100	17
12	334
269	478
44	187
220	416
371	362
234	425
307	433
12	410
307	273
454	249
424	111
321	328
371	307
220	3
135	263
210	44
459	347
151	135
220	473
220	442
361	191
414	264
78	10
254	468
371	417
371	154
92	31
478	392
269	220
493	78
493	371
494	27
459	500
422	234
424	64
269	297
459	339
78	302
493	307
478	143
378	403
381	88
339	180
18	402
144	31
330	135
371	414
358	392
376	280
190	448
493	231
422	135
459	336
442	274
347	127
170	416
283	146
361	490
493	91
279	4
135	322
73	191
493	273
297	31
283	220
180	31
368	436
78	210
493	307
116	487
493	219
269	294
371	442
401	319
60	10
307	46
172	353
493	234
459	38
122	478
97	239
58	23
12	334
210	269
269	220
493	44
371	105
82	48
154	252
493	122
172	478
371	146
146	171
34	100
60	263
78	361
493	434
108	91
480	23
493	42
493	493
220	86
493	156
78	470
24	367
220	376
116	135
493	405
490	227
274	111
111	241
493	371
493	493
414	348
480	41
132	220
307	220
220	356
307	24
238	92
44	187
262	442
220	75
361	136
248	241
230	141
146	481
371	269
378	365
262	274
234	44
493	372
78	44
371	297
269	428
424	191
473	111
74	348
119	111
424	220
111	448
371	74
459	44
71	276
348	448
74	509
493	78
414	336
493	107
78	225
401	212
64	453
325	111
493	276
493	81
102	146
146	135
493	248
210	29
307	116
166	111
248	10
371	416
92	336
102	180
497	392
493	249
60	483
493	135
325	378
92	187
493	10
132	44
408	224
459	497
282	31
459	381
443	402
38	135
371	269
307	17
254	121
442	3
347	348
493	361
60	478
78	60
307	168
151	344
91	205
414	145
493	31
297	58
79	481
493	10
135	31
78	504
493	276
238	310
493	248
102	274
381	10
493	438
290	276
443	135
44	107
238	135
493	28
283	210
320	135
172	473
361	38
464	165
264	98
422	297
371	220
493	135
283	71
172	73
132	121
210	234
371	154
269	76
255	356
363	392
493	450
269	481
339	135
493	317
279	135
414	328
102	425
493	157
132	431
459	425
78	266
339	378
405	122
166	111
493	352
262	119
493	307
269	362
459	180
220	473
493	330
172	172
279	336
231	358
78	372
493	432
154	381
493	38
74	294
405	294
24	169
307	347
172	17
325	9
119	63
220	248
371	34
220	248
191	474
206	296
465	9
172	125
493	269
371	371
238	307
347	220
220	3
255	225
172	10
493	260
44	336
368	135
392	245
339	215
283	60
381	378
307	316
44	414
378	378
44	239
493	92
493	44
417	135
179	51
220	477
462	483
459	38
60	401
132	163
471	54
459	367
161	269
92	108
210	279
154	416
234	501
447	31
493	493
405	472
78	371
60	165
493	493
464	372
12	448
485	73
92	210
92	152
244	294
493	172
234	245
180	121
111	448
307	255
361	111
371	122
371	135
470	336
92	44
102	151
307	43
38	210
325	44
187	336
172	38
490	155
493	180
493	283
424	58
456	271
454	107
493	220
220	200
371	378
279	310
493	44
493	274
279	220
279	53
294	464
307	368
58	135
269	309
371	91
493	481
78	135
116	414
493	476
248	274
220	319
378	274
269	405
371	274
493	504
371	504
424	264
405	312
31	375
279	279
175	274
78	234
459	197
274	468
78	371
493	170
457	64
269	10
135	177
12	459
74	27
122	414
368	504
307	219
116	388
417	31
493	414
92	473
459	151
328	336
443	137
371	238
493	74
172	459
410	412
172	464
464	500
269	26
18	220
510	485
126	74
146	32
269	294
493	381
493	318
307	336
135	464
459	64
493	269
459	367
424	285
442	91
78	336
347	274
220	248
172	294
371	459
478	464
269	392
116	269
262	338
493	430
283	339
371	191
352	197
493	381
154	135
295	403
371	448
269	374
493	269
493	66
12	459
232	253
444	336
459	417
91	84
146	113
220	31
493	78
12	448
7	288
104	431
172	113
405	241
220	475
459	473
60	44
146	135
493	66
200	414
283	478
493	116
307	448
269	490
269	269
493	135
66	378
500	441
279	252
422	136
405	414
269	473
371	248
257	388
371	391
135	85
302	274
78	146
493	217
10	64
371	487
352	431
424	31
493	316
294	155
135	387
198	66
78	220
473	321
200	241
136	319
371	283
493	276
38	154
382	336
493	459
12	376
310	10
136	111
493	210
180	481
493	382
493	408
274	17
279	199
493	146
381	378
172	381
459	102
498	75
347	431
307	253
307	197
348	276
493	44
78	180
493	24
493	319
73	73
347	197
78	198
493	371
78	172
116	481
493	172
493	307
166	425
493	392
116	490
78	393
248	376
422	356
459	139
172	146
10	157
257	348
493	32
493	433
425	51
154	44
459	448
116	52
405	392
244	310
206	481
510	234
405	490
283	72
342	44
135	352
210	462
493	44
166	414
459	443
188	146
135	135
34	107
493	203
78	361
38	74
269	490
307	488
172	269
385	401
493	197
307	220
91	91
307	490
361	234
371	279
493	481
220	191
493	347
493	191
422	231
493	405
154	431
276	17
493	443
424	398
203	23
78	261
493	312
361	220
424	234
172	47
74	33
493	450
220	44
493	38
248	378
44	252
459	24
26	376
238	442
450	8
220	57
305	111
378	500
172	191
78	48
493	74
92	163
210	398
318	259
74	23
414	135
424	220
493	424
210	234
493	248
180	431
493	414
493	348
122	369
493	268
269	362
493	172
310	44
401	478
248	378
297	64
422	274
78	328
44	44
378	1
493	44
493	27
381	274
493	24
371	424
410	244
180	243
282	145
269	135
414	163
493	493
347	32
180	136
371	44
170	288
283	231
459	490
193	203
34	414
10	500
493	64
410	392
264	392
493	47
172	284
493	18
493	478
14	119
269	44
248	478
44	411
66	291
220	111
78	172
493	135
74	135
371	31
198	200
248	378
60	450
283	381
269	74
497	51
82	392
339	356
154	44
307	414
339	220
4	149
116	282
34	17
459	464
283	274
279	219
371	135
459	256
238	481
180	392
493	319
12	257
269	288
294	274
220	274
220	305
78	459
392	205
493	146
269	44
307	111
307	414
3	203
493	358
371	219
172	262
371	234
493	64
371	255
493	493
92	302
493	480
269	220
405	328
191	375
459	307
307	392
490	24
493	44
78	497
60	157
347	111
459	38
172	392
146	44
78	177
172	473
10	255
135	288
493	454
180	481
473	448
422	31
307	193
433	3
310	44
10	135
493	307
210	414
108	294
493	84
347	464
493	371
244	405
493	493
184	348
283	114
132	228
381	352
12	200
220	276
269	504
414	436
71	348
405	10
410	414
154	442
38	269
493	414
220	111
44	281
381	234
493	257
459	442
493	172
493	425
371	283
334	197
172	225
381	478
297	274
307	244
220	422
371	160
172	430
14	487
248	414
361	392
392	280
219	135
371	459
307	430
307	456
316	388
425	392
307	302
443	288
269	198
220	43
493	136
170	135
347	336
154	47
371	487
220	461
44	135
307	500
493	459
220	274
44	203
44	31
508	495
172	487
170	111
102	220
430	486
210	135
92	91
470	288
459	255
283	501
459	135
493	135
339	276
493	422
307	336
359	234
493	24
82	294
378	121
220	31
92	313
493	26
307	500
493	269
102	220
307	234
172	425
378	427
269	3
493	269
210	111
238	442
116	100
504	222
510	180
220	442
78	371
135	316
307	307
371	166
262	10
493	122
12	274
342	294
220	44
493	381
79	278
31	129
473	348
493	154
38	26
14	442
473	500
459	330
38	72
116	167
18	71
92	442
422	113
493	116
493	381
307	473
433	294
4	111
347	412
172	135
371	220
220	470
215	32
135	276
473	425
381	134
78	260
493	285
34	200
414	191
381	441
254	187
7	111
234	475
188	305
269	297
361	269
78	325
408	135
493	414
154	274
424	358
371	279
371	321
24	135
493	270
234	231
459	102
444	422
450	214
172	310
172	44
371	371
459	100
422	111
493	392
78	172
43	392
493	234
493	10
188	494
92	486
459	231
442	315
371	172
74	64
88	274
92	310
10	294
371	347
269	166
166	163
180	177
172	54
381	500
283	342
430	255
493	116
60	135
493	297
38	154
78	297
220	321
172	44
152	392
257	135
102	473
210	146
459	44
493	179
444	294
430	135
44	136
269	368
116	191
286	217
459	362
493	493
490	191
102	217
220	490
307	294
307	53
78	336
154	60
425	470
220	450
264	11
269	422
339	255
210	271
347	294
269	403
424	302
172	10
97	124
493	220
424	443
434	197
307	220
180	288
215	66
220	10
371	471
269	381
74	336
60	248
180	224
78	473
146	58
252	121
234	348
172	210
493	74
206	200
493	135
88	285
82	316
92	99
269	64
172	269
122	187
172	368
66	91
44	356
347	414
269	140
493	422
102	244
307	215
78	170
78	310
10	225
166	416
493	459
154	378
466	113
414	194
318	135
424	307
320	72
269	347
371	378
116	234
135	316
110	44
371	401
269	461
256	378
269	66
172	82
264	91
493	210
493	74
339	388
38	336
493	414
172	320
493	200
78	205
172	210
493	255
248	252
459	154
442	500
371	254
336	225
493	172
424	91
493	220
172	126
378	504
462	44
206	17
307	154
307	135
478	135
44	420
73	231
220	442
307	44
493	493
273	348
362	397
38	74
219	111
78	4
102	307
493	316
135	258
172	274
166	248
198	422
126	136
310	274
12	210
493	231
307	210
471	417
493	78
234	362
210	135
154	460
172	113
234	321
493	442
269	135
493	108
187	135
234	10
269	74
135	191
172	200
209	464
220	401
283	307
74	407
422	114
493	12
493	92
473	262
378	305
220	10
361	403
347	442
493	252
478	197
78	414
371	353
111	500
220	490
269	473
146	180
371	328
442	402
269	473
361	307
410	264
459	297
422	500
198	135
172	336
424	473
347	294
116	215
108	44
493	356
493	135
371	436
60	44
493	459
493	113
269	220
493	454
493	269
238	254
493	392
459	269
383	17
102	497
493	401
493	135
172	227
493	285
347	8
493	369
111	99
234	261
493	121
353	327
172	307
381	234
371	122
410	220
206	348
198	220
78	135
73	500
143	319
490	252
320	339
481	113
210	347
78	26
166	378
44	136
279	422
455	135
231	464
269	146
361	44
74	44
493	392
108	200
24	316
92	224
172	220
480	219
442	24
371	353
12	269
97	334
122	274
493	468
443	180
371	180
493	307
172	307
96	111
459	294
180	252
283	187
347	135
493	191
210	239
493	245
172	31
493	448
220	219
60	135
210	269
172	44
371	459
269	305
66	24
108	368
172	135
102	60
210	82
493	116
493	269
371	13
135	336
244	473
78	44
294	64
10	481
493	166
459	72
170	72
493	4
493	220
459	44
371	60
220	402
294	509
433	248
74	508
493	197
493	43
116	336
102	279
220	316
470	390
307	431
172	44
269	464
100	84
493	371
378	294
473	31
283	442
210	464
361	478
161	166
459	188
43	96
493	321
459	163
361	352
371	172
493	23
210	405
146	191
371	122
410	44
102	82
414	225
172	111
279	297
257	135
102	91
493	371
151	111
60	395
78	414
12	143
220	369
405	336
34	328
60	470
12	405
493	66
44	481
220	151
493	497
454	255
424	220
234	215
269	191
220	353
198	378
493	459
78	17
38	344
464	91
92	288
493	135
316	98
424	307
378	264
101	392
470	392
371	100
371	477
188	135
102	378
248	24
283	64
206	74
100	100
33	508
78	270
146	247
238	381
78	269
459	135
307	417
111	435
371	378
381	66
307	422
220	431
420	328
361	412
493	361
493	78
459	116
371	459
297	352
381	44
490	264
493	425
78	500
234	392
493	336
459	356
361	468
371	188
443	31
459	191
320	425
318	182
347	220
127	392
493	476
361	282
44	47
92	137
114	135
146	113
273	358
78	509
459	34
493	283
198	234
371	348
493	397
166	370
88	94
154	470
493	160
493	410
385	473
307	135
307	398
279	294
493	78
307	417
234	111
10	270
414	135
97	252
172	52
493	269
361	180
481	336
44	261
401	336
220	114
279	170
283	79
358	169
493	307
172	307
493	200
459	320
150	105
60	44
135	461
210	422
493	279
220	478
493	486
172	224
279	60
269	269
424	264
248	287
442	171
478	135
38	91
493	378
74	3
220	249
146	10
493	493
269	248
444	336
44	136
294	476
172	269
493	334
66	344
478	165
493	191
307	254
262	44
493	210
38	478
459	464
73	464
405	166
459	197
493	312
74	497
122	276
179	461
493	371
206	352
279	100
398	234
191	264
269	292
172	302
78	140
381	91
401	436
371	371
493	191
74	191
371	44
493	111
443	191
381	220
493	135
269	449
493	238
493	312
443	310
82	313
116	414
31	285
493	155
44	435
191	13
215	13
307	135
493	91
172	17
257	427
279	24
180	165
493	113
146	135
493	116
12	381
172	431
371	166
172	135
436	197
493	464
424	135
493	79
339	392
307	135
493	220
4	257
347	248
352	191
297	151
405	10
279	414
478	135
493	231
398	294
414	156
92	18
392	445
102	486
102	288
490	464
154	10
220	278
44	348
371	312
269	209
74	100
172	248
31	504
381	350
371	44
102	132
78	154
135	291
82	405
279	252
371	269
44	135
220	442
283	24
274	72
450	177
307	425
283	210
210	497
371	4
18	21
136	464
493	73
172	336
493	336
318	257
493	459
226	363
154	248
424	220
126	31
493	334
459	417
154	385
466	73
424	373
493	424
10	277
78	234
262	136
347	74
283	414
493	172
102	135
78	91
190	160
92	328
493	478
371	191
206	44
200	414
405	392
60	10
394	193
369	91
424	122
220	31
493	410
493	480
180	478
203	98
325	163
82	57
442	163
424	308
54	252
257	464
38	252
283	30
180	79
307	234
338	113
73	10
493	220
92	34
78	294
459	191
273	125
459	38
405	200
371	269
269	191
38	302
481	31
12	23
307	362
493	191
135	336
78	39
102	294
274	6
102	247
493	78
220	146
74	175
459	31
473	111
78	442
493	381
464	397
405	155
78	481
269	442
436	349
459	135
92	245
493	102
459	197
459	135
320	197
116	408
78	252
78	187
493	320
210	200
459	140
493	371
457	316
493	285
72	98
73	392
454	85
493	388
26	336
493	116
459	266
269	437
493	444
410	180
172	279
493	493
38	219
307	136
307	431
74	448
38	269
361	398
493	459
414	436
78	170
320	347
152	91
424	58
188	135
116	478
405	247
116	448
60	302
339	10
180	17
490	44
493	310
493	172
307	161
262	414
269	19
493	51
172	464
262	442
424	433
269	33
255	296
238	307
410	417
31	509
352	249
279	206
172	307
493	493
248	249
302	91
307	254
398	249
172	442
493	408
238	234
473	135
175	241
172	234
166	403
493	71
283	271
493	438
378	252
203	492
361	310
371	443
78	410
493	53
414	135
119	392
405	64
459	442
126	197
493	361
493	136
283	352
307	302
307	405
244	135
493	197
307	135
78	97
493	244
424	373
10	425
220	135
220	131
220	135
279	241
154	234
12	269
422	44
493	279
97	221
493	210
172	111
44	135
92	100
116	448
493	307
493	391
269	32
172	22
172	100
78	179
220	203
459	38
493	307
136	294
371	405
78	88
116	60
44	252
187	431
409	436
493	269
405	490
371	92
310	241
371	500
38	462
206	252
401	442
172	365
38	88
220	10
71	207
262	169
493	392
493	464
102	33
493	459
172	102
410	44
493	307
486	80
424	20
442	321
398	478
210	203
459	410
170	392
66	191
132	447
283	334
96	431
371	274
371	252
307	135
274	94
12	495
459	464
493	151
459	269
330	107
371	358
405	135
135	376
178	260
210	269
187	375
459	450
347	212
154	146
307	244
493	80
279	473
38	116
459	4
493	294
443	154
282	135
269	336
371	274
307	113
374	448
312	274
493	365
459	220
493	180
210	116
283	425
269	432
172	53
135	336
378	24
12	244
290	297
78	60
166	276
461	225
442	135
206	278
493	44
381	422
371	269
269	369
4	334
443	74
269	64
493	504
269	154
269	248
493	414
234	81
220	442
188	464
381	328
493	352
283	135
10	288
234	442
478	135
493	490
480	468
146	151
371	279
92	72
347	180
74	200
493	347
54	241
493	368
307	93
44	216
220	475
478	431
486	414
305	356
93	43
424	307
424	337
307	191
405	72
371	424
206	478
478	412
227	167
180	369
78	358
371	172
493	442
493	388
78	179
493	92
446	348
269	219
269	478
210	212
102	82
493	111
493	10
153	135
368	425
493	38
459	279
371	132
493	143
269	334
210	490
381	10
378	23
459	180
12	288
459	73
74	137
172	470
4	274
459	135
252	448
74	10
339	17
102	165
172	436
459	163
210	442
220	136
247	31
279	135
18	442
100	135
459	321
172	361
307	269
172	53
38	91
371	14
497	310
430	197
405	234
361	279
493	320
307	98
254	354
220	59
422	253
188	34
276	327
78	220
320	307
414	225
347	464
135	135
73	425
454	414
269	422
154	248
493	346
44	127
307	187
371	497
312	44
154	473
210	154
220	473
78	394
26	136
424	325
187	141
234	392
172	209
493	312
443	38
493	78
116	60
248	107
154	248
102	388
310	203
38	402
459	180
371	208
417	504
371	386
422	301
454	442
200	191
307	135
210	10
71	214
178	248
442	100
273	464
38	269
102	316
466	388
459	91
102	135
44	321
493	220
44	294
172	10
244	444
135	419
493	91
279	71
371	279
318	468
172	392
459	269
473	442
220	336
493	312
320	225
405	31
238	443
493	17
172	246
254	425
142	146
269	313
172	375
459	92
378	111
430	274
64	336
220	274
146	180
471	91
405	146
116	470
222	331
302	101
493	150
264	91
92	490
78	248
295	165
493	61
26	264
4	44
493	274
60	248
44	316
66	352
257	64
269	352
78	347
371	278
430	286
279	203
347	135
269	32
493	464
371	44
44	464
493	307
172	269
262	179
220	431
459	339
132	151
493	307
350	500
493	200
480	450
493	146
308	336
198	264
279	248
493	166
410	297
307	135
220	191
493	17
347	188
269	200
78	102
92	154
44	414
92	220
444	312
78	71
283	473
248	100
361	194
405	407
493	279
255	31
10	321
38	279
78	269
269	454
493	427
338	274
269	44
493	191
424	288
493	478
17	467
320	348
102	388
38	344
422	9
283	102
4	294
493	91
307	279
198	381
493	424
220	74
172	478
172	478
359	220
307	294
493	44
187	162
78	294
78	53
493	269
172	223
269	405
116	220
459	18
244	73
371	44
44	71
44	31
172	269
114	3
52	392
339	347
378	470
371	269
371	1
459	44
220	191
493	392
116	74
459	310
220	442
179	32
44	241
180	135
269	401
313	431
307	269
220	197
12	294
371	135
493	481
188	209
215	255
294	316
220	481
371	3
459	459
279	220
283	237
493	279
44	414
172	43
347	385
424	414
7	362
220	414
361	51
430	44
405	392
4	200
493	307
172	473
78	269
493	200
443	276
493	490
493	78
493	72
269	60
493	307
361	111
60	72
269	43
180	191
78	10
371	58
172	414
493	170
122	10
493	63
371	191
78	442
38	179
135	274
414	24
493	122
368	401
473	31
172	12
459	31
234	191
493	294
78	234
12	198
78	111
378	448
371	433
473	135
44	388
307	105
273	352
210	269
371	283
493	414
405	248
102	203
172	410
91	174
66	388
274	464
136	212
493	78
361	135
66	248
170	245
459	378
371	312
78	480
91	113
78	116
371	135
283	269
220	85
116	191
220	336
347	252
135	348
497	329
493	161
116	31
430	269
422	504
135	316
497	44
88	346
373	135
269	135
254	44
480	180
381	478
356	99
210	66
92	481
78	135
102	392
112	81
66	163
34	180
102	220
442	504
191	288
74	328
172	220
414	255
92	398
493	248
234	445
294	288
191	245
493	307
459	401
493	264
430	405
154	220
493	135
459	422
425	336
78	352
88	375
74	10
66	204
38	294
191	165
18	486
493	146
26	98
459	10
234	191
486	191
493	180
153	352
220	310
352	280
154	197
172	154
283	170
154	4
210	180
78	255
361	73
269	431
234	248
307	348
302	356
44	136
493	307
307	276
172	276
19	464
450	135
210	269
381	282
473	504
283	269
493	378
493	220
310	222
172	44
371	262
493	170
78	464
459	180
146	31
347	504
459	38
493	26
493	420
493	490
172	320
269	367
473	197
405	107
490	64
161	208
459	91
361	32
480	401
371	371
172	376
215	135
493	361
493	161
283	405
493	172
493	172
347	251
459	153
262	442
462	464
430	220
12	197
234	353
262	135
414	3
493	493
170	3
347	378
184	348
363	111
220	262
497	372
361	478
493	493
172	490
493	74
480	220
142	302
91	336
12	241
92	17
493	172
368	31
459	459
78	92
234	434
478	253
459	92
422	239
78	227
82	10
269	403
371	403
92	321
60	246
4	121
422	20
122	225
78	26
493	31
297	257
493	371
4	135
71	91
283	307
283	54
414	352
442	464
442	252
414	464
371	92
459	388
312	151
361	276
493	477
422	252
217	278
493	180
170	151
188	74
269	276
493	18
297	412
150	348
279	248
154	32
80	115
425	191
424	431
371	172
157	222
297	248
371	334
476	336
248	151
220	352
493	352
330	321
485	478
493	345
219	237
172	459
424	172
12	378
493	23
248	468
248	141
358	281
78	111
111	392
269	111
102	154
382	241
310	249
248	32
371	146
92	442
220	219
102	378
262	73
493	405
188	454
443	116
31	186
329	137
336	53
78	215
254	464
92	66
480	279
347	473
459	269
371	442
493	328
493	307
73	504
210	180
82	160
371	220
371	269
493	151
493	473
381	203
283	146
151	23
231	392
279	241
493	111
146	348
10	431
493	108
74	111
294	64
92	378
325	111
10	191
283	116
459	461
210	52
493	371
493	425
424	231
220	438
288	113
92	135
92	116
471	155
146	481
188	15
459	294
493	459
74	225
82	198
12	122
269	401
459	378
371	64
307	220
172	12
493	172
307	166
371	495
172	276
269	372
255	28
459	478
146	31
44	33
187	137
243	252
371	296
78	220
273	44
497	135
44	464
381	91
78	402
200	367
493	371
136	255
283	269
493	60
135	375
136	294
368	414
274	407
493	264
172	378
307	244
493	307
493	180
493	269
486	146
78	433
88	362
166	336
493	283
220	31
206	74
459	392
231	3
78	283
473	422
279	279
493	78
493	493
172	486
466	316
256	44
66	336
78	96
459	431
93	135
339	135
269	15
283	404
260	225
480	135
283	347
269	262
493	12
248	302
450	91
493	442
493	307
269	146
424	197
478	135
78	478
78	78
320	220
368	231
264	468
302	245
220	74
220	473
473	44
244	269
116	220
154	473
493	116
493	269
172	478
210	125
257	337
307	31
371	245
255	336
172	92
307	111
401	478
493	386
101	46
371	74
371	34
269	248
493	493
473	378
493	307
371	231
459	478
206	490
347	101
459	459
459	91
172	135
243	91
389	402
238	269
135	31
493	172
473	310
459	137
126	140
78	91
493	361
78	172
493	153
493	381
361	74
493	473
493	60
493	197
220	231
414	252
172	307
172	141
180	239
269	253
493	478
473	91
288	23
480	332
92	475
378	31
172	44
424	364
188	310
234	135
473	187
279	270
170	44
102	116
26	166
371	122
493	135
234	113
401	24
74	44
210	277
493	378
312	119
473	44
122	336
493	238
10	165
338	348
269	464
82	5
414	294
78	445
215	274
459	464
371	114
12	191
450	191
347	442
459	278
12	154
220	255
18	220
102	434
473	300
283	375
172	73
493	160
180	420
430	18
172	188
294	431
493	314
7	32
206	275
371	172
180	135
381	276
386	135
172	74
454	316
444	269
307	247
274	91
381	422
234	169
371	148
26	362
111	83
44	478
374	31
220	401
172	180
78	141
274	292
493	44
78	473
18	165
273	73
74	461
132	234
493	422
459	255
371	153
307	244
486	170
294	476
172	473
238	146
381	135
371	248
49	220
220	325
172	92
210	473
187	442
136	135
220	472
38	487
459	220
493	269
12	38
307	185
297	470
459	44
269	34
386	72
135	300
307	414
146	261
12	220
220	225
320	28
187	77
493	51
71	392
38	509
4	200
92	169
371	111
424	64
172	356
154	356
44	55
172	374
442	225
371	486
493	500
210	144
493	273
269	405
78	370
78	135
459	459
339	44
172	305
100	157
18	60
310	431
422	191
269	137
234	378
78	490
493	135
493	78
493	283
283	459
405	497
454	402
361	500
220	478
135	91
342	276
294	91
108	64
78	424
493	261
371	368
433	113
100	191
493	466
269	315
180	79
73	111
450	302
433	200
274	464
493	172
433	248
493	136
371	231
166	249
24	370
459	180
493	436
493	220
493	102
358	250
493	378
321	225
493	82
493	32
100	17
135	348
493	473
238	422
459	92
493	464
172	466
464	91
459	146
459	248
493	140
371	307
493	146
422	10
78	146
312	425
82	269
116	177
78	283
10	237
471	425
320	111
444	91
335	73
459	374
269	422
244	43
220	98
78	416
234	288
255	241
388	165
316	91
180	302
172	392
274	352
234	166
493	255
210	405
126	44
442	135
493	32
24	352
198	140
238	473
422	407
279	37
136	163
402	336
493	279
417	151
78	111
493	38
493	92
493	125
135	111
459	325
132	220
424	347
172	12
78	486
78	121
60	170
493	175
172	459
312	414
269	436
78	107
493	397
78	309
320	220
493	442
78	18
116	234
78	378
135	182
78	60
348	72
493	336
361	210
78	236
394	328
493	493
493	102
10	231
172	307
493	493
493	487
92	297
410	461
4	318
78	405
442	252
307	146
347	31
466	98
78	203
283	154
381	328
172	279
493	424
154	17
371	362
493	78
172	459
172	294
220	447
172	135
274	336
78	478
10	277
44	426
44	107
60	72
459	425
493	78
371	135
172	347
381	294
78	78
310	308
493	135
283	113
172	433
363	44
269	34
132	1
122	294
347	241
92	44
493	459
44	487
78	422
424	459
206	74
146	388
493	361
497	111
269	111
38	464
220	171
78	234
269	454
368	386
371	367
307	100
172	336
442	111
172	257
424	442
220	135
493	126
401	135
473	39
493	116
371	136
493	274
381	422
307	262
493	459
10	135
424	459
60	220
307	310
116	268
126	241
362	356
88	180
283	361
269	57
274	191
473	166
493	44
381	362
371	269
371	47
462	65
443	269
450	219
220	464
191	356
392	271
371	310
371	392
493	493
220	146
154	464
78	234
381	10
91	285
172	347
339	392
347	264
92	307
132	180
78	60
371	373
493	493
43	392
307	334
493	64
454	325
210	135
269	328
459	210
459	378
371	73
493	321
459	135
433	294
493	91
493	92
307	476
493	307
269	325
320	297
459	378
78	478
459	116
38	208
405	388
283	478
60	481
90	125
74	160
274	372
82	234
307	414
493	60
269	17
430	422
424	146
122	450
88	135
172	135
473	264
378	135
78	220
238	136
44	478
493	85
78	44
422	200
401	264
154	4
307	291
414	252
371	378
371	220
220	100
307	44
381	255
338	179
172	361
269	217
10	111
307	31
283	378
493	31
274	224
414	41
44	274
234	72
78	476
297	135
307	135
371	448
371	307
66	412
510	191
410	504
424	477
136	436
172	64
371	346
493	276
312	294
414	264
307	220
269	294
12	430
269	31
347	122
269	205
135	111
154	414
443	495
78	208
493	146
371	191
78	100
374	203
493	294
44	31
206	225
405	271
339	464
92	31
116	478
493	493
493	436
307	347
307	403
82	44
269	19
493	307
172	146
493	269
369	31
493	431
414	392
116	269
274	91
88	169
381	241
206	431
135	91
312	15
493	111
493	307
493	307
102	269
493	424
307	316
493	135
78	219
378	191
493	32
294	428
486	434
330	225
371	220
473	464
70	316
493	98
274	288
220	146
371	172
154	44
361	437
172	213
234	91
368	44
497	31
92	279
493	38
405	160
210	26
480	269
381	44
493	191
172	501
219	504
305	348
371	74
44	237
454	85
493	3
78	132
459	478
234	237
73	231
493	38
44	91
220	352
66	8
78	3
493	405
78	121
18	336
220	10
464	336
493	493
154	168
154	200
154	478
493	220
470	278
12	220
493	459
493	151
269	180
136	274
459	297
459	473
135	436
424	336
78	111
493	78
493	313
361	31
132	34
172	490
108	354
269	344
478	288
493	85
22	191
154	316
459	220
495	177
220	64
172	495
493	172
493	459
493	38
473	47
414	169
172	294
493	274
154	431
10	257
371	504
102	10
116	336
54	91
493	31
371	466
234	414
269	220
102	203
102	279
459	269
92	31
493	80
172	269
378	298
361	77
172	45
302	135
493	122
122	122
234	454
283	442
96	23
459	297
398	432
78	431
238	307
220	227
187	111
371	70
269	122
92	414
264	453
378	392
220	450
493	371
473	403
60	334
269	206
74	239
329	91
381	122
493	220
361	135
64	191
269	331
422	31
38	132
78	269
220	231
368	31
493	493
26	335
220	248
480	414
371	495
462	294
78	274
26	352
78	116
371	255
493	459
371	135
239	8
269	34
92	361
307	220
398	135
359	44
405	180
493	269
381	348
493	371
78	225
493	348
279	34
210	269
493	92
493	135
371	436
172	361
172	361
154	44
44	334
154	60
256	336
102	219
44	44
307	478
361	234
12	269
493	18
269	462
60	115
493	448
459	44
136	177
307	96
78	294
493	269
493	371
493	245
78	298
433	234
146	135
12	200
82	344
493	92
493	323
459	102
238	92
34	264
38	85
459	92
493	269
132	248
154	234
238	347
493	166
493	244
122	44
44	7
146	461
320	203
269	334
34	44
209	280
12	146
34	71
361	44
210	494
422	401
269	348
248	151
480	316
480	274
347	464
424	332
172	44
210	10
371	320
307	442
347	437
44	298
371	102
493	153
146	136
60	334
371	190
172	459
336	1
4	241
172	10
210	135
334	369
180	442
294	31
88	353
102	381
368	31
116	244
220	378
180	504
459	165
60	381
78	478
279	486
92	44
493	318
371	262
220	336
198	31
371	407
135	32
493	334
424	424
307	32
269	154
269	111
4	10
34	476
78	74
493	464
44	203
442	442
188	91
493	459
172	44
493	336
493	172
18	417
493	78
361	163
74	325
318	3
442	274
180	388
424	459
367	121
188	44
102	135
361	135
78	73
60	288
493	74
74	490
382	252
294	191
294	152
307	225
92	305
361	220
362	280
294	504
188	473
78	347
443	405
405	486
459	38
283	23
38	220
307	29
78	371
172	60
454	39
154	24
44	464
307	422
172	177
459	414
371	157
486	234
493	234
493	151
266	73
78	107
381	31
493	135
443	490
102	38
264	336
361	430
493	381
471	39
493	172
312	146
490	274
493	425
307	269
493	180
220	414
493	433
307	20
307	182
149	397
493	381
339	276
493	12
122	276
478	47
459	39
269	414
459	60
371	220
405	10
78	257
473	80
262	464
166	346
283	135
172	320
493	172
424	448
102	454
215	304
92	307
146	248
410	60
172	363
279	471
405	51
74	180
269	149
394	378
279	44
220	44
424	361
269	111
459	92
493	374
493	410
44	10
425	135
459	188
44	73
493	371
78	234
154	24
454	464
172	73
493	198
493	116
154	227
269	66
74	416
10	124
371	172
38	464
493	146
459	141
146	135
493	44
405	187
371	135
288	1
12	212
12	220
220	288
206	74
371	81
269	468
478	431
307	227
172	487
493	359
359	416
220	464
493	244
154	294
248	492
78	307
493	172
154	417
269	347
79	194
116	433
312	436
179	24
320	252
493	361
381	188
220	1
442	500
248	222
4	271
493	336
44	133
102	44
450	431
78	92
470	129
361	269
243	231
361	210
208	402
493	248
493	294
329	375
361	347
348	448
325	10
478	163
424	241
493	210
30	448
459	407
153	93
493	169
358	7
66	144
410	135
473	392
132	352
163	253
414	135
220	79
220	425
307	28
442	370
361	17
44	344
78	459
316	32
307	316
78	358
78	336
135	476
307	151
220	69
238	44
269	405
74	135
286	478
493	361
398	271
405	234
269	352
78	31
78	269
269	66
102	464
238	60
316	140
493	38
424	416
26	478
135	402
60	414
424	172
459	224
347	220
361	433
493	486
371	92
450	392
371	135
361	154
269	219
478	111
480	53
294	135
154	248
371	473
464	191
459	38
459	428
135	435
493	386
371	269
486	26
43	157
172	206
78	234
92	352
381	356
493	381
102	38
493	371
459	294
493	386
480	64
493	427
102	269
473	397
312	500
307	57
361	392
283	325
493	38
493	220
493	442
231	334
78	135
493	493
361	101
312	334
220	356
154	252
307	220
234	200
247	135
381	222
269	111
26	135
493	464
172	44
210	44
493	220
493	10
115	52
493	490
371	111
78	436
347	44
175	274
274	31
220	412
192	44
420	299
493	371
424	339
422	80
371	171
493	10
307	60
210	392
417	135
92	286
371	459
493	208
78	307
78	307
493	44
12	260
198	280
313	48
14	336
362	252
60	191
493	459
172	361
78	480
307	149
371	408
490	135
422	31
49	135
44	247
20	274
312	392
10	25
269	294
246	165
172	91
478	255
154	113
493	454
71	392
244	431
334	352
493	172
170	448
378	435
180	386
279	180
24	149
172	473
116	9
266	288
361	269
220	191
172	381
459	436
307	44
154	141
220	234
437	257
459	470
377	169
361	180
60	362
493	493
307	180
471	414
459	320
347	401
282	241
493	12
493	63
279	166
78	18
66	378
248	348
78	459
378	203
74	241
493	269
307	136
307	44
410	10
378	197
180	500
283	269
92	74
361	268
302	119
473	432
262	392
378	336
78	392
240	402
320	1
283	166
269	473
279	151
473	334
279	405
172	302
398	234
279	273
60	248
287	276
310	44
172	220
269	414
398	220
231	442
361	220
220	316
210	31
220	352
269	258
493	307
269	74
78	336
493	102
493	288
493	405
180	436
371	448
188	468
493	285
307	154
493	188
172	154
283	431
206	386
414	53
422	136
459	135
347	157
269	4
154	81
307	279
307	191
78	424
493	112
154	191
283	459
269	151
493	31
132	290
279	294
44	135
493	41
220	255
493	493
154	436
111	237
405	431
78	269
269	241
371	151
246	478
12	227
198	494
172	220
269	154
154	388
347	44
493	320
318	88
220	334
493	348
510	32
82	316
459	207
12	64
464	260
371	269
116	347
493	220
12	187
17	83
347	135
459	478
24	135
269	497
38	310
493	254
266	203
108	180
227	91
220	402
44	319
180	225
102	234
78	116
493	74
307	280
506	105
493	352
255	64
398	135
238	91
244	111
371	64
198	248
504	356
430	436
172	208
269	135
471	378
310	66
493	473
234	364
172	459
23	225
493	191
459	220
44	191
12	200
321	81
473	297
307	392
102	397
279	378
220	336
493	105
73	129
371	237
92	248
172	459
459	392
172	135
78	459
321	392
269	17
422	294
44	125
371	44
24	352
410	498
102	434
493	307
450	336
424	464
132	473
493	269
234	501
283	227
493	54
361	200
172	31
493	445
307	478
480	414
493	31
172	191
459	154
12	88
330	44
414	464
493	78
493	57
102	310
493	135
493	172
283	32
493	24
493	378
371	116
493	111
82	154
154	100
283	60
172	44
325	17
44	8
307	231
273	213
151	376
220	135
320	490
172	226
347	334
410	274
493	279
425	113
339	44
206	328
424	92
92	405
393	135
74	442
146	248
220	44
493	78
154	316
279	135
493	60
191	245
480	135
238	24
493	172
12	473
493	182
172	191
339	132
78	461
493	220
438	255
44	378
307	113
220	32
226	241
220	170
52	91
493	135
78	352
310	274
269	316
497	297
307	325
78	422
459	294
430	381
371	405
493	220
234	135
92	60
135	135
493	459
334	135
269	136
307	203
283	210
172	231
220	276
493	493
378	135
72	197
493	371
381	504
172	269
493	220
381	414
78	422
493	44
493	405
220	331
493	44
92	269
262	349
371	188
347	200
493	82
493	44
493	74
371	220
78	165
172	161
74	500
385	401
484	352
371	251
24	111
371	307
210	255
493	279
14	497
459	60
269	450
493	10
493	248
362	135
361	169
172	464
381	191
297	192
424	135
220	468
493	430
294	464
459	206
92	146
38	302
4	243
116	66
493	102
328	448
294	135
493	443
486	31
12	276
493	336
279	464
493	172
146	64
269	348
269	54
38	279
180	336
12	414
307	135
320	300
493	119
12	32
459	64
116	429
493	220
371	459
220	464
154	179
371	172
493	490
78	377
44	111
444	154
486	165
71	96
78	361
154	91
493	473
146	157
210	10
493	248
78	234
459	209
493	85
473	135
172	210
493	336
381	305
424	307
493	269
257	203
234	392
307	135
442	500
12	478
220	187
172	180
135	456
269	74
480	248
371	288
248	348
493	417
493	392
307	251
339	135
135	135
91	177
478	135
210	481
12	486
100	356
220	44
210	425
44	378
473	17
151	135
493	78
381	416
307	464
459	26
283	166
410	146
371	325
493	371
154	220
347	381
102	107
38	10
401	388
44	24
210	375
459	459
388	407
151	32
493	220
191	392
307	381
472	328
486	294
480	163
459	467
12	248
459	302
493	92
459	248
172	177
307	42
10	504
244	464
316	397
172	44
493	490
269	294
493	85
478	442
31	445
38	362
493	473
405	146
414	425
363	31
361	274
493	172
307	430
493	135
172	135
328	349
307	44
172	135
146	23
283	442
92	213
206	260
116	135
493	163
82	184
424	30
361	74
493	44
78	44
371	172
234	278
493	500
361	464
371	234
73	72
180	72
234	257
269	31
220	261
210	430
307	38
493	135
188	44
220	310
238	414
493	424
206	278
78	73
493	359
234	44
269	170
210	209
405	165
199	257
410	312
381	412
321	470
262	500
269	431
470	48
493	464
493	38
313	191
459	248
12	225
73	76
424	408
371	26
78	376
443	410
493	397
307	473
180	316
172	12
422	136
316	197
78	307
18	274
493	493
78	392
459	220
234	98
339	235
220	88
459	220
78	269
493	207
371	473
279	401
302	328
371	191
493	135
78	172
371	443
219	316
459	451
493	264
361	133
210	352
188	96
378	442
269	122
92	154
493	92
78	297
405	398
44	316
210	119
180	358
307	328
493	283
307	422
44	388
414	191
410	154
493	109
371	336
102	108
191	332
307	166
78	481
493	135
493	307
180	135
493	310
44	383
234	225
493	297
493	316
279	191
473	263
493	374
459	422
371	66
12	44
493	146
493	473
102	135
220	358
12	225
371	371
307	44
44	255
459	154
82	140
490	31
172	220
152	167
274	435
442	294
371	206
254	362
320	397
381	417
493	392
459	442
165	45
44	274
454	265
307	405
369	336
493	480
378	100
66	10
210	220
60	31
405	344
359	294
17	197
493	498
424	466
493	347
307	490
38	166
174	165
473	392
307	445
191	237
307	269
44	378
102	154
459	210
172	100
234	32
172	102
92	268
210	252
459	381
172	203
269	294
493	269
405	113
381	180
279	305
385	422
269	321
172	279
261	504
269	321
44	44
459	348
231	141
26	390
493	271
18	126
172	381
18	269
78	355
493	459
154	44
78	92
405	256
66	252
371	74
78	356
172	108
378	31
269	442
493	135
31	197
172	91
269	44
493	371
493	78
493	424
191	336
493	464
459	352
318	234
493	220
170	248
210	217
493	307
493	135
371	220
78	335
74	316
78	361
307	91
493	385
210	274
44	135
74	31
371	464
279	381
4	0
102	445
459	307
172	135
405	136
227	392
405	220
325	252
206	248
79	64
339	442
44	412
188	31
269	94
269	4
405	60
146	140
12	135
347	378
417	356
283	92
4	336
74	191
493	74
468	113
307	478
157	197
473	417
371	172
26	220
92	153
361	442
442	300
371	371
172	133
493	248
493	504
210	486
371	398
135	52
424	269
288	372
209	294
78	347
371	154
493	283
493	78
78	105
44	397
504	197
209	304
210	31
60	81
405	243
368	481
172	388
486	422
493	269
459	307
172	136
361	297
471	473
473	72
269	414
44	392
266	378
493	92
310	436
172	177
18	220
307	44
135	431
150	30
180	83
473	135
12	319
493	78
307	408
210	325
385	408
172	269
220	169
88	274
442	252
424	273
92	154
493	436
269	170
324	500
166	44
34	208
180	191
295	169
361	38
210	220
92	422
493	135
38	44
92	381
493	274
371	206
307	217
478	91
220	266
480	476
450	414
172	511
493	82
234	203
312	476
172	294
493	480
307	146
116	135
269	24
501	80
249	436
414	135
180	498
459	135
307	220
371	252
493	497
38	135
493	60
410	44
210	473
493	135
172	10
371	371
294	31
478	137
493	126
307	279
493	348
371	381
172	434
459	187
476	336
307	498
371	44
92	10
116	294
111	402
493	283
459	38
58	135
200	91
78	188
493	135
459	269
34	191
295	220
172	271
493	92
172	146
359	269
493	388
146	160
442	113
262	470
493	428
493	294
60	316
44	64
146	310
307	241
166	392
348	105
78	294
371	307
493	336
459	210
422	509
283	269
493	92
78	478
44	98
459	52
210	116
339	136
493	180
424	392
320	392
422	274
430	180
371	12
283	420
493	286
493	493
161	137
220	179
262	44
78	234
371	279
297	255
16	435
146	187
220	336
361	269
493	44
493	102
102	220
238	203
44	253
44	121
405	490
493	247
459	98
493	494
424	136
368	44
146	71
473	44
381	200
146	414
424	279
78	383
459	83
493	136
500	504
172	473
71	388
38	321
220	146
220	375
60	442
220	200
371	180
12	334
248	426
493	352
92	135
347	66
220	334
493	74
269	60
321	72
371	135
279	135
92	31
172	116
493	459
459	135
470	197
135	57
238	274
307	274
78	44
459	338
132	10
307	294
424	442
66	478
405	362
170	10
10	276
398	113
307	210
269	501
493	307
371	425
493	198
269	44
74	378
478	10
220	448
170	464
371	307
459	269
474	402
294	388
381	399
493	478
493	330
493	486
459	269
172	180
78	10
493	381
102	320
371	200
60	268
302	436
424	44
478	425
66	200
143	276
78	46
493	141
59	31
493	493
371	168
459	44
493	361
362	111
38	135
318	54
493	221
220	111
44	241
172	20
172	478
269	473
493	136
210	237
116	257
38	378
166	91
493	459
116	98
510	422
234	372
493	200
424	172
493	180
310	91
493	494
248	135
238	347
31	431
44	431
78	102
172	459
493	373
493	269
172	52
371	356
172	220
493	494
371	10
459	269
78	91
172	405
78	269
12	361
172	187
361	506
493	23
436	17
307	490
486	208
102	274
44	44
424	378
269	135
493	78
459	136
78	459
493	165
269	481
307	279
220	481
371	347
78	283
172	60
78	44
363	153
92	381
248	191
191	336
493	459
470	300
493	238
497	261
493	38
371	294
473	135
78	269
493	220
282	168
294	362
371	172
417	205
478	111
371	180
279	312
154	470
172	73
493	378
12	166
154	135
371	54
307	135
111	225
12	442
493	381
172	3
295	44
347	24
54	508
134	28
269	135
371	470
163	383
342	135
410	269
161	180
66	474
443	394
473	91
44	448
493	371
172	220
493	60
493	10
443	392
493	463
381	393
363	71
234	442
269	269
459	210
279	269
12	220
220	427
442	91
269	500
459	135
493	269
459	240
26	464
378	336
78	187
459	269
371	459
102	82
398	146
459	31
12	241
403	464
38	269
78	336
320	486
70	180
310	403
44	31
493	269
493	179
459	334
294	225
269	44
78	459
321	91
459	450
269	331
424	501
78	73
493	220
172	96
200	149
493	279
307	328
371	371
12	361
493	52
459	135
498	135
166	39
78	248
172	269
307	473
493	493
371	486
60	257
403	191
172	63
78	78
279	312
378	57
320	386
220	64
238	500
54	356
493	509
307	71
38	71
248	31
172	154
493	71
307	180
26	392
276	17
459	220
92	73
248	504
339	220
422	135
188	44
442	392
403	135
92	381
433	260
248	219
493	307
424	102
220	462
493	459
371	31
132	274
78	200
44	105
254	425
170	464
220	434
220	336
473	74
172	459
146	53
220	401
244	146
307	1
44	72
307	91
78	398
102	269
78	78
32	427
339	477
371	141
493	478
172	151
102	187
220	66
410	191
219	352
170	274
493	414
459	135
116	394
493	151
493	410
368	369
371	297
493	443
392	445
210	31
307	198
269	398
459	373
66	264
493	154
12	279
493	10
381	219
493	170
269	200
135	278
279	135
34	274
92	3
302	135
459	220
269	154
78	269
473	180
100	362
371	459
371	310
493	203
493	10
74	464
82	191
274	327
255	274
307	18
493	247
269	146
473	191
459	241
493	116
493	493
12	203
493	74
493	75
371	71
424	372
220	31
371	288
279	286
187	294
493	392
490	500
60	135
378	225
361	348
433	234
78	102
422	28
493	430
470	157
493	266
493	79
457	442
64	169
146	91
116	330
269	23
220	135
135	193
425	157
371	220
481	474
459	48
172	234
371	288
279	28
493	135
172	220
493	307
459	310
459	361
220	414
497	180
378	135
307	312
115	416
78	73
154	135
294	352
307	442
493	310
371	371
188	97
371	371
398	26
493	290
269	60
78	78
74	91
92	347
493	172
160	436
116	274
269	142
493	170
143	464
493	234
307	116
493	135
371	495
283	31
102	135
172	244
348	91
187	135
307	304
398	166
398	206
172	392
493	31
60	135
493	320
424	44
78	234
100	91
410	23
422	464
493	493
493	459
424	64
493	414
172	473
493	459
493	248
74	481
371	73
312	180
493	60
269	414
371	111
44	187
60	64
78	193
3	251
269	503
454	302
44	500
283	269
371	347
493	456
493	459
78	10
493	279
269	347
60	220
220	71
172	225
102	91
172	234
111	8
454	110
88	302
219	294
443	334
277	214
269	135
88	294
493	283
82	225
493	135
210	454
318	286
459	262
454	461
473	135
459	187
473	135
172	170
60	14
31	191
135	336
78	269
493	220
172	392
210	225
444	13
493	336
188	454
151	481
102	198
269	336
459	356
459	397
405	88
371	434
493	92
172	448
405	146
420	336
307	464
307	210
279	438
132	368
92	136
493	294
72	278
14	166
220	44
493	371
307	64
151	65
424	197
172	111
154	362
307	197
12	188
248	414
283	307
116	336
32	445
180	378
102	44
210	381
10	10
493	369
493	4
269	334
425	274
92	417
100	388
132	31
307	180
424	422
371	283
371	417
361	180
135	135
339	392
362	397
473	72
116	31
191	367
371	497
430	408
17	225
269	135
371	336
269	327
320	224
60	225
269	220
493	78
238	307
424	146
307	414
307	140
433	274
493	307
210	113
493	219
398	274
307	476
78	371
307	91
493	361
238	392
352	203
493	445
269	356
286	319
231	135
493	220
135	109
116	494
321	334
44	17
493	493
424	220
486	10
454	266
44	477
493	295
493	478
371	44
347	205
210	220
38	414
135	264
151	472
493	449
454	146
459	210
493	140
234	197
424	454
187	23
493	66
220	180
424	132
12	454
459	17
493	371
172	405
381	422
493	172
363	274
361	279
403	294
493	60
191	392
493	3
371	307
493	392
371	336
374	274
493	459
493	165
422	135
78	135
78	166
307	153
78	307
459	252
493	493
10	91
405	248
172	151
283	352
44	425
198	170
307	60
493	74
493	470
405	188
92	234
371	122
312	436
102	136
459	386
371	283
432	225
44	247
198	336
454	249
424	210
359	135
116	257
172	153
490	392
361	71
279	269
78	197
493	172
172	54
493	371
493	508
443	269
493	336
307	31
307	135
210	220
234	442
72	17
238	180
422	408
320	210
220	74
78	116
44	247
78	307
78	422
459	361
374	392
307	17
307	435
510	152
464	111
493	319
3	504
92	425
269	135
493	388
238	24
172	257
459	154
493	136
398	146
264	316
493	132
44	223
102	44
82	249
172	220
172	92
170	336
307	414
283	294
269	31
154	460
248	208
371	191
12	464
410	206
334	91
74	470
464	28
135	500
493	422
294	316
44	165
493	135
269	72
269	442
172	111
44	392
480	450
172	191
238	279
493	92
493	414
371	422
493	135
493	297
493	473
443	14
82	31
24	274
493	459
220	470
172	497
493	279
443	44
180	199
172	459
493	18
78	269
347	273
493	34
116	286
74	203
425	135
102	210
78	371
269	302
172	500
307	44
320	307
361	348
374	294
410	234
12	269
244	381
74	24
433	288
307	433
154	342
172	445
371	206
493	464
493	464
493	422
493	60
269	26
493	26
269	302
279	473
493	342
459	73
493	316
459	442
122	66
424	134
307	444
427	503
152	253
424	60
414	274
294	225
493	170
116	25
361	220
269	241
92	260
269	276
269	274
347	10
44	356
442	403
73	135
493	456
378	392
199	164
269	295
371	172
38	367
493	459
52	1
361	54
371	419
493	422
12	111
153	392
470	431
146	193
466	286
488	224
493	227
172	135
38	392
442	408
478	442
401	111
493	453
238	279
92	262
78	276
362	354
198	319
493	276
172	473
320	220
424	294
44	135
44	299
283	269
497	135
459	38
135	111
459	165
424	414
248	257
179	135
493	269
459	307
193	431
364	294
60	31
116	108
269	80
102	18
7	392
478	136
442	274
371	388
172	283
18	276
269	266
307	10
198	140
255	392
269	497
266	504
371	146
238	180
454	316
493	279
220	44
32	372
307	336
269	220
473	155
493	478
414	64
493	91
91	436
431	245
172	234
394	191
493	92
392	245
92	484
430	398
422	302
172	10
279	165
307	122
325	187
480	302
82	274
210	220
459	459
493	210
143	500
497	248
459	135
307	226
381	431
493	307
371	220
361	220
78	100
408	64
154	486
493	371
248	328
405	464
180	44
154	220
307	220
255	191
307	38
493	255
172	92
92	450
26	454
12	336
307	388
493	136
361	442
172	135
325	225
244	44
122	348
459	352
493	237
172	294
388	177
234	448
78	480
12	221
486	294
154	248
44	195
493	72
382	498
493	442
493	135
210	234
371	274
405	356
443	116
78	452
323	349
405	485
307	276
347	136
38	464
480	158
405	464
328	28
261	274
424	361
347	245
102	497
307	464
493	197
238	414
238	97
78	459
198	88
348	121
473	277
478	231
307	262
190	442
410	378
170	288
295	24
44	77
424	454
60	175
361	316
102	368
31	64
493	248
493	78
154	356
307	381
410	336
388	336
44	408
347	274
74	179
493	143
301	31
361	135
78	220
361	269
405	347
371	347
78	490
206	135
493	83
102	60
294	323
74	31
493	410
172	17
44	73
480	478
97	394
172	163
478	111
220	450
244	74
347	71
493	129
493	269
459	392
78	405
12	443
33	3
493	135
172	262
405	274
220	135
78	262
44	442
135	288
78	445
60	328
102	14
443	464
414	135
459	146
371	414
4	90
307	450
371	57
252	504
336	197
493	347
172	91
371	31
116	71
92	146
486	285
430	60
88	490
38	141
152	17
493	368
307	490
454	200
459	102
307	90
307	44
471	154
371	269
136	203
493	191
325	31
371	44
150	336
172	381
497	271
339	26
493	422
64	113
342	248
210	135
398	330
422	125
294	28
44	10
10	135
100	111
493	279
283	10
307	497
60	220
74	285
371	143
493	478
269	353
78	294
295	478
493	60
339	234
78	257
10	165
459	464
307	154
269	442
172	44
227	340
44	419
102	294
234	146
493	493
198	392
74	203
210	116
172	135
12	91
12	269
493	168
307	269
361	378
361	248
410	255
497	44
269	72
478	294
459	111
359	71
22	294
269	490
78	38
493	417
493	464
414	321
371	158
44	231
269	362
325	91
307	60
269	21
493	238
486	442
269	327
493	381
297	135
172	376
381	280
378	167
172	140
44	135
302	257
44	135
347	403
371	269
493	269
172	307
10	135
493	100
172	444
172	302
493	163
371	454
454	157
154	154
378	336
392	431
269	264
172	96
78	459
493	283
31	344
238	348
459	187
150	336
459	111
38	348
269	247
43	91
92	417
234	166
172	256
493	54
459	307
424	316
269	378
172	376
44	417
459	368
443	220
88	225
493	434
493	172
493	371
279	392
254	220
170	192
135	436
371	509
405	347
262	44
347	203
172	478
371	471
424	220
405	220
307	464
371	457
310	177
493	402
493	339
493	493
135	504
493	162
312	129
12	279
269	269
78	10
220	220
180	44
78	252
371	473
398	352
231	316
64	336
493	169
501	442
371	307
269	252
381	334
135	141
307	486
493	359
347	378
111	32
493	44
116	113
198	169
172	269
473	219
361	269
78	154
78	359
493	17
101	28
424	252
255	191
422	91
170	180
172	44
60	478
498	118
442	461
273	436
172	90
361	307
478	3
154	248
220	388
116	363
78	47
44	135
38	17
180	248
371	279
31	41
339	312
371	226
78	375
302	388
459	316
78	273
410	210
286	71
371	497
493	319
424	166
220	288
378	10
312	490
430	200
493	44
220	28
279	468
38	359
78	328
493	493
31	392
135	316
394	402
424	438
220	135
361	381
392	431
493	206
425	125
44	500
339	405
102	392
493	157
493	113
473	187
401	321
473	136
493	424
234	135
405	328
371	238
371	269
443	157
78	78
459	220
493	422
269	114
170	336
405	169
356	483
172	279
74	478
190	141
325	241
192	212
269	486
78	307
401	414
180	321
78	382
269	294
347	408
129	205
172	91
283	335
401	111
172	401
310	152
401	417
78	307
361	285
493	375
490	392
44	135
44	392
172	266
180	135
220	31
493	111
172	481
34	481
210	477
38	82
493	12
26	10
34	481
79	104
102	362
154	381
473	297
422	175
172	135
88	436
269	42
371	307
493	38
443	135
339	135
405	111
368	342
172	300
154	91
493	367
438	100
430	135
248	487
493	371
102	220
44	10
493	60
493	490
44	135
493	478
78	160
38	224
405	10
493	135
493	279
493	44
422	111
78	347
269	246
398	57
398	442
381	44
307	383
401	504
198	436
459	288
172	478
307	163
459	204
102	31
486	442
38	132
459	262
405	268
78	459
371	158
102	307
405	31
493	504
197	35
307	210
92	302
493	408
493	348
294	464
172	44
170	328
493	371
269	392
417	32
347	135
269	26
66	213
307	105
78	276
321	294
12	200
493	165
92	44
493	269
78	255
102	278
238	476
371	248
371	172
405	378
473	227
283	44
78	154
425	241
493	82
154	294
82	478
493	334
510	276
307	188
371	279
82	362
493	297
210	188
220	473
210	402
12	464
493	220
493	135
493	34
82	111
424	442
307	356
371	369
493	328
172	443
371	283
269	510
493	481
508	468
307	304
459	378
405	274
490	51
493	19
336	356
172	269
493	274
12	443
493	493
172	279
252	336
146	313
371	297
154	91
180	113
459	220
175	39
464	3
269	455
283	121
320	294
44	257
44	431
31	163
493	361
78	74
464	191
307	180
78	102
493	378
486	464
405	420
78	3
151	245
102	269
493	459
321	464
493	493
481	203
188	241
493	269
493	210
493	165
388	260
283	410
135	365
132	464
220	478
78	362
78	442
443	113
478	73
60	293
371	459
136	294
301	274
198	262
493	405
493	57
116	1
307	427
74	319
493	371
78	410
493	307
60	381
490	51
210	480
493	31
269	44
493	78
102	210
71	91
283	92
276	356
493	348
334	464
200	431
231	91
493	493
172	437
38	135
371	24
269	163
12	74
44	137
102	24
493	220
371	288
478	31
12	220
381	364
172	362
150	269
371	361
60	75
210	325
401	135
371	135
78	220
102	320
371	473
78	180
34	17
78	102
493	136
210	288
276	445
381	191
493	294
459	274
172	241
424	405
422	31
361	269
78	57
493	234
48	91
172	18
172	116
361	163
116	154
283	191
146	138
433	310
206	356
136	352
378	191
371	408
371	294
371	307
269	200
220	449
74	442
347	44
371	405
3	91
493	91
430	200
239	31
493	135
493	146
493	111
493	64
135	52
368	252
497	96
473	282
135	392
425	191
480	90
38	473
297	135
493	146
493	116
371	361
269	338
480	294
92	307
307	441
92	198
493	220
307	205
493	274
78	74
430	23
136	392
424	205
307	60
493	339
172	392
34	481
493	493
307	414
381	473
339	220
478	135
361	497
238	378
347	392
244	294
135	356
378	348
486	291
154	336
459	296
493	57
172	102
180	328
78	307
493	307
92	466
172	222
172	238
430	319
493	121
279	31
459	294
493	371
255	278
371	504
307	454
486	473
493	459
493	78
420	91
294	165
78	269
493	412
493	135
38	31
386	91
220	313
166	464
493	151
146	200
347	180
493	493
92	74
170	414
459	414
234	435
269	73
234	356
493	64
454	146
172	146
269	146
401	119
422	336
480	362
172	153
307	414
459	307
220	342
493	74
493	170
422	170
347	31
172	154
371	172
381	44
172	442
172	269
493	259
60	10
493	12
478	332
244	392
307	312
238	180
10	31
493	393
38	486
208	111
172	414
269	129
371	459
339	191
238	91
44	500
269	432
307	84
188	191
361	122
269	136
302	274
493	146
274	98
459	73
274	203
154	274
78	403
294	135
172	248
493	91
493	405
220	44
368	44
78	269
371	434
493	269
464	388
478	252
220	352
459	312
92	180
493	135
210	430
493	44
459	197
172	422
443	60
307	210
359	356
44	197
187	354
44	352
78	136
210	294
32	182
493	368
238	454
38	442
135	111
146	224
175	135
459	60
136	32
172	297
92	48
12	432
172	334
283	219
307	226
371	459
371	135
63	336
192	448
269	111
493	427
493	263
220	414
459	378
371	269
371	203
307	422
73	165
102	51
378	135
12	170
135	6
172	307
493	220
361	278
493	371
102	385
371	382
234	64
102	131
116	31
312	381
136	151
424	297
493	294
78	233
279	231
220	274
371	116
471	180
146	474
307	307
493	87
473	111
64	113
102	188
362	304
12	212
459	486
361	405
368	352
78	172
78	339
493	424
238	165
172	269
493	74
371	313
220	454
307	60
493	172
493	493
66	356
401	44
234	442
506	278
422	348
307	116
477	31
12	126
371	283
31	149
378	91
493	255
44	478
172	312
136	285
90	328
70	225
203	113
71	98
172	220
78	316
244	476
493	328
493	38
371	305
493	417
493	378
28	448
350	135
486	454
493	307
307	292
371	44
38	234
175	305
493	234
371	422
78	325
172	454
307	187
493	100
392	509
442	25
38	277
493	166
330	175
91	278
352	191
78	150
92	43
60	403
146	302
392	436
234	274
172	405
172	34
254	191
172	312
493	302
392	336
347	282
220	219
459	245
172	31
92	341
78	386
493	269
286	464
348	141
279	422
269	274
238	249
493	325
401	23
78	17
78	394
269	352
493	493
172	459
371	91
82	478
368	135
378	336
493	493
371	490
160	356
438	44
12	352
493	307
385	180
361	38
248	504
433	10
283	269
392	336
493	392
424	71
12	39
371	172
307	390
12	294
414	500
196	157
371	442
422	109
244	159
493	78
210	494
60	433
459	490
102	66
32	496
44	44
279	422
414	414
78	10
154	71
307	137
220	500
66	386
172	442
493	269
417	111
238	264
143	387
493	151
371	422
493	501
493	497
392	197
405	219
310	135
493	18
493	30
78	180
388	392
269	191
493	328
493	248
283	349
102	378
78	172
279	220
283	390
443	348
307	165
255	436
493	4
116	91
172	485
493	497
18	414
442	163
339	478
493	3
493	135
238	135
18	386
283	163
187	302
24	32
66	276
172	307
493	92
154	220
210	347
307	478
371	422
12	433
459	102
378	386
480	347
371	91
493	31
459	215
269	388
339	154
442	435
493	114
135	31
191	336
294	294
44	31
334	328
