141	219
61	77
141	247
198	87
252	247
156	117
203	24
141	177
203	28
141	141
252	61
177	156
177	175
141	203
182	134
120	205
116	154
141	228
67	182
126	204
203	103
126	213
141	228
252	104
206	145
141	141
252	104
96	199
185	20
228	161
228	116
228	228
61	96
215	69
252	123
141	213
14	232
141	203
141	252
80	58
212	203
175	160
141	87
236	247
126	131
137	218
141	106
61	68
61	61
141	228
219	139
252	56
45	53
141	237
228	67
171	213
19	64
141	249
247	104
196	203
252	213
35	203
141	141
86	228
54	199
126	171
126	218
54	109
61	5
141	214
54	96
54	203
141	203
247	5
61	228
200	116
206	67
252	162
56	155
106	234
206	36
228	200
203	218
141	56
141	173
163	223
96	247
112	203
141	96
252	20
228	171
54	203
145	121
198	203
141	160
235	43
141	96
141	141
228	203
54	201
29	175
141	141
141	203
96	36
126	245
61	67
61	63
141	56
106	39
177	99
141	126
141	13
210	156
173	203
235	64
148	31
141	173
228	99
120	203
54	160
252	228
67	10
141	212
173	20
198	181
136	184
141	206
252	126
126	171
86	75
126	237
228	20
177	203
177	103
200	67
7	199
185	13
228	117
86	5
146	23
252	113
61	96
141	156
228	123
37	215
126	67
54	123
236	96
103	34
249	1
126	210
173	203
141	19
54	133
14	249
141	11
54	77
141	171
126	206
141	228
228	54
86	10
141	29
177	80
61	218
228	213
61	190
252	61
96	99
131	43
43	179
64	0
61	210
206	104
252	155
7	154
155	104
61	222
141	239
19	5
141	199
252	99
126	28
141	5
77	247
141	104
36	39
155	121
141	203
247	131
96	195
141	43
252	54
228	47
228	210
141	236
61	228
228	123
61	175
177	218
173	64
247	145
182	39
56	96
141	137
29	10
141	104
126	223
200	210
158	39
198	123
177	72
252	54
156	241
43	213
252	126
228	125
228	106
77	121
54	20
61	247
126	218
141	126
141	56
39	160
20	67
141	100
228	33
141	141
112	131
141	203
7	96
141	210
54	247
115	99
141	131
239	67
141	62
218	180
155	28
61	74
35	190
196	5
200	177
171	67
61	190
245	75
96	184
158	196
141	210
206	5
210	218
252	61
126	56
54	203
141	126
141	252
193	67
62	10
141	5
141	203
67	218
206	5
173	225
188	199
126	67
126	113
141	200
247	249
61	126
247	67
225	133
141	27
141	36
141	169
173	117
235	89
155	156
200	54
74	39
20	199
228	10
109	57
212	96
141	141
141	198
77	67
141	228
141	13
131	214
54	123
252	203
61	136
61	218
126	214
126	77
141	206
141	141
228	203
67	201
141	198
236	96
228	218
45	213
141	200
225	66
210	245
141	147
171	49
54	96
252	157
228	89
252	61
177	75
104	67
131	39
198	51
252	218
96	175
228	83
61	206
54	77
96	99
206	104
141	54
228	204
141	222
141	252
198	77
61	203
49	227
61	96
141	10
104	104
141	54
126	111
141	81
126	54
223	67
171	145
252	39
169	99
5	20
252	206
30	67
62	28
217	241
145	18
141	30
136	10
155	39
54	167
252	139
29	123
86	145
141	141
228	23
156	123
54	96
206	213
61	247
141	139
126	210
141	141
61	67
198	67
203	67
131	84
141	126
106	58
116	213
228	143
141	173
141	200
96	67
61	86
210	39
249	33
208	179
126	247
242	19
73	67
206	184
203	145
91	232
141	247
200	213
54	203
206	248
249	84
7	146
141	141
252	203
141	151
35	189
141	87
252	75
228	145
141	19
171	18
141	97
155	74
141	103
141	77
126	230
104	201
54	234
54	124
228	29
61	175
203	245
86	67
102	38
213	175
249	30
141	247
252	171
225	237
126	84
141	10
61	213
126	13
210	204
156	10
228	96
61	46
173	81
54	116
236	203
96	218
210	104
96	203
112	116
206	106
141	96
155	203
141	199
252	249
112	82
141	131
252	96
252	123
73	106
106	75
141	106
141	250
252	200
252	131
136	67
54	43
239	208
104	213
67	28
106	177
20	76
106	232
126	228
173	145
252	0
141	56
20	218
29	208
74	156
141	28
223	140
167	28
84	82
73	120
228	131
228	147
156	10
173	14
131	104
199	175
126	96
61	102
252	67
126	96
141	249
54	156
54	109
55	160
56	106
205	227
86	241
155	102
141	61
27	148
112	203
54	221
141	206
30	67
20	229
67	0
228	210
141	136
61	206
67	87
141	228
141	197
22	203
141	200
136	155
96	123
106	10
7	82
54	67
252	158
252	210
141	177
56	218
252	67
252	147
61	7
61	5
54	130
141	141
141	126
141	20
54	67
54	96
239	39
252	61
126	67
116	222
141	218
126	162
141	228
235	28
61	73
228	237
61	66
126	224
210	218
141	61
210	208
64	89
228	48
228	213
247	39
136	121
126	201
173	109
86	87
141	204
115	67
84	95
9	203
116	217
106	182
206	96
154	82
198	224
228	199
252	61
252	82
145	74
228	22
29	67
54	29
54	30
141	54
228	103
252	70
206	239
252	228
71	241
96	36
131	99
171	46
141	206
94	10
198	104
54	80
228	242
74	148
109	62
171	186
141	210
252	67
241	16
141	242
113	180
141	111
155	114
252	61
228	228
67	213
61	8
141	20
35	20
141	96
156	103
141	104
177	46
96	39
54	203
86	54
86	16
102	182
141	67
177	203
54	133
249	145
141	203
61	48
77	44
151	218
228	162
200	54
171	51
141	116
141	228
252	241
84	116
141	228
10	24
223	194
126	32
56	106
126	64
133	60
173	182
141	20
86	203
141	67
77	208
84	231
252	126
20	87
30	67
141	136
252	54
228	117
126	54
228	133
206	175
54	13
131	123
136	20
228	200
155	203
5	142
141	145
145	34
7	160
228	62
177	203
141	175
171	177
156	92
141	61
38	243
141	96
210	121
158	165
67	184
173	210
203	223
141	99
142	154
200	77
252	121
145	5
151	239
177	67
56	203
200	99
126	77
61	158
56	203
56	185
54	67
171	96
141	131
203	145
173	210
131	121
20	67
169	99
141	160
206	242
228	160
225	241
96	153
196	239
162	39
182	154
155	92
141	51
226	145
141	129
252	10
206	232
126	200
141	228
141	213
252	75
96	13
203	116
249	58
61	151
86	182
203	69
61	147
61	136
54	186
206	182
252	36
136	96
136	213
228	104
228	129
141	20
126	193
126	33
96	116
30	218
155	203
72	103
141	51
141	160
126	177
5	89
70	199
141	141
141	247
96	210
54	116
228	20
106	28
67	218
196	205
203	208
112	213
141	61
77	33
54	30
228	121
228	5
141	210
139	5
249	203
141	67
141	35
61	160
235	13
54	94
141	175
141	67
213	76
141	7
104	221
252	61
203	67
141	7
49	214
145	188
35	67
252	137
141	67
106	131
141	210
155	45
54	89
158	16
136	35
66	247
96	170
141	86
126	106
54	162
141	96
67	175
141	53
104	103
228	200
173	145
141	218
54	49
147	96
252	121
171	96
112	203
126	28
54	143
54	14
141	252
145	99
112	171
141	141
185	239
116	28
61	247
54	64
131	145
104	241
70	39
61	9
67	33
204	133
51	74
56	20
99	23
70	111
141	99
104	195
14	29
252	239
203	218
141	228
173	67
249	175
252	249
141	213
61	30
141	237
61	200
252	28
131	219
131	10
54	249
171	154
61	54
228	243
236	182
112	195
74	245
242	81
104	218
67	28
252	61
171	196
249	156
245	121
198	126
252	49
67	98
210	242
171	74
155	160
73	30
171	131
141	10
228	54
239	27
141	179
235	99
106	140
77	104
92	28
252	77
252	116
182	87
61	10
228	237
210	223
54	20
54	12
49	13
126	9
77	96
198	82
177	223
200	48
155	199
61	203
109	74
54	54
77	67
54	54
61	171
252	61
141	126
141	56
203	101
73	138
54	234
141	232
61	196
35	67
141	228
228	208
22	123
67	121
141	10
156	23
29	224
141	200
141	67
77	28
54	109
126	247
228	171
228	27
61	206
54	64
106	116
252	207
228	167
96	74
77	96
252	49
198	131
240	213
104	67
252	61
86	96
64	218
203	203
228	87
73	147
141	167
203	104
141	39
14	131
249	184
141	126
141	64
86	177
252	145
252	77
136	247
249	213
61	172
210	64
141	77
86	20
228	175
141	96
19	182
54	131
141	130
112	104
200	148
96	121
54	160
141	126
141	240
252	208
203	8
106	70
141	96
200	171
96	43
141	99
22	182
62	43
96	143
141	39
158	104
141	182
245	10
54	10
96	39
206	104
173	33
126	54
203	33
54	96
61	116
206	67
141	141
20	39
109	39
218	195
145	165
155	250
247	222
141	185
245	20
171	33
131	36
177	185
252	86
86	30
171	175
200	133
37	201
223	0
61	94
203	28
141	203
56	9
61	28
77	203
141	235
206	203
27	133
173	158
126	64
61	203
228	56
171	255
173	20
61	112
20	67
203	46
54	74
61	171
131	203
252	0
141	54
96	195
126	117
29	199
96	223
228	77
62	20
133	175
141	252
252	232
103	218
218	230
141	126
61	249
141	147
203	5
7	175
252	181
67	95
141	20
198	151
155	175
5	28
200	54
141	175
123	82
141	116
136	208
175	89
228	154
126	156
141	242
131	249
56	183
0	6
252	154
131	203
196	28
106	218
171	210
136	223
61	206
61	145
177	20
109	30
67	67
141	39
123	10
141	66
147	67
141	54
252	177
56	210
96	20
141	228
141	197
30	199
158	182
14	0
37	64
126	19
126	67
96	131
252	151
141	104
141	116
61	249
54	10
27	218
141	77
210	35
145	175
61	126
141	151
64	39
228	54
141	228
92	128
252	68
141	205
141	34
106	94
252	96
200	64
96	39
147	223
67	170
131	82
96	156
141	123
104	104
141	210
252	104
173	6
247	123
171	123
141	61
228	177
37	175
141	228
141	82
247	67
109	70
249	190
252	175
126	56
177	10
210	5
10	39
141	5
141	141
61	247
22	182
156	117
252	73
35	191
177	182
54	203
141	126
61	158
228	249
141	40
173	203
96	156
147	196
145	156
126	46
155	20
141	165
61	143
86	228
177	232
198	54
126	151
141	171
141	203
96	105
54	218
20	67
77	212
86	46
252	61
249	145
249	92
200	20
5	224
141	196
228	206
61	70
141	126
228	64
252	54
141	10
141	96
54	203
228	27
9	185
141	182
228	210
141	228
203	208
5	39
141	39
141	146
213	39
200	67
141	61
141	173
126	54
112	171
171	145
228	182
141	249
145	165
106	177
200	5
141	182
61	27
245	89
153	199
96	213
228	175
141	252
61	67
73	145
126	203
141	245
181	48
252	175
123	229
141	90
73	96
126	117
62	39
236	213
141	96
61	20
252	228
223	67
177	155
61	62
116	28
228	5
54	20
109	196
109	104
200	171
96	227
54	36
141	141
20	175
177	28
54	67
61	96
136	193
99	13
141	141
104	28
104	17
126	96
131	28
147	104
123	218
67	0
61	77
228	249
141	252
141	74
141	67
252	56
155	203
61	37
86	46
200	68
35	13
20	67
96	69
86	177
35	138
171	160
86	200
10	75
67	33
126	33
252	104
236	203
223	67
228	19
228	232
141	61
104	67
106	67
203	75
141	116
196	0
86	116
54	155
141	182
141	203
5	10
141	126
126	70
126	43
228	67
86	232
141	203
141	67
141	54
141	177
141	96
213	58
228	175
247	188
252	0
61	77
141	252
236	145
141	28
126	67
141	96
249	39
126	175
61	247
116	182
54	116
94	67
203	235
158	5
177	235
156	20
126	173
203	100
67	10
77	10
106	96
9	67
126	106
228	73
104	28
126	235
210	242
141	145
56	96
177	72
141	141
14	58
203	184
228	64
61	155
141	249
198	67
126	203
61	30
141	177
141	92
124	201
61	182
54	64
252	198
54	12
141	247
171	203
228	218
173	236
86	212
249	39
213	184
141	252
173	39
56	106
141	96
104	0
203	67
167	30
54	196
54	44
155	175
203	116
80	67
54	218
61	198
249	232
200	47
141	129
200	215
141	195
5	28
173	106
126	96
171	156
10	179
126	191
198	138
141	5
126	54
54	28
20	13
96	203
115	203
141	77
61	51
177	145
54	253
141	141
141	9
61	203
141	228
106	247
126	203
141	37
200	203
61	123
61	112
173	56
141	54
175	125
228	171
126	20
141	206
62	203
126	182
228	33
228	13
141	103
67	208
49	175
155	115
126	54
203	104
77	196
249	67
141	74
61	7
27	121
106	96
126	54
206	235
141	121
72	184
56	210
182	218
62	39
96	67
252	105
86	228
252	165
126	147
61	5
141	252
126	36
54	5
86	13
126	171
141	39
177	158
141	126
172	46
141	67
20	67
236	133
61	56
56	67
126	182
141	236
193	213
252	77
61	203
228	213
252	43
163	193
228	131
228	232
126	228
184	89
126	75
54	62
228	54
147	66
141	89
141	199
228	113
141	203
185	39
141	67
54	116
86	96
54	36
66	67
92	95
146	67
77	39
136	196
126	139
141	109
61	96
136	219
141	99
147	203
252	228
141	96
131	138
126	171
56	67
126	218
177	28
137	89
103	140
141	54
203	75
109	199
173	199
141	9
186	58
61	126
210	203
228	217
203	213
252	54
177	250
141	112
252	249
61	158
54	67
141	173
56	247
198	154
96	96
54	67
141	177
67	213
86	113
228	182
126	72
252	214
198	99
61	0
141	225
126	223
173	237
106	67
74	182
61	133
54	203
203	67
173	104
20	218
252	167
141	62
141	206
198	145
61	200
156	245
239	20
196	49
252	29
7	218
228	54
141	86
252	96
141	39
158	13
141	64
126	223
252	92
10	241
126	45
203	67
247	116
131	203
96	218
158	10
56	106
30	175
252	73
141	67
139	151
247	33
141	54
210	38
5	67
141	56
61	19
67	46
131	43
228	223
126	203
141	96
200	185
223	99
96	155
141	22
126	120
145	13
198	96
203	145
126	234
228	112
106	160
177	67
228	67
141	49
54	234
96	175
141	173
206	106
206	235
141	229
141	74
141	225
228	151
172	67
86	29
228	29
61	210
96	249
61	203
141	173
126	12
46	241
49	182
141	113
7	156
61	218
173	99
126	5
92	182
147	66
173	175
86	163
96	162
235	10
87	152
141	141
56	151
141	156
141	96
252	67
67	168
62	67
141	126
203	104
252	228
54	218
141	175
61	156
7	206
96	28
10	170
61	206
106	28
22	104
10	175
86	237
141	28
141	67
77	36
126	165
141	156
177	96
141	200
86	82
45	13
133	232
10	232
61	67
252	67
141	175
228	48
61	162
77	104
228	145
35	156
141	86
22	195
228	28
141	136
158	213
54	66
235	92
54	77
228	16
252	139
126	5
61	162
145	218
171	121
198	89
106	203
247	39
177	0
28	117
126	22
228	43
20	28
141	131
104	103
96	151
92	67
147	96
54	96
200	218
156	67
96	254
54	96
54	182
61	61
151	20
141	68
96	5
203	160
96	154
247	33
131	203
113	39
141	96
54	145
228	51
77	156
198	84
61	130
147	96
61	218
210	28
54	247
84	67
141	241
141	203
96	116
96	203
173	228
54	46
141	145
104	146
56	22
155	203
141	10
141	147
126	67
20	179
235	223
141	7
141	141
167	203
7	5
177	19
141	13
252	203
141	56
61	96
156	218
61	54
109	46
61	73
252	30
252	203
141	185
96	182
145	92
198	126
77	10
141	206
173	182
223	250
131	167
20	238
203	67
252	128
203	116
141	199
54	96
73	215
200	54
141	13
61	0
96	162
67	184
147	203
252	99
37	130
136	14
141	239
141	46
121	175
28	89
61	67
141	247
252	61
126	99
126	210
155	213
175	241
235	67
141	228
247	131
171	96
141	126
106	167
61	39
22	104
155	203
56	89
199	182
252	36
5	67
252	22
228	131
61	165
141	106
141	92
136	232
252	175
141	161
86	203
173	14
206	145
96	48
151	99
22	215
62	5
54	54
96	10
141	61
67	130
206	182
228	182
54	29
96	203
203	116
141	104
106	75
173	43
249	241
94	145
200	249
61	131
141	228
203	213
56	239
252	133
177	247
61	171
163	145
20	133
172	254
141	177
20	58
252	77
228	5
215	39
252	196
252	126
86	213
123	199
77	236
173	57
20	232
173	96
141	228
228	177
56	67
252	126
141	45
228	241
126	54
252	67
7	5
228	67
77	67
252	33
200	145
141	20
228	96
154	58
141	245
228	242
203	182
106	28
141	66
247	39
106	39
126	54
198	151
141	228
252	49
218	111
252	96
141	54
252	173
96	96
126	175
86	206
61	182
141	156
86	171
147	241
198	196
77	95
212	5
77	204
171	37
43	201
228	146
217	184
198	54
86	243
126	72
213	87
252	58
196	222
141	54
141	10
62	145
200	155
141	106
228	56
126	223
177	67
228	73
200	111
54	104
173	67
67	241
131	33
141	252
198	41
141	96
141	96
252	206
54	156
141	185
77	175
126	236
61	96
54	210
141	252
186	223
141	126
61	228
86	92
228	177
203	67
191	39
46	87
73	96
54	36
206	208
54	77
198	74
141	77
177	249
252	91
141	47
145	137
131	67
126	107
249	145
141	10
126	116
252	54
185	28
141	67
54	106
228	178
249	67
61	61
162	230
61	19
242	213
219	221
84	67
141	228
54	175
77	28
213	182
141	198
104	201
141	200
228	201
200	18
141	20
106	203
249	43
173	247
54	156
203	92
228	51
61	175
156	121
175	39
177	210
141	45
141	103
54	218
126	160
252	62
203	213
86	56
54	5
193	67
196	133
49	67
0	184
203	28
131	196
141	7
126	67
96	156
141	184
252	67
70	99
61	161
126	72
61	228
136	160
116	116
96	203
213	46
196	10
106	129
7	30
162	48
252	61
203	245
249	100
37	175
141	20
96	67
54	67
96	213
247	89
252	174
141	177
228	137
206	104
200	63
228	92
141	39
84	207
56	28
141	5
186	67
228	182
54	218
141	173
223	123
185	213
203	165
228	208
61	203
228	210
141	67
141	154
120	175
126	54
116	213
126	104
54	54
141	252
210	37
66	155
228	96
96	172
141	96
141	228
141	141
245	46
61	28
141	206
198	210
141	54
155	156
141	218
126	54
141	141
141	20
200	104
61	67
141	252
61	156
210	175
155	82
198	67
249	151
96	76
51	224
104	92
77	67
200	242
67	36
126	228
177	18
54	30
61	136
177	203
173	87
96	101
54	156
228	182
200	192
61	104
54	35
228	199
77	145
173	228
249	75
96	39
141	67
200	67
141	67
56	10
96	131
249	175
67	39
62	28
181	160
116	218
182	133
141	28
210	124
96	131
54	64
126	67
37	182
228	95
252	252
203	33
252	61
57	205
141	67
141	67
171	94
54	77
7	104
29	213
252	54
193	241
131	241
203	92
126	247
252	252
171	213
28	13
7	169
228	224
126	113
141	155
126	116
77	33
141	252
54	92
77	67
54	203
116	213
86	203
141	49
252	84
141	252
43	213
61	201
14	156
155	74
247	81
54	48
141	62
99	179
61	154
236	89
54	54
191	39
141	84
177	205
242	156
200	131
141	131
96	75
136	109
171	39
83	190
96	46
141	206
171	113
141	196
171	196
252	173
228	221
86	33
141	200
228	249
249	156
182	208
141	235
212	203
54	241
131	87
141	20
61	131
54	74
145	5
61	161
96	33
206	196
243	152
252	0
141	177
67	65
141	126
141	175
51	155
236	92
245	133
141	171
141	242
198	28
173	133
141	225
228	116
126	77
106	28
141	70
167	218
141	106
141	54
126	126
247	218
252	96
77	158
61	228
96	33
96	74
141	30
116	254
141	77
167	203
228	228
141	54
61	19
247	67
136	54
67	87
67	138
70	103
40	10
5	189
210	67
228	0
126	54
141	126
112	203
200	87
61	61
210	92
141	200
247	145
116	164
249	3
141	5
61	96
62	124
86	253
141	240
239	100
86	169
147	213
228	10
172	87
106	103
141	182
236	109
141	218
54	28
252	228
112	54
252	140
54	159
252	9
141	218
67	241
141	203
156	192
192	138
200	18
67	101
213	175
178	67
141	54
61	131
203	30
141	7
77	145
106	188
30	36
252	89
203	168
247	193
161	103
203	133
172	231
198	136
96	113
67	160
92	24
73	234
203	27
198	210
228	162
126	106
126	112
203	67
141	203
228	249
5	182
210	203
0	58
200	168
141	116
141	94
155	249
126	67
252	145
67	250
54	28
30	143
218	75
10	213
106	217
206	175
228	235
199	39
19	121
156	67
185	67
56	67
173	99
155	232
46	31
171	43
86	175
249	50
228	106
141	126
203	99
206	218
217	182
185	28
169	44
198	67
203	39
141	228
61	173
245	199
54	36
86	123
236	10
46	232
141	7
210	67
163	67
245	117
141	203
141	203
61	61
141	96
141	141
141	203
141	252
61	228
196	28
67	58
228	177
141	200
141	37
177	158
74	28
106	67
206	242
228	230
9	249
141	43
22	218
141	48
206	43
45	28
141	203
96	249
141	160
203	74
104	151
54	77
252	54
126	203
182	133
104	43
64	67
126	96
158	96
173	96
54	109
96	143
61	155
228	36
141	141
141	247
54	124
177	203
141	36
141	95
141	28
252	230
228	46
141	252
198	89
225	96
77	96
61	126
141	141
54	203
7	30
224	184
141	62
141	56
67	243
22	133
33	232
141	80
141	39
67	87
141	104
116	130
203	46
252	106
173	96
126	86
126	92
54	96
141	61
22	229
20	20
215	142
56	151
252	249
228	206
203	67
141	12
252	218
252	54
173	155
141	198
141	162
228	64
141	236
167	28
40	19
112	71
228	54
96	104
252	203
20	67
225	43
141	30
173	218
141	61
54	67
247	116
173	96
175	230
14	81
61	126
61	77
203	28
141	250
81	47
141	6
22	5
141	126
206	67
54	22
252	228
19	67
54	132
96	218
141	141
112	54
56	70
158	20
249	110
210	17
86	41
252	126
206	49
228	199
96	84
35	143
213	28
228	96
141	200
133	48
252	104
61	228
252	96
249	235
158	203
126	175
141	53
155	203
228	20
14	22
167	18
141	104
228	121
141	130
126	104
141	43
67	0
77	223
141	252
147	162
182	175
203	145
228	195
247	235
29	218
67	192
61	62
70	67
0	201
54	96
54	184
96	75
141	141
228	228
228	72
171	106
252	103
252	39
141	203
141	206
129	44
126	131
54	156
61	158
185	39
236	218
62	12
61	171
167	0
198	223
141	54
141	177
54	104
235	67
139	224
171	110
67	67
61	22
61	30
126	37
35	245
198	155
86	191
247	5
61	245
77	242
54	77
141	228
206	172
141	200
141	45
56	113
126	185
210	113
126	1
252	126
104	20
104	154
96	48
126	228
155	191
54	91
61	19
61	121
206	213
113	222
67	39
116	175
198	126
67	182
252	10
161	0
9	67
228	154
146	182
141	228
106	203
145	78
20	237
141	155
252	61
198	67
171	75
249	160
141	10
173	74
173	151
228	160
252	109
141	198
171	30
141	175
61	6
61	156
141	133
247	104
252	177
126	232
28	229
77	145
73	39
109	67
141	247
198	44
126	203
141	228
86	30
212	96
141	61
45	0
141	227
104	154
252	241
136	239
158	155
10	75
155	253
141	141
141	54
141	228
141	218
141	86
54	239
151	244
228	242
210	151
54	96
112	16
203	75
141	198
252	62
131	182
49	95
252	159
61	106
20	241
228	14
175	184
213	154
61	62
252	37
203	39
54	96
173	146
141	245
141	253
40	203
77	67
54	235
141	98
61	210
141	210
141	96
86	39
61	106
198	54
56	239
252	48
61	92
228	236
126	99
171	182
86	167
126	106
61	228
106	113
104	39
249	92
177	116
141	239
252	56
200	77
106	96
155	67
67	10
126	99
252	96
54	247
182	208
126	0
141	96
182	39
228	28
213	232
73	218
96	203
141	203
156	123
86	96
228	20
61	126
203	67
61	75
200	67
104	20
141	141
22	239
104	253
61	136
141	141
77	5
96	193
252	191
141	249
228	96
96	104
141	96
54	145
86	185
225	54
54	182
112	0
155	0
96	28
228	77
20	28
252	203
145	18
77	104
228	104
247	115
58	190
210	116
228	96
206	96
141	177
141	113
56	54
155	188
203	182
14	104
67	28
96	210
77	117
141	252
228	29
252	126
147	145
94	203
252	223
206	16
141	219
141	67
77	210
54	10
61	67
171	123
203	203
96	87
141	151
141	56
200	74
141	182
156	20
228	13
61	242
62	43
86	96
171	20
61	82
177	104
126	190
228	116
56	96
141	252
203	232
252	242
173	213
252	54
61	193
54	158
56	67
228	96
200	218
141	22
141	141
155	145
87	23
141	156
13	222
115	182
236	131
126	203
228	133
226	162
10	121
252	147
126	54
136	123
113	140
141	123
141	77
86	228
61	156
176	214
203	28
54	213
210	213
131	0
61	103
141	116
171	77
200	104
61	58
141	141
96	107
19	25
228	205
252	116
126	54
86	203
54	67
141	17
35	213
28	162
54	67
67	213
86	184
96	131
228	200
131	167
67	103
141	70
200	103
54	0
171	96
252	67
96	99
171	203
126	77
252	198
61	96
61	43
203	162
141	101
43	213
167	232
141	87
126	156
228	191
46	82
86	43
7	52
252	77
158	29
252	54
96	203
203	74
141	155
249	208
37	165
126	67
96	0
61	70
96	175
141	61
249	203
56	54
77	6
228	203
56	203
61	3
56	182
126	13
61	242
228	82
141	77
141	140
5	235
14	131
141	86
151	20
126	203
96	213
225	39
141	203
141	56
200	206
106	184
19	84
249	243
141	172
173	30
156	201
86	106
141	203
156	245
141	47
54	234
86	196
228	213
131	215
247	0
61	67
126	112
252	96
30	218
239	28
54	210
62	154
22	67
141	177
167	87
61	23
141	156
252	203
74	237
54	92
54	203
252	236
141	228
61	56
19	5
54	43
198	84
126	58
171	203
20	117
177	84
141	77
252	36
96	0
147	62
126	126
131	39
96	249
92	13
156	72
141	141
141	141
126	89
54	253
126	145
126	203
141	135
126	130
74	39
252	218
141	54
198	77
5	254
126	206
206	175
141	43
171	106
228	51
155	239
86	203
158	203
103	241
104	113
247	67
141	188
56	5
61	28
141	141
200	156
141	28
193	188
27	67
141	96
126	116
126	234
141	74
116	213
141	13
156	125
252	54
145	104
77	96
67	101
228	92
106	203
54	208
173	117
155	151
9	203
20	67
126	125
171	74
54	184
203	46
89	16
126	56
54	104
126	131
177	96
103	160
141	199
155	218
173	106
141	133
77	104
96	24
206	232
61	28
141	228
228	155
96	67
96	165
12	194
203	154
141	5
126	131
67	213
198	43
64	67
252	126
35	148
136	28
252	113
159	39
171	184
196	43
177	156
54	67
61	117
54	67
141	213
66	116
141	61
252	111
126	203
141	247
252	182
236	203
145	104
141	22
126	67
247	249
252	19
106	177
252	229
242	67
96	154
120	67
249	67
86	15
67	58
141	62
203	133
141	175
61	203
61	182
141	86
228	218
141	54
9	210
141	213
145	156
61	67
141	73
252	200
37	81
210	94
184	160
252	203
141	188
61	212
252	131
56	67
141	82
61	75
56	154
61	96
106	203
61	77
252	218
67	241
141	200
141	0
96	144
141	198
77	247
131	33
61	19
141	126
141	206
14	67
54	67
163	75
156	191
173	182
86	175
131	175
141	113
156	39
56	175
141	182
198	199
126	206
252	61
156	39
61	175
228	102
141	96
141	15
96	89
206	179
141	229
203	104
141	96
61	20
198	39
54	160
141	177
203	67
116	172
252	154
141	67
28	176
126	162
252	137
141	252
236	67
173	28
126	22
155	67
104	184
126	64
141	30
252	10
54	206
141	0
126	116
141	115
141	203
228	103
141	67
203	123
54	196
54	203
61	168
185	49
54	123
252	234
228	20
54	155
54	5
252	49
126	175
183	116
171	203
141	87
162	75
126	112
96	28
54	96
210	182
228	96
224	44
252	75
228	82
228	9
141	35
249	27
252	86
206	116
141	70
86	36
163	67
70	179
141	126
167	184
156	20
62	82
61	126
35	67
173	182
61	28
171	58
61	241
20	0
106	124
200	241
29	67
7	206
141	5
141	234
70	10
228	46
141	177
198	66
67	111
54	249
177	156
109	155
247	39
123	78
200	133
206	107
136	182
54	77
252	249
228	54
77	96
252	126
141	6
171	171
141	198
67	28
77	116
96	150
252	175
61	61
181	0
252	77
141	20
74	13
37	196
185	30
252	239
126	109
141	61
156	230
141	126
104	156
228	177
20	67
96	151
141	222
104	104
196	36
198	131
252	74
29	67
151	28
141	247
61	90
56	155
141	61
61	251
54	203
228	208
252	89
206	30
131	182
200	210
247	203
228	236
126	171
10	60
141	228
96	213
141	104
5	28
43	39
141	198
10	28
20	15
100	10
141	54
61	54
203	67
126	123
77	116
106	213
139	67
185	104
155	191
141	177
228	254
61	156
61	241
252	40
100	67
253	134
163	231
141	198
96	131
112	171
141	13
228	124
145	175
228	203
14	10
126	224
141	131
61	104
141	228
126	177
228	54
141	218
252	241
145	99
141	213
147	22
96	22
177	182
61	96
126	199
41	148
141	96
22	16
61	203
215	231
228	190
94	113
141	232
126	20
106	33
141	126
141	54
126	112
116	156
177	167
141	91
141	106
213	241
126	86
147	96
126	64
67	13
141	109
141	175
177	81
0	89
203	203
155	199
141	28
156	10
116	92
141	67
66	95
141	200
141	56
252	126
141	56
141	141
228	224
185	34
96	28
67	103
228	54
141	173
86	36
61	9
96	41
126	228
141	36
70	221
228	10
43	179
5	151
126	117
141	0
141	87
228	232
67	10
10	6
61	96
141	145
141	67
141	247
54	20
141	67
252	5
141	104
56	156
22	20
228	137
210	28
126	118
126	123
214	179
203	90
54	207
61	23
86	96
141	162
61	236
213	39
177	58
5	67
147	100
20	36
200	201
141	175
54	22
141	218
126	232
131	19
141	206
173	56
141	141
61	155
252	22
247	39
96	239
70	17
155	131
141	86
141	156
200	221
249	218
249	39
141	96
126	67
126	199
67	182
141	36
141	67
10	201
126	64
126	192
54	62
210	0
54	92
126	62
141	205
203	186
252	89
200	156
177	10
126	237
77	39
141	10
96	82
22	182
206	131
61	247
183	203
252	245
228	203
200	175
141	203
252	242
156	67
203	75
141	67
73	104
61	116
141	77
120	20
136	142
141	145
203	104
199	67
228	219
54	203
252	6
155	224
141	77
141	201
73	109
51	156
126	116
141	49
86	156
200	249
131	213
96	182
126	67
228	92
126	67
61	111
252	67
141	77
109	80
49	67
141	133
96	213
141	141
228	218
58	251
131	67
175	87
141	156
203	213
228	116
228	96
86	158
141	126
109	199
77	156
228	113
99	3
198	50
242	249
96	62
70	182
141	20
204	218
177	203
136	106
54	28
126	179
206	5
141	40
200	13
249	39
126	39
12	58
155	203
252	218
54	213
56	77
126	109
54	37
61	46
126	91
54	89
77	218
72	182
228	145
228	5
54	40
141	247
173	228
141	155
228	249
228	10
171	7
54	28
198	54
236	156
252	228
95	232
74	10
126	106
10	195
141	5
141	39
5	208
70	28
252	156
252	165
96	151
219	203
94	13
141	28
200	158
96	89
54	196
252	61
126	228
141	252
54	67
252	126
206	145
228	96
116	239
141	39
54	2
106	243
203	192
203	156
145	156
141	126
203	25
200	171
5	124
200	20
141	33
141	172
173	58
210	0
200	236
198	54
96	162
73	130
141	177
29	203
77	96
161	67
252	36
203	231
61	203
196	67
163	67
228	47
136	200
223	10
96	74
198	100
141	210
155	154
126	121
243	39
61	46
141	168
141	67
62	103
116	116
61	104
203	52
203	231
198	14
61	61
61	204
141	121
252	10
141	228
131	5
210	116
163	156
188	67
102	30
141	40
141	228
141	249
61	67
67	28
252	210
141	198
224	67
228	96
49	208
228	75
30	67
141	77
223	53
198	54
61	165
141	235
239	67
252	245
126	54
54	213
126	5
206	131
228	203
252	252
12	20
147	247
228	5
131	218
61	113
206	203
171	156
252	67
141	198
96	213
145	39
141	145
145	107
203	13
77	161
252	210
141	28
200	234
141	28
141	173
141	126
198	84
49	36
208	128
141	228
252	218
126	247
96	208
252	81
147	203
185	104
86	19
252	123
171	67
112	133
7	206
156	75
141	80
106	123
203	104
141	113
145	111
228	68
56	28
228	241
185	33
173	39
131	129
70	24
67	184
54	155
252	203
186	244
51	208
141	154
228	67
106	213
141	96
7	87
141	249
141	126
104	143
61	5
61	96
141	228
126	20
252	126
141	247
54	213
5	20
228	185
141	247
252	131
136	145
37	203
208	130
252	111
9	29
92	143
141	171
228	249
177	155
141	104
247	218
236	124
203	58
61	96
141	210
86	20
141	87
126	77
247	156
141	171
67	160
61	203
61	173
56	145
141	136
141	203
203	184
96	203
228	177
252	206
141	96
141	141
228	49
126	47
126	162
54	206
5	111
145	143
141	5
228	19
173	5
141	213
67	143
131	20
77	46
161	218
146	213
126	162
106	210
185	125
228	49
77	96
141	196
173	46
198	104
96	39
203	55
252	177
217	201
252	56
136	106
141	249
228	37
86	223
141	20
10	82
145	253
228	228
61	203
203	36
62	182
104	182
228	203
20	169
242	49
228	67
77	203
200	120
141	131
86	228
206	203
252	213
77	37
252	104
206	137
96	172
141	252
141	27
86	123
121	0
54	210
141	54
206	218
131	203
198	230
94	145
56	54
96	203
61	130
173	104
247	102
141	186
112	201
141	7
54	28
9	67
200	167
67	222
9	124
200	96
141	126
141	214
61	126
106	67
198	126
247	116
171	247
252	199
141	54
49	241
141	252
54	49
141	5
141	54
86	10
206	167
185	199
54	20
141	120
141	141
67	213
252	228
141	123
126	228
141	61
141	54
54	90
162	23
96	89
61	162
228	175
141	249
61	54
252	143
5	75
141	137
106	214
20	241
252	77
61	106
206	196
86	75
86	145
141	28
252	104
239	33
77	156
2	28
203	67
106	235
126	156
250	144
200	167
173	210
252	99
141	49
141	54
141	206
141	54
102	104
61	203
228	30
228	104
67	182
228	190
20	162
84	5
198	45
112	177
249	49
173	171
141	89
177	223
56	247
219	45
213	133
66	103
54	203
141	39
96	67
141	49
141	198
239	165
54	203
210	167
126	38
5	175
61	223
203	199
141	219
158	70
141	126
141	39
177	37
252	247
54	87
141	118
9	249
155	39
77	218
141	247
131	92
247	151
141	155
61	126
72	182
218	254
228	232
141	67
141	86
141	62
228	81
242	70
86	203
141	173
141	86
54	75
61	191
49	24
141	14
141	5
80	12
64	156
173	155
141	47
61	37
141	160
61	207
126	82
203	182
141	36
61	38
141	126
54	203
14	190
247	111
126	249
112	218
175	232
126	22
141	96
185	175
10	213
61	154
54	131
219	175
141	35
141	242
177	242
228	10
54	67
131	67
236	99
200	163
96	218
126	45
96	167
126	203
141	67
206	96
252	109
252	175
62	5
141	54
204	160
247	182
86	67
104	123
250	87
61	96
228	116
120	156
245	175
141	203
20	213
252	61
228	171
203	67
228	213
203	87
203	67
141	116
126	37
145	0
131	10
61	203
141	203
228	206
113	162
141	104
141	86
126	160
141	28
141	67
126	86
56	245
173	54
198	126
84	28
210	18
112	39
54	155
171	89
61	203
197	47
177	96
123	160
141	172
61	203
210	249
141	203
228	62
67	230
185	203
228	96
141	73
224	67
96	46
175	134
20	18
206	49
86	203
20	213
249	49
123	39
141	252
54	49
126	203
56	247
141	54
126	249
228	133
155	24
167	12
106	96
184	202
141	206
210	74
206	155
141	28
141	54
158	28
141	252
141	203
141	203
136	208
141	213
54	13
141	185
141	145
103	218
198	96
252	77
20	143
141	20
92	154
96	39
141	218
252	61
96	213
104	10
203	199
22	156
228	94
141	12
203	182
77	199
86	145
141	87
173	242
213	159
252	154
56	127
46	154
54	67
56	231
141	126
141	136
141	46
67	208
252	218
61	67
213	28
145	124
141	228
252	126
252	171
54	96
96	3
61	54
5	213
54	28
198	49
228	13
193	67
171	96
141	141
210	218
203	67
86	13
141	86
35	196
54	58
126	203
141	54
252	67
96	203
141	185
242	30
77	5
49	213
94	223
