556	153
823	508
34	34
686	934
323	364
701	49
693	499
448	729
754	689
483	868
34	714
552	509
911	610
538	35
797	33
853	570
701	625
4	547
594	297
935	805
382	508
303	646
933	150
915	437
34	899
493	510
470	292
45	303
690	700
672	366
301	508
34	887
703	165
214	206
661	500
954	876
43	457
34	701
701	580
911	43
310	251
381	1004
915	700
34	909
497	693
34	735
872	598
869	812
556	556
34	693
223	718
31	556
897	375
482	899
911	782
868	297
34	149
52	149
134	35
951	540
701	438
933	340
933	909
22	214
701	913
669	580
34	141
34	625
904	285
22	27
718	365
625	292
589	912
40	459
692	350
294	899
701	43
868	498
693	691
49	547
701	508
511	220
897	560
690	796
951	298
510	691
589	359
589	673
45	589
508	499
952	799
574	574
911	913
31	776
43	311
547	142
589	556
287	782
549	300
690	31
724	953
701	826
34	499
13	907
700	426
687	40
31	294
34	438
511	598
500	597
43	556
585	357
49	861
13	702
549	15
897	46
660	619
704	483
887	327
18	898
510	292
34	49
34	280
933	292
538	498
34	455
701	891
49	244
898	47
603	700
438	469
692	27
940	537
34	704
503	364
897	457
34	508
936	256
750	673
556	204
43	487
690	58
967	939
690	49
693	212
34	481
63	912
6	364
911	664
582	220
679	580
585	609
655	436
589	597
34	687
18	509
701	827
660	359
915	796
917	22
796	152
799	472
692	580
27	673
904	27
34	32
49	644
887	646
76	1014
574	499
574	787
49	827
777	35
377	574
497	693
701	591
79	700
31	927
49	796
471	40
31	693
43	868
63	898
701	49
509	462
452	869
49	22
887	273
701	753
43	693
45	142
34	151
918	582
650	691
701	833
312	556
917	558
150	35
926	150
701	898
34	364
269	993
701	22
915	934
381	913
655	873
933	833
673	143
580	610
890	1013
452	1021
4	212
54	31
34	503
54	325
585	366
452	680
34	580
49	547
56	585
711	868
510	193
904	327
45	609
34	213
556	209
54	31
438	1017
34	933
63	214
672	812
13	33
915	913
22	585
909	604
761	24
34	580
897	700
924	869
63	359
897	357
34	267
41	40
205	939
899	850
31	156
906	868
690	909
34	23
897	908
701	43
585	560
500	26
724	451
681	899
690	538
897	80
700	791
681	898
911	948
672	724
34	2
43	886
911	970
692	909
49	665
701	647
34	366
49	299
493	267
897	906
933	912
32	153
54	610
34	786
951	646
651	609
34	687
267	549
796	53
34	897
574	343
43	933
27	927
642	477
549	381
872	663
273	1003
610	898
701	1017
940	179
538	531
897	610
934	283
701	915
310	68
654	21
34	580
43	691
452	898
45	51
729	1017
580	796
273	556
993	700
34	597
733	44
700	907
63	309
898	148
926	297
45	355
56	933
63	22
34	1013
883	934
911	2
907	58
690	508
607	1012
63	654
570	192
45	510
894	35
445	717
679	574
352	509
897	45
56	703
556	850
860	881
701	395
43	797
621	123
43	912
872	898
34	580
43	872
34	49
700	588
34	869
517	220
154	827
294	303
933	455
45	702
43	949
393	365
366	355
43	898
907	355
804	35
647	508
45	211
580	249
305	510
56	556
273	51
34	701
45	22
693	653
897	589
34	750
43	935
45	15
43	14
54	443
4	621
876	503
210	896
580	549
34	897
906	920
34	574
693	109
482	650
22	23
205	364
594	934
673	509
897	50
911	364
63	580
45	907
971	907
935	907
49	913
45	45
18	943
690	355
556	583
71	476
851	327
556	871
34	471
45	702
886	297
589	827
22	765
650	934
918	913
904	491
54	49
673	157
34	619
22	809
669	898
45	869
136	574
692	538
672	27
690	700
897	934
22	535
700	906
34	907
679	907
777	899
567	898
366	513
545	292
673	356
294	890
49	21
589	888
54	509
692	573
691	357
701	754
78	285
45	32
31	898
34	913
922	346
797	481
589	212
22	768
598	796
503	40
299	355
22	585
34	452
898	703
4	143
826	898
897	574
619	948
774	509
917	292
34	870
560	622
691	364
922	796
610	826
765	346
818	6
49	27
45	929
692	499
547	819
851	943
63	510
556	724
724	678
897	49
34	574
585	453
701	152
502	43
724	21
43	913
497	693
897	249
31	877
906	365
788	301
822	642
940	140
700	899
34	481
913	68
503	469
49	49
34	701
13	500
547	468
487	76
687	868
13	47
873	796
34	33
43	644
647	85
610	480
701	394
924	580
630	556
787	509
924	796
933	718
733	46
701	858
598	796
909	943
503	913
556	480
34	34
556	693
935	934
208	11
927	368
340	952
45	531
585	907
43	22
540	40
580	971
34	918
508	702
49	660
273	354
56	677
966	6
32	582
887	909
34	589
22	305
299	861
45	13
34	497
511	49
54	700
679	58
920	780
700	51
776	23
796	769
796	66
93	909
49	899
461	646
607	222
680	898
34	582
897	56
34	869
868	913
898	480
359	429
585	879
897	303
49	223
511	195
917	909
869	77
724	283
32	806
248	438
693	582
63	689
672	1013
34	924
34	899
913	1004
777	700
34	51
917	610
329	558
869	50
933	646
538	661
904	49
580	556
13	691
31	214
502	582
625	913
22	967
580	673
381	455
34	556
920	346
701	148
918	348
585	148
45	899
34	357
567	150
33	907
818	150
911	934
729	32
27	898
205	673
294	784
690	841
538	148
22	547
489	42
897	366
954	700
194	934
580	934
45	870
556	729
549	352
56	481
692	538
15	551
621	293
49	547
897	580
502	535
223	345
22	31
929	293
497	9
56	609
34	154
22	819
31	580
538	301
673	898
589	603
556	469
293	537
34	214
359	769
54	242
958	768
692	149
34	559
907	920
9	797
873	260
598	549
34	2
701	352
22	940
693	28
639	680
612	957
936	691
34	354
851	688
921	651
34	915
54	510
159	509
934	609
556	524
904	716
45	788
693	913
517	673
22	556
632	898
381	873
45	510
711	702
303	908
34	474
897	480
45	509
46	297
933	951
502	49
701	303
461	733
829	99
34	906
49	503
45	535
700	796
22	22
911	904
509	726
933	827
43	700
45	32
54	33
908	391
574	150
691	852
381	651
497	833
897	303
56	700
438	365
497	949
133	273
223	861
556	909
897	898
49	580
517	898
34	45
45	168
580	503
701	287
591	357
22	359
897	22
619	899
43	869
556	702
22	913
34	51
701	647
904	364
413	106
570	673
701	869
452	346
49	294
589	20
589	898
556	177
34	34
27	9
496	898
733	156
452	934
580	208
34	462
45	43
887	851
897	868
690	558
34	315
644	364
580	556
34	1021
511	49
45	21
34	176
497	56
718	498
933	787
34	499
589	297
43	54
580	194
49	693
393	693
493	40
45	551
580	673
34	368
908	355
898	898
47	913
352	780
904	898
724	88
607	926
447	346
580	92
345	469
34	13
911	215
29	197
34	971
701	574
509	943
891	597
580	556
936	294
511	538
911	933
924	23
924	873
34	22
34	686
248	700
776	292
22	509
840	556
933	508
580	549
366	292
49	319
672	325
933	580
43	942
34	700
612	695
679	297
294	551
34	34
693	310
729	436
701	700
887	939
502	580
556	33
336	293
303	574
27	148
607	510
299	939
49	934
34	911
897	508
221	481
22	962
49	647
205	693
911	556
897	66
897	45
511	944
915	990
18	556
598	601
484	1012
547	850
556	682
948	292
22	909
585	293
911	438
455	44
538	700
904	700
700	508
34	9
43	787
49	797
22	735
911	920
482	769
681	274
788	239
49	768
45	366
876	556
366	393
494	21
359	970
63	933
598	729
924	912
452	943
34	691
292	332
43	168
22	625
654	908
34	717
886	581
580	275
556	153
598	248
560	364
580	589
27	887
34	808
580	62
34	158
701	585
366	691
4	292
915	598
556	345
45	301
827	48
700	796
619	870
34	646
647	490
700	703
359	211
63	547
940	673
851	483
860	570
13	655
496	297
34	246
299	496
591	157
453	47
775	700
701	690
897	897
45	702
34	22
43	356
56	598
209	274
580	909
899	582
45	470
547	1017
34	700
384	868
897	702
34	898
556	208
34	571
241	673
45	938
899	703
654	787
915	645
580	700
49	358
940	13
898	913
43	626
868	898
511	700
556	381
556	481
681	909
45	503
907	949
917	585
926	920
49	151
510	483
796	364
34	551
701	45
690	825
907	907
897	700
913	468
774	468
796	907
904	957
34	27
34	22
898	47
56	700
34	347
34	549
700	700
49	140
700	1014
556	907
898	509
890	547
56	267
646	596
34	860
34	483
34	898
912	150
45	524
556	510
650	556
876	786
646	907
34	672
43	13
27	301
549	782
22	538
63	869
34	690
56	673
452	580
34	585
898	430
700	907
31	673
788	949
869	813
497	364
585	213
797	141
49	482
585	220
797	21
34	49
661	909
34	510
509	597
43	500
647	585
34	33
538	292
35	469
940	443
933	729
22	2
672	796
49	462
49	483
911	570
54	607
701	646
886	789
34	796
49	352
587	153
692	462
897	143
538	58
610	352
483	907
22	589
683	934
911	936
49	22
610	352
913	494
898	898
754	886
194	927
686	700
647	31
570	913
22	35
598	79
865	208
510	868
943	364
621	952
672	13
136	938
936	459
846	62
45	580
691	508
701	332
570	693
452	621
869	292
45	589
580	907
34	610
274	849
693	498
549	624
924	570
643	702
13	537
49	700
897	647
690	943
31	191
933	41
700	477
31	592
294	223
34	490
585	886
34	796
27	328
912	455
899	805
936	13
54	532
34	883
45	598
690	49
45	309
34	54
917	580
34	556
674	357
287	726
45	673
34	294
936	274
511	56
898	898
49	177
294	898
327	882
34	608
556	898
56	377
43	359
418	33
503	906
693	646
580	945
907	468
45	891
34	680
27	430
556	33
22	461
22	728
294	348
34	455
826	898
2	367
922	876
549	520
580	25
692	585
797	663
580	869
22	294
316	509
34	296
34	909
556	319
54	273
34	894
511	1002
22	850
574	557
701	898
34	594
44	469
701	490
34	510
1016	454
4	556
34	718
49	754
34	898
650	500
34	927
660	451
797	574
63	35
56	933
43	673
933	907
869	35
827	913
305	215
598	508
22	609
911	879
547	538
786	382
1003	459
63	700
22	567
248	898
45	42
556	509
860	546
580	612
897	813
223	209
357	581
456	798
509	364
701	13
669	700
49	700
692	51
897	28
906	886
45	915
911	436
661	799
538	769
34	356
34	949
54	452
556	868
654	724
868	796
22	2
915	580
610	788
598	907
897	898
154	1021
336	270
917	691
511	944
511	370
45	915
654	556
906	396
610	805
49	837
673	355
796	934
34	695
700	197
574	498
56	868
13	94
510	221
650	693
63	345
1018	459
34	511
998	355
357	23
49	499
43	283
594	927
580	610
701	22
915	303
34	34
580	537
49	223
45	456
223	673
45	873
853	610
700	646
22	480
149	508
700	1012
34	650
907	498
54	49
679	899
18	700
913	382
701	49
580	50
366	718
45	787
22	580
673	868
265	364
502	580
56	909
9	556
45	971
897	45
54	65
255	691
45	508
273	58
267	487
377	691
34	63
924	509
826	315
366	40
45	786
151	822
43	589
45	942
140	538
585	556
700	159
594	190
280	840
701	13
43	300
540	107
13	490
1007	899
49	53
297	562
497	509
34	43
940	660
49	294
34	678
22	796
34	54
897	787
22	660
796	364
646	509
580	342
691	508
34	456
45	345
43	556
222	180
34	34
891	365
943	35
45	598
4	292
34	869
647	700
911	724
915	222
34	556
323	508
54	56
700	51
898	24
933	962
904	797
34	462
49	303
158	315
34	990
603	149
496	292
646	898
43	294
496	909
574	438
223	567
43	913
508	495
899	913
49	610
223	906
951	220
43	582
305	693
789	913
797	222
610	194
312	445
690	556
13	459
315	611
729	898
176	700
673	898
700	1002
34	575
911	707
585	149
54	616
482	850
681	700
789	500
43	745
788	898
621	597
701	43
691	819
22	420
701	934
610	700
904	35
63	763
647	647
45	559
309	316
34	927
646	51
580	805
672	704
701	922
933	580
366	783
32	47
43	690
54	547
915	934
34	724
804	96
660	912
508	501
34	647
701	574
625	499
547	687
954	909
34	700
34	873
34	646
693	573
897	700
718	48
34	22
647	700
948	364
797	178
34	538
45	898
904	765
943	695
570	357
496	382
580	556
22	873
502	51
56	292
897	650
580	1006
49	786
951	850
558	193
924	934
34	574
664	509
370	510
797	6
300	913
34	355
912	310
34	904
897	70
63	498
13	580
294	934
665	503
34	897
34	222
869	148
701	907
45	293
212	430
894	789
724	691
22	585
582	69
797	868
694	76
660	796
904	179
672	589
898	355
580	869
610	416
589	724
45	710
672	589
661	310
673	453
897	45
775	51
678	33
594	496
460	913
34	701
34	580
278	528
22	357
858	556
701	31
768	436
43	702
690	904
556	1013
647	453
43	381
33	913
556	898
898	501
915	274
556	724
303	233
273	899
34	911
34	49
700	293
726	599
897	580
924	148
34	836
693	898
650	580
511	574
796	225
690	354
701	462
700	315
34	909
34	294
34	940
43	610
517	651
292	256
540	583
141	355
34	796
336	899
34	876
34	503
700	693
678	939
503	61
27	610
733	44
34	823
34	692
724	438
34	701
876	898
34	869
580	48
292	210
45	896
31	909
43	691
574	918
34	827
13	934
22	222
672	1021
549	306
34	796
517	364
54	556
580	603
538	509
54	951
580	195
589	796
34	619
43	907
297	221
585	585
904	936
45	841
547	822
34	580
34	776
43	461
701	213
27	199
497	647
43	13
63	887
585	898
43	646
248	292
34	691
915	547
718	700
34	893
457	693
654	621
556	913
511	591
56	797
796	907
483	509
31	594
700	494
43	151
377	819
43	904
897	353
503	868
370	898
49	958
911	872
754	314
22	418
922	498
22	898
45	580
34	556
34	693
43	483
841	898
18	499
897	203
693	455
56	303
34	453
947	510
580	547
598	700
21	292
897	156
556	418
897	503
34	49
646	674
897	274
56	343
34	63
22	913
556	797
34	574
754	868
924	898
783	301
692	497
580	797
574	796
1020	378
745	651
136	366
876	949
733	948
22	936
511	887
43	907
56	909
491	846
951	858
508	702
646	519
63	580
2	700
352	447
49	700
647	647
714	655
661	208
56	346
34	935
43	646
580	51
366	805
681	143
34	907
195	508
911	700
13	927
50	646
34	537
850	913
31	909
34	897
556	582
656	364
22	220
34	693
49	31
911	898
45	22
34	610
701	900
33	44
547	700
898	562
911	294
691	462
580	508
1003	673
912	886
34	701
43	625
700	899
654	382
851	898
43	598
381	503
904	461
34	580
22	898
34	179
13	531
22	357
574	700
56	913
788	508
869	220
788	657
452	646
672	774
589	483
43	154
45	886
681	22
49	370
34	898
63	556
510	874
34	647
886	790
690	904
679	547
701	43
22	580
650	368
45	787
22	589
22	13
34	319
570	899
149	532
580	788
897	488
580	369
672	899
560	907
898	913
676	142
714	899
681	971
34	701
679	851
887	249
661	826
34	754
701	945
183	896
692	702
34	56
933	877
897	662
54	700
917	729
208	509
898	913
222	582
49	609
877	939
580	436
610	913
668	952
43	549
43	907
34	904
511	56
585	538
647	630
701	54
470	733
897	849
724	357
827	898
381	364
665	1012
63	933
549	877
40	494
34	22
933	951
22	570
915	104
909	35
497	33
793	899
630	787
840	325
933	754
909	907
851	907
589	490
700	292
851	556
177	930
574	597
797	432
223	691
34	310
9	319
43	898
22	25
49	899
43	63
34	223
34	701
45	898
43	797
45	580
34	796
654	518
49	898
34	934
580	930
54	559
34	309
34	31
610	519
701	907
34	897
897	496
621	33
693	691
672	31
34	915
438	781
43	51
34	585
270	688
49	718
687	796
680	142
54	934
34	22
724	480
701	22
700	242
547	711
619	409
470	958
63	951
18	913
897	45
34	13
904	1013
280	220
34	922
1013	678
869	32
858	918
570	700
897	656
909	292
49	850
34	136
1016	687
342	53
22	510
31	898
935	868
294	598
701	325
939	548
589	339
724	898
34	1012
223	673
49	909
32	1017
917	294
603	381
873	357
45	340
151	352
290	691
43	984
679	357
906	841
701	159
924	157
868	508
34	297
43	850
701	610
34	40
724	23
607	316
556	293
352	459
700	934
897	145
693	463
327	927
34	704
701	933
158	574
580	188
43	22
915	693
915	384
607	503
13	24
34	909
34	366
13	298
933	510
34	458
876	769
34	49
607	797
700	40
897	904
869	606
34	956
34	904
701	49
822	1012
940	556
580	135
797	310
31	678
34	724
34	851
34	861
45	673
31	598
585	364
511	619
580	246
260	364
707	148
876	952
897	480
570	582
954	580
827	35
935	454
897	549
305	630
1013	495
560	33
43	724
34	319
34	364
962	274
531	1013
43	796
22	303
34	701
570	868
589	886
933	366
365	1012
765	674
34	45
585	920
34	601
701	27
45	873
724	653
54	646
632	214
45	549
685	24
936	700
701	459
45	230
911	898
926	481
34	510
580	580
460	948
22	510
496	680
140	724
897	935
45	580
570	360
151	220
167	547
492	186
700	551
63	567
589	193
951	745
34	798
22	556
63	547
32	364
897	49
467	441
34	646
22	589
45	796
729	642
701	141
294	357
34	958
580	908
639	913
34	700
701	538
13	898
482	561
34	208
690	49
580	594
774	898
13	990
56	33
692	22
500	952
22	934
647	587
700	909
610	273
679	49
49	724
382	476
897	452
275	769
701	387
936	78
299	899
34	56
34	922
22	786
701	924
27	13
580	370
31	693
34	933
34	589
787	508
869	1006
897	438
868	949
692	551
907	920
22	181
43	915
34	913
769	355
639	539
22	31
701	47
898	509
21	1019
509	297
185	906
13	580
646	972
34	940
34	920
509	879
876	797
933	603
43	273
294	148
804	358
49	700
898	274
509	153
22	598
309	796
700	934
851	700
796	558
729	680
899	426
745	138
45	598
580	826
745	24
54	665
49	703
34	395
692	22
34	701
701	441
908	886
621	540
701	733
701	783
556	534
701	897
22	79
43	876
56	152
869	787
701	366
788	934
897	339
34	347
45	949
34	598
603	32
589	664
897	63
689	508
915	78
589	678
869	700
690	850
34	292
574	243
330	673
898	292
34	45
56	933
907	60
701	274
819	28
54	547
765	774
897	827
647	703
897	517
43	724
580	509
511	935
610	365
63	753
904	56
797	1012
598	454
34	877
1016	695
43	906
917	22
54	486
610	621
43	799
681	22
646	355
63	944
904	933
49	691
690	873
491	40
690	691
485	297
700	460
869	913
632	661
556	556
924	647
701	711
786	237
797	826
549	868
56	823
303	222
34	580
34	580
63	299
34	598
603	462
132	1006
45	574
34	869
740	783
897	940
934	934
22	700
18	868
701	909
786	868
690	33
897	542
31	738
933	646
933	943
805	357
673	76
34	687
22	22
43	702
632	962
1006	898
22	354
13	535
580	570
897	301
911	898
366	697
701	56
22	57
692	775
34	21
49	346
858	292
34	509
701	436
151	908
34	701
34	786
951	378
701	799
43	651
673	943
701	951
32	283
63	608
377	441
31	943
580	898
294	768
43	549
724	35
1012	790
34	700
45	632
303	438
899	655
786	455
580	873
924	934
897	33
34	898
34	585
650	492
904	899
49	797
919	488
597	26
692	56
897	4
700	882
467	627
877	468
591	1023
580	899
556	767
49	607
951	366
45	610
733	503
897	970
701	151
904	768
438	898
452	517
869	547
43	724
672	944
911	364
701	691
49	731
922	786
31	366
27	700
580	478
840	310
904	538
34	963
598	509
621	786
150	769
701	804
49	547
907	913
909	463
45	547
907	508
774	509
503	796
511	49
700	509
34	18
381	509
598	673
619	364
31	364
438	948
18	999
34	143
693	636
45	907
687	47
585	673
612	220
43	452
482	574
897	557
640	508
701	915
22	724
309	480
63	612
775	935
34	269
22	44
310	148
556	646
647	149
796	509
45	574
56	583
54	935
549	676
621	956
315	445
222	332
511	585
34	899
547	693
899	909
911	934
647	292
27	299
538	907
43	948
692	157
787	364
159	548
907	454
585	700
897	78
538	485
345	535
788	394
692	580
22	381
585	485
209	486
899	306
585	556
497	675
580	280
34	323
502	488
502	700
589	700
531	355
34	357
63	22
549	700
701	22
34	270
49	539
4	535
43	797
899	544
56	650
603	796
917	899
56	952
34	336
841	896
647	909
318	799
34	545
701	598
34	393
45	355
678	596
34	54
868	886
22	909
34	301
460	907
22	58
34	22
897	589
786	149
701	503
704	557
43	582
22	907
580	873
449	909
911	850
22	292
34	31
484	538
904	1012
907	760
509	8
45	347
580	496
43	508
63	850
63	222
911	22
299	966
646	469
869	270
643	724
1013	480
580	509
366	459
898	297
661	33
789	432
580	582
45	535
693	378
585	935
366	538
580	805
646	595
22	876
589	33
34	822
898	918
34	904
34	899
294	211
45	345
797	510
692	68
915	33
49	574
672	945
733	886
22	650
535	535
2	798
729	187
701	309
882	78
887	211
511	935
897	297
27	383
556	364
2	294
56	556
680	292
312	509
907	364
41	646
20	159
1012	292
691	301
63	381
299	898
280	703
621	538
34	508
223	357
43	898
49	455
34	143
45	765
43	700
940	768
9	899
45	33
650	797
34	841
49	915
651	292
942	789
897	690
316	926
1007	77
933	899
598	196
54	774
607	292
438	33
294	153
729	907
690	607
897	754
754	1021
43	944
582	364
911	508
580	464
43	906
904	909
43	517
570	971
22	4
294	509
701	22
701	897
457	580
34	56
34	587
754	509
45	49
34	436
230	693
34	796
876	509
647	509
897	580
502	876
34	538
651	898
897	148
280	214
49	56
690	63
345	221
452	589
701	556
687	437
63	228
312	510
50	153
829	664
904	157
556	480
34	898
43	915
574	702
701	805
924	898
2	945
797	357
43	768
63	907
49	22
690	556
49	31
639	700
283	508
511	929
680	464
34	852
22	985
869	796
49	729
589	501
294	683
31	440
34	22
768	53
718	451
293	789
22	718
497	657
45	899
701	909
466	561
294	207
701	934
34	897
63	51
22	890
869	694
28	481
729	150
729	537
904	700
45	869
393	651
45	274
34	897
54	149
897	143
538	597
691	861
646	918
580	827
34	898
904	22
897	194
589	724
49	886
43	691
49	661
915	907
215	489
701	580
27	585
22	585
701	49
79	292
904	35
294	691
547	157
49	700
275	703
49	654
352	148
610	420
43	899
63	366
556	556
589	863
70	956
926	346
580	655
690	632
43	157
43	480
34	352
769	33
352	15
34	897
898	913
911	898
919	47
754	17
63	33
43	725
176	646
22	691
438	899
672	556
701	267
567	819
672	364
700	50
556	702
520	677
952	35
34	703
908	558
610	786
897	869
860	531
897	556
797	907
899	301
904	650
549	48
701	369
510	573
580	510
701	382
43	292
294	581
511	796
31	591
31	920
501	148
692	714
45	580
690	703
647	547
643	556
924	310
34	54
924	700
949	148
538	281
22	364
34	221
33	500
45	876
556	246
34	868
273	796
701	449
292	306
43	382
496	884
701	598
9	547
22	323
915	651
43	311
511	27
34	911
34	927
366	210
34	215
686	951
34	756
45	646
585	106
34	851
34	681
607	912
962	33
692	150
45	485
22	768
482	570
345	17
897	517
330	142
701	486
668	374
502	1016
34	437
45	49
547	220
951	1020
34	63
34	871
701	456
460	346
34	447
493	293
43	672
788	691
49	691
43	913
868	53
690	481
141	909
34	49
915	1017
34	580
701	608
34	49
22	798
49	31
580	1013
49	725
45	33
509	930
310	508
34	922
558	48
299	378
34	556
34	913
45	807
497	556
511	496
34	681
724	921
223	574
700	819
299	303
538	871
580	98
273	508
585	498
701	690
897	700
692	549
580	283
933	702
278	724
496	40
690	908
797	702
549	327
273	486
34	625
678	898
497	538
34	508
294	574
556	850
22	899
700	641
63	319
672	47
985	934
1013	877
45	43
45	581
556	907
438	973
356	898
701	483
34	898
45	51
869	47
692	457
647	208
897	971
43	665
54	898
49	253
150	364
654	574
34	4
549	898
933	547
502	292
34	796
701	15
650	651
876	913
22	797
511	49
897	672
34	700
510	790
687	892
34	672
54	455
692	179
22	877
690	898
54	4
34	547
933	913
478	275
34	155
647	547
22	15
797	503
692	273
513	221
49	47
49	344
692	661
915	783
509	297
45	898
934	934
686	886
34	56
598	646
898	722
34	574
45	300
681	700
22	382
34	34
535	644
34	610
49	31
915	898
701	510
724	481
763	297
222	51
610	498
700	700
45	345
34	647
22	13
897	364
701	796
690	574
31	345
911	655
294	455
788	700
876	556
861	609
31	556
701	503
535	383
718	296
34	692
647	673
366	355
13	603
701	49
294	556
54	700
34	497
9	475
724	394
672	346
497	598
56	451
34	294
34	43
22	4
34	267
45	556
49	665
63	898
915	441
33	436
149	260
45	2
49	22
31	584
31	886
681	549
589	926
869	370
897	489
54	549
34	703
155	609
43	745
672	647
131	221
393	680
510	826
754	510
701	375
34	341
159	644
34	672
899	382
34	499
511	537
34	366
34	769
580	339
657	148
34	528
700	850
49	898
717	138
366	788
48	937
63	689
34	797
43	882
22	66
909	152
718	600
788	58
54	364
34	45
34	364
342	232
556	870
294	906
906	948
911	43
45	598
140	682
34	509
897	294
54	556
911	603
692	690
700	627
647	610
538	700
294	211
585	700
769	670
580	510
580	223
461	436
32	934
559	26
34	44
574	293
907	927
184	179
924	31
898	149
9	220
876	35
511	585
556	395
22	462
22	877
49	364
49	220
690	517
235	909
740	66
22	693
850	769
34	34
933	148
538	330
511	687
49	556
700	409
43	673
45	294
484	270
45	499
646	346
45	797
347	148
934	357
589	478
34	151
241	909
27	694
22	303
686	936
34	621
897	822
34	517
692	22
786	510
897	355
43	957
45	510
650	648
22	580
556	556
899	898
922	949
549	473
908	483
366	873
897	796
936	870
935	826
701	56
897	897
860	898
294	797
911	510
34	898
22	669
511	277
538	62
34	692
647	2
150	78
493	934
45	195
610	366
34	510
22	76
49	301
27	454
34	47
724	907
594	292
673	789
580	877
43	625
951	558
897	31
940	797
669	508
34	824
585	619
869	336
45	544
642	21
503	674
869	589
580	508
497	907
692	293
646	33
510	908
43	27
908	934
34	63
49	538
43	63
589	920
556	913
549	538
377	538
933	768
34	933
547	547
43	413
315	932
345	212
701	691
63	383
34	177
797	500
693	274
22	645
632	661
585	441
911	904
915	83
940	687
223	898
315	23
453	284
940	311
598	797
22	222
819	823
34	511
4	382
904	23
897	18
49	510
366	898
538	884
701	45
585	366
43	451
556	366
701	765
701	303
556	21
897	499
275	509
22	310
241	211
797	898
574	913
549	364
911	796
56	769
34	897
610	557
724	991
223	429
692	911
49	887
594	372
359	899
34	148
580	898
585	212
287	797
294	481
897	586
34	691
45	598
934	77
510	292
34	680
489	645
701	574
43	1013
899	159
556	657
31	312
915	899
724	483
924	907
34	453
511	947
43	464
646	769
610	394
538	510
45	148
556	574
556	646
873	376
34	294
22	772
34	936
639	33
45	724
294	538
381	898
34	643
540	79
482	580
43	303
904	40
701	574
665	913
438	325
40	343
908	274
639	214
580	646
151	535
686	899
673	796
701	934
954	368
24	357
701	924
49	693
510	909
907	934
574	724
2	700
898	675
49	355
672	31
872	745
868	481
34	598
538	693
273	655
598	220
700	365
904	887
34	789
49	934
556	372
610	895
49	646
701	700
45	580
493	454
920	436
149	481
701	736
898	688
45	43
524	47
745	992
632	379
381	691
904	850
34	837
54	610
610	556
34	211
54	508
700	155
316	324
45	154
493	294
485	454
54	693
949	355
547	700
580	804
567	886
936	702
45	49
45	148
267	693
580	510
580	157
951	581
22	808
882	301
56	898
151	700
909	220
278	729
873	35
549	508
692	872
933	455
580	453
703	346
877	91
665	465
686	31
890	365
511	502
850	347
34	50
898	387
49	558
700	1012
911	156
556	646
155	796
34	908
897	787
34	149
872	509
570	531
929	364
922	713
556	687
927	934
366	935
693	8
46	691
63	876
891	767
336	501
45	132
350	509
27	580
701	345
497	13
34	49
484	27
911	393
701	438
63	480
49	703
675	495
899	492
868	582
34	716
299	949
933	899
43	702
43	573
797	393
43	936
366	646
34	184
556	745
34	370
569	481
869	898
49	31
690	700
700	700
4	580
872	274
43	49
49	898
911	56
580	203
49	898
43	915
897	774
49	294
366	868
49	273
34	45
556	768
869	310
27	33
366	913
34	701
34	678
724	150
150	596
915	168
538	700
22	797
556	556
34	904
294	221
549	907
241	673
34	511
440	907
913	920
560	895
34	258
598	778
876	547
34	40
560	661
437	297
34	701
954	508
922	296
570	849
594	557
34	610
49	551
497	54
933	918
598	898
56	655
911	574
556	40
22	912
509	918
869	250
681	13
244	508
897	827
49	599
567	1006
43	700
701	701
510	661
34	43
897	754
43	49
294	907
574	510
2	41
911	4
223	229
497	913
872	700
913	23
45	159
13	547
673	1022
574	678
45	60
690	907
656	556
511	511
556	898
651	1012
49	556
43	299
45	796
40	785
549	870
13	301
63	294
13	364
56	292
647	2
897	535
647	956
674	658
872	486
40	562
502	700
496	301
45	524
497	316
952	310
203	274
904	887
589	646
869	455
45	585
594	33
672	868
567	935
904	33
34	549
701	45
580	913
556	84
574	731
917	691
56	589
868	609
701	783
303	508
34	556
34	909
556	934
49	508
22	510
22	700
701	692
34	34
13	906
45	43
646	383
690	646
22	501
701	784
451	949
45	898
701	229
936	733
49	672
700	886
922	949
630	913
34	457
580	877
46	898
690	621
34	373
610	40
150	346
647	293
455	735
498	364
906	558
524	907
34	642
27	570
32	453
898	849
43	556
589	15
673	310
673	498
797	496
729	195
34	580
686	510
556	871
556	189
724	462
49	456
690	547
43	655
34	148
457	673
897	868
701	700
915	148
22	21
701	283
49	346
774	508
13	346
56	480
49	457
43	952
45	967
679	940
0	898
497	796
673	51
34	574
911	364
733	425
701	292
589	934
34	547
34	436
503	787
267	510
872	570
718	616
420	293
700	796
556	850
538	33
691	673
49	357
898	192
294	224
43	494
700	310
580	364
22	31
625	646
22	700
872	538
660	222
851	556
580	829
598	610
904	22
13	556
669	508
912	53
763	261
598	919
382	26
897	598
586	499
27	589
45	700
22	366
724	496
370	877
907	135
897	51
438	703
9	416
429	899
54	940
61	355
456	557
907	306
34	861
31	940
580	215
43	899
352	490
34	365
911	76
377	711
549	673
899	24
796	815
911	647
911	61
31	796
34	948
483	296
316	913
589	509
897	912
647	787
34	455
904	15
34	869
366	693
776	441
292	597
646	357
45	22
22	549
700	970
34	869
49	726
43	359
22	1013
576	580
701	49
294	906
890	610
426	481
953	907
559	557
2	150
27	887
509	364
882	35
43	956
482	594
915	1012
43	651
673	907
585	673
34	754
661	310
690	690
904	829
690	32
869	898
589	248
43	352
898	468
547	211
49	441
345	691
690	936
549	700
700	882
700	463
511	625
63	549
687	913
294	886
943	558
34	872
43	1013
34	76
934	653
22	556
668	557
223	687
366	152
796	907
574	368
619	700
49	483
511	56
43	700
34	34
34	458
245	703
22	556
897	927
701	381
898	508
43	1006
547	367
897	426
31	231
34	34
701	366
502	459
502	453
693	674
897	604
623	175
570	510
897	364
556	646
936	654
45	915
209	673
872	21
27	35
478	436
850	240
310	499
567	77
917	250
345	15
873	284
556	544
27	510
34	486
34	76
43	898
718	24
692	265
911	159
45	654
27	836
34	885
700	769
43	556
827	48
547	909
904	942
786	805
34	556
45	292
303	438
787	265
482	655
610	220
647	222
43	299
299	610
933	585
34	292
34	22
34	456
585	898
769	220
511	526
672	899
693	898
63	963
869	570
45	907
580	935
913	77
34	22
411	693
22	556
511	45
915	22
660	594
827	473
49	894
897	63
366	663
560	645
352	687
151	456
871	364
49	585
34	495
51	432
547	693
481	557
378	220
54	674
580	675
625	301
54	574
511	958
701	927
22	934
687	391
45	136
1013	288
610	292
701	509
556	868
701	327
681	908
496	48
49	13
610	898
4	693
34	700
625	336
45	646
646	251
672	63
580	807
558	207
49	285
509	498
701	359
768	700
497	382
22	486
510	673
646	243
294	535
897	94
868	544
293	703
940	558
21	251
933	551
690	927
43	481
49	510
690	585
299	700
690	598
500	802
897	898
701	691
49	610
34	690
904	56
774	898
151	556
27	907
904	27
651	949
483	898
43	909
797	537
701	294
556	345
547	355
43	693
700	364
556	899
22	1006
897	49
911	883
701	359
797	898
927	469
589	934
897	496
701	796
49	585
45	51
34	13
907	292
45	54
647	935
340	440
45	642
650	35
54	49
607	549
151	547
700	882
911	13
886	153
49	4
497	686
43	724
49	22
45	647
45	693
31	724
43	249
43	610
898	40
43	673
869	651
907	368
897	777
27	155
673	306
556	33
797	510
827	551
43	457
580	274
580	796
598	547
22	921
724	623
769	157
510	480
45	481
34	913
701	222
294	700
45	691
34	33
891	21
63	589
34	355
34	220
34	774
686	215
45	919
692	682
49	570
43	274
669	15
729	700
797	946
22	463
502	447
27	509
429	76
647	898
34	547
763	587
34	897
294	560
556	841
301	310
34	62
352	478
4	366
49	169
897	911
34	935
908	912
687	76
797	776
958	549
714	826
610	823
359	724
589	661
660	797
574	693
294	899
680	587
672	654
531	148
876	642
913	364
502	933
49	508
45	700
681	899
45	589
890	1012
933	580
589	556
49	316
556	583
54	673
45	270
690	661
49	691
701	580
294	187
700	673
273	873
580	47
589	646
13	556
34	621
63	364
580	913
54	22
701	149
547	558
701	310
50	879
897	343
897	323
933	501
273	40
177	545
580	898
45	1012
700	646
580	549
915	96
346	463
797	535
933	687
580	364
294	454
665	510
22	934
574	673
34	556
672	33
503	688
549	345
49	549
366	700
43	31
33	382
897	700
576	898
159	539
509	597
904	556
538	485
34	34
701	22
610	375
911	497
586	796
510	646
912	898
610	625
872	41
580	680
34	610
43	33
43	49
54	556
49	703
701	718
31	898
647	267
580	898
724	934
897	904
897	53
34	700
482	691
897	195
43	585
841	481
913	192
393	483
511	610
927	169
20	364
34	585
897	630
34	570
691	591
22	517
309	509
293	339
34	500
911	549
883	797
680	33
724	661
43	726
787	909
585	508
54	243
34	63
43	31
34	933
887	547
22	352
22	438
700	673
897	822
22	297
34	686
511	27
872	949
701	629
49	22
724	64
701	209
45	43
654	210
851	1007
49	49
700	510
43	297
502	920
151	646
34	598
316	293
940	496
49	352
934	292
34	908
34	911
63	589
897	868
797	364
54	22
34	868
2	377
27	726
54	223
607	455
22	377
654	104
690	647
34	907
933	538
49	509
556	754
34	679
898	509
34	827
700	509
909	364
290	700
940	499
556	597
22	673
607	920
777	437
50	934
49	907
724	952
45	650
45	556
700	930
131	301
34	574
672	546
43	933
123	949
467	677
701	898
43	744
45	33
908	41
22	614
34	887
43	899
303	657
547	520
511	538
22	509
693	934
511	13
598	456
215	297
34	500
690	364
172	796
897	714
34	897
34	576
924	292
580	788
654	789
34	293
580	381
34	664
15	1005
45	483
27	868
49	882
34	949
580	850
574	700
22	589
630	724
34	31
647	776
897	1013
898	148
647	558
34	49
700	678
34	49
511	43
911	726
352	680
556	30
34	485
56	796
437	233
897	24
531	646
294	700
43	690
34	692
22	913
22	582
904	365
535	909
438	510
43	20
660	706
34	948
729	509
625	503
22	294
681	247
897	223
621	208
538	700
141	354
43	151
43	733
819	498
549	364
45	904
549	920
580	898
511	909
34	511
692	898
45	776
887	943
897	915
827	357
589	990
13	47
603	150
34	293
34	678
594	509
580	220
293	53
452	556
34	936
511	443
34	898
768	700
484	547
49	646
951	796
34	897
619	356
354	343
49	687
22	958
34	642
897	797
34	547
701	171
312	687
580	673
556	913
285	103
205	899
598	287
797	720
43	346
49	909
43	924
580	673
899	220
580	747
22	926
366	149
45	273
13	868
580	596
524	247
49	700
701	589
34	365
491	485
34	509
381	40
673	796
22	560
45	346
985	343
574	868
580	943
672	673
498	55
942	364
34	483
510	354
869	364
692	724
556	436
754	496
22	370
898	21
31	673
789	509
897	32
63	301
34	700
922	913
517	508
700	509
580	926
43	804
724	285
34	35
34	774
34	538
511	13
679	556
673	33
580	777
897	40
876	556
897	489
869	499
364	364
547	500
783	35
549	733
608	927
556	687
701	868
294	310
647	898
912	891
240	33
915	585
49	501
31	574
897	301
559	967
869	724
805	604
887	668
511	700
891	33
34	913
673	752
34	589
970	898
672	380
673	702
34	940
924	876
483	77
953	898
13	660
27	868
589	1013
41	382
18	22
769	591
936	549
701	904
724	297
327	642
27	580
556	26
511	868
34	943
786	895
904	796
45	31
31	693
45	510
574	307
610	46
366	691
22	387
692	934
625	509
34	306
782	356
34	549
580	898
31	556
498	501
511	612
850	1012
580	41
692	18
43	492
674	499
556	364
34	381
22	429
701	22
701	899
273	556
49	284
897	9
34	680
752	907
149	274
700	77
700	898
2	726
556	157
22	724
27	547
2	382
511	689
580	574
701	503
31	66
34	701
511	621
34	660
962	1006
547	574
913	157
911	547
556	508
510	644
22	570
34	34
917	538
655	769
34	310
692	796
580	718
589	796
783	898
680	935
49	140
49	625
642	898
700	33
347	508
34	700
345	920
34	45
366	913
517	368
580	898
556	899
556	139
692	549
27	500
63	619
13	700
597	179
377	538
378	394
443	35
786	863
915	327
13	208
282	769
203	752
576	771
510	354
693	906
610	898
56	678
294	585
34	700
511	904
27	589
933	51
479	1013
43	913
701	49
299	693
692	296
619	547
580	907
228	76
490	544
34	598
700	501
672	179
580	796
700	939
580	582
49	922
34	176
700	61
907	382
538	297
34	293
580	481
56	895
34	260
34	875
797	604
34	70
574	300
27	700
34	34
294	156
511	598
496	769
700	375
34	582
934	551
897	509
754	702
701	157
576	547
22	603
34	936
963	934
45	934
898	644
34	460
150	325
897	538
714	292
869	589
904	920
336	680
775	498
570	508
686	137
377	624
589	30
701	56
191	463
381	688
49	934
949	481
920	315
9	197
768	531
45	981
647	580
22	610
701	933
897	692
934	148
898	149
513	472
438	135
933	148
31	769
686	273
22	580
45	56
796	945
294	898
690	483
911	672
43	665
34	538
45	922
669	148
13	824
876	517
452	157
797	700
701	868
49	368
672	558
610	700
585	494
13	589
701	498
34	489
22	549
949	295
701	406
701	574
904	898
172	378
650	503
538	150
34	220
929	619
607	886
45	904
882	33
549	907
150	909
34	827
610	984
897	538
797	1016
679	700
22	364
556	366
366	150
49	22
49	693
22	800
580	106
494	348
63	297
899	292
22	365
312	729
899	932
556	642
580	796
673	898
22	1013
22	898
355	508
34	695
34	438
22	269
45	680
22	300
378	564
292	148
347	920
496	150
511	868
897	668
868	870
899	306
43	580
841	40
933	899
345	918
54	365
1020	898
49	669
701	786
672	915
151	898
34	292
915	366
919	873
660	621
45	887
34	701
34	510
43	220
151	646
833	556
34	556
692	700
43	508
936	556
223	453
34	673
869	393
933	868
585	489
897	359
610	273
580	898
49	898
949	364
672	700
700	673
54	799
952	292
34	280
580	15
502	949
690	485
701	907
34	45
34	934
49	33
34	898
918	178
942	703
45	482
511	517
56	11
701	580
22	159
687	365
922	509
556	150
49	797
898	600
34	27
49	418
756	508
556	788
700	907
580	319
724	646
672	20
840	700
951	688
34	22
43	674
897	933
922	33
535	688
34	309
34	538
672	2
502	674
701	49
294	557
509	382
438	662
655	592
49	895
673	210
34	49
869	886
34	850
763	364
34	704
701	580
27	868
54	598
769	315
45	700
700	661
34	33
701	733
54	877
31	538
34	897
27	292
661	150
294	335
500	920
679	963
34	1020
911	672
598	673
43	49
594	310
531	508
21	508
701	556
43	589
556	24
13	776
497	556
851	547
625	907
913	480
745	378
4	250
898	21
485	702
34	364
936	678
915	155
43	860
576	301
246	439
672	471
672	306
906	141
43	580
580	908
947	700
580	366
511	745
34	34
692	49
678	152
589	769
417	939
701	556
150	499
607	556
31	35
34	681
701	978
352	394
535	364
45	49
365	913
585	364
438	934
958	563
556	703
851	700
34	556
43	904
34	724
43	813
908	796
54	1019
278	899
692	246
43	788
511	264
621	364
365	455
701	556
692	690
939	292
34	886
273	498
1013	934
685	149
34	60
359	52
63	733
34	918
922	567
309	547
34	700
34	556
701	51
43	904
580	868
195	898
208	645
510	898
911	510
917	46
623	728
580	700
27	907
34	729
765	468
701	939
34	332
359	898
413	455
908	51
559	364
911	381
868	33
305	509
34	2
692	556
150	910
43	489
34	610
897	31
898	509
4	41
45	283
43	13
701	934
580	789
54	318
693	315
34	1021
700	314
610	700
22	556
650	496
43	898
27	508
43	481
45	43
31	549
876	364
818	79
549	926
718	683
556	23
718	678
887	130
700	121
43	569
985	537
34	701
594	343
786	913
897	223
34	898
647	889
34	681
733	481
418	909
700	319
701	49
909	221
511	140
654	454
49	580
63	22
589	148
911	848
690	869
511	299
34	209
151	827
45	13
692	917
503	646
700	47
580	443
56	587
898	499
929	935
45	691
598	804
34	646
897	958
917	556
18	151
45	79
642	212
551	57
22	677
34	692
280	25
915	922
27	40
924	560
511	898
9	556
556	429
643	346
911	933
45	510
915	1016
34	45
935	582
897	904
56	33
897	556
222	927
391	48
598	462
680	913
556	724
692	49
49	849
34	583
672	76
13	677
556	898
43	285
221	771
660	17
1013	459
786	843
34	580
299	609
924	796
678	927
45	787
871	364
690	580
701	942
911	333
805	907
185	898
897	918
480	548
646	339
45	651
503	898
195	481
869	487
934	486
502	150
911	899
897	611
936	501
34	789
461	547
49	501
34	34
34	359
886	508
203	907
34	556
690	786
897	278
701	45
933	547
43	797
692	898
45	971
34	303
913	364
897	934
43	316
869	678
34	585
647	40
598	336
34	590
851	926
34	837
873	40
364	702
273	651
580	500
511	691
45	316
556	454
294	547
556	906
22	907
933	27
745	700
511	364
580	508
43	634
13	345
43	812
34	150
589	492
549	733
45	154
158	909
897	724
797	908
897	786
701	178
22	775
34	585
222	306
222	934
34	391
9	598
904	775
869	138
690	21
33	302
1012	451
904	868
43	915
939	675
34	49
913	652
787	970
34	531
701	294
906	382
34	701
692	461
31	789
34	692
701	510
22	381
574	33
580	687
443	646
13	274
729	693
511	934
56	570
556	274
40	95
45	22
79	510
33	62
897	868
589	673
22	315
22	646
484	556
642	365
56	349
585	57
480	481
31	51
510	927
610	724
673	210
34	933
49	22
2	868
580	898
899	66
45	898
484	700
43	338
788	934
580	456
690	573
34	40
34	933
871	319
556	913
18	887
43	531
273	797
49	538
887	547
954	876
647	589
43	210
43	589
904	292
34	49
34	936
22	509
585	450
733	441
34	609
43	500
49	672
589	366
672	632
158	453
538	913
693	898
869	926
511	94
34	22
49	774
549	301
294	826
724	691
34	718
185	549
49	673
589	508
610	220
672	21
589	567
589	991
540	364
700	913
619	32
701	31
897	891
690	49
43	598
690	951
585	913
549	657
34	897
580	611
22	945
612	381
796	220
45	911
49	194
915	462
898	441
701	796
556	898
673	454
556	531
605	356
701	805
22	694
585	646
43	22
280	574
897	700
690	27
49	623
897	639
692	907
610	558
294	454
22	294
724	645
583	40
897	142
22	745
864	368
580	35
692	700
509	884
359	868
672	915
350	735
45	43
34	912
45	681
876	215
610	485
701	918
869	500
43	277
897	693
45	32
704	346
497	556
933	655
49	364
45	54
691	508
678	907
49	22
897	152
34	945
34	27
547	898
45	868
294	899
309	248
556	788
34	790
692	336
692	754
31	294
45	560
868	898
34	151
43	824
273	538
957	870
672	673
646	787
647	580
556	819
43	724
159	500
34	933
249	212
535	718
43	718
647	724
701	456
509	934
34	704
45	345
549	510
452	170
9	868
701	33
692	155
691	898
558	499
31	909
56	927
22	869
908	898
45	294
366	357
22	431
49	680
49	48
926	907
54	621
647	598
22	546
693	691
701	49
664	909
933	250
898	382
22	898
294	898
954	365
556	907
906	519
929	680
585	292
647	1020
45	646
797	868
34	585
34	49
34	517
34	580
701	223
813	980
520	655
511	510
589	248
49	33
27	41
904	53
951	510
549	327
701	538
701	366
509	753
49	621
294	691
827	700
559	889
34	594
898	907
170	918
34	22
34	724
294	945
13	920
610	556
701	54
897	585
580	47
265	382
576	223
49	607
34	690
13	292
248	150
510	943
34	858
49	47
651	907
701	63
869	944
701	63
672	56
34	958
915	574
49	375
45	56
294	310
34	191
701	4
574	899
34	31
45	56
898	346
797	700
511	480
701	897
650	700
45	729
701	598
691	548
580	678
34	45
897	43
45	4
43	294
43	877
34	593
34	662
701	148
49	556
729	21
768	173
13	220
610	898
49	823
921	283
701	197
700	285
299	574
43	305
192	725
45	789
898	228
34	619
549	532
49	868
904	315
34	253
45	913
45	364
34	883
724	539
909	40
43	359
647	292
650	199
958	394
797	873
610	91
933	621
701	581
827	564
610	691
724	297
701	787
700	78
665	585
701	790
34	765
585	265
45	869
45	1012
899	909
872	1005
647	480
34	34
43	500
933	547
27	869
34	796
267	556
45	13
922	496
393	1017
34	701
27	222
763	691
34	355
34	43
393	789
580	549
43	860
34	887
651	918
43	425
34	151
589	21
1016	496
49	212
45	382
43	209
43	49
34	581
191	796
580	938
650	898
56	898
538	535
63	303
556	898
556	700
911	646
891	276
692	799
511	356
34	850
366	908
899	868
31	869
567	378
669	898
897	319
34	724
34	680
580	44
580	338
655	796
797	898
43	610
45	700
34	580
43	621
41	673
869	221
49	311
34	309
634	221
911	368
49	947
898	486
701	589
34	293
49	556
49	509
34	933
660	211
54	22
549	868
63	31
550	573
309	524
646	355
49	858
34	22
610	339
940	610
45	156
897	920
920	508
656	913
34	686
34	777
883	547
547	314
34	545
897	364
897	610
352	616
366	519
34	13
701	483
4	78
49	212
700	945
2	797
692	13
690	487
498	677
589	51
915	859
797	292
34	580
509	798
897	336
27	898
538	469
34	221
155	51
681	327
510	877
915	898
33	33
897	240
54	310
22	837
34	20
904	22
43	675
585	210
45	276
724	689
22	851
869	33
556	547
282	939
877	382
797	490
22	625
61	787
34	388
297	48
443	949
34	354
701	897
789	898
34	693
897	598
497	49
223	693
897	610
769	441
34	909
947	909
34	909
34	703
789	956
43	63
897	703
43	560
34	909
509	909
700	952
490	509
49	293
49	806
104	93
258	700
223	804
18	509
271	898
898	913
654	580
701	875
54	661
299	517
672	963
724	691
34	915
43	915
22	797
585	355
511	547
34	585
22	673
691	948
511	501
43	508
915	90
556	358
511	933
897	531
297	35
34	693
299	673
660	607
690	40
547	28
701	294
34	904
701	13
647	33
43	556
646	909
692	274
897	911
34	632
43	345
904	574
915	868
934	382
498	220
580	531
700	315
679	580
574	311
673	564
701	700
549	248
45	140
45	718
690	580
43	22
22	700
34	497
45	13
933	537
556	483
612	1006
556	934
319	213
899	673
294	393
45	872
43	871
22	580
45	164
1013	934
692	223
43	381
2	33
933	603
933	898
897	920
904	366
34	45
63	153
22	356
700	655
49	309
933	850
43	673
686	898
56	900
796	1014
899	796
701	54
34	897
13	294
34	470
951	436
915	594
672	260
679	918
219	796
45	510
897	223
49	700
899	301
45	496
56	580
594	645
800	454
580	215
34	366
904	22
922	939
632	591
958	538
34	22
897	899
673	877
34	366
556	898
34	538
309	35
610	796
897	43
34	701
45	56
56	850
556	574
34	43
547	907
580	243
594	939
34	310
580	700
691	1017
9	247
258	733
9	107
574	444
438	177
535	907
869	898
43	509
952	454
27	293
603	573
292	148
647	859
646	898
610	436
34	549
934	156
27	898
490	685
930	270
547	508
691	276
908	620
34	382
299	680
34	826
372	990
170	657
294	509
391	875
483	495
34	796
904	750
34	538
34	936
701	899
796	469
49	287
43	343
34	459
49	894
585	282
549	700
22	754
34	34
686	943
27	899
503	148
13	580
869	545
34	932
580	150
580	827
305	556
1013	898
680	753
22	452
547	646
49	646
603	695
660	366
511	368
273	691
935	909
580	695
149	965
904	547
672	1005
556	311
895	509
34	45
45	904
43	574
22	597
589	691
940	141
34	364
869	898
45	971
496	355
31	678
34	878
49	933
34	556
580	364
899	351
502	607
45	547
899	912
661	221
345	898
933	646
45	497
34	650
366	898
681	560
63	28
34	891
47	53
49	691
511	297
34	724
897	31
570	899
366	724
222	769
700	211
917	680
580	796
704	285
898	648
34	33
430	220
754	957
290	724
352	926
574	510
22	898
273	898
630	438
904	625
270	364
607	558
796	582
939	292
9	252
610	556
899	494
788	846
580	607
690	21
45	65
672	294
22	556
34	330
915	750
700	365
911	869
897	45
22	700
294	549
45	927
34	221
574	765
934	799
339	26
34	352
497	354
34	209
2	151
261	508
680	898
701	691
45	22
34	869
228	581
797	646
680	558
43	547
915	585
692	646
215	51
589	556
556	651
585	480
49	952
482	381
594	934
938	896
34	365
31	667
897	912
701	1003
897	212
34	509
323	898
724	934
693	455
359	560
915	776
63	787
22	162
897	22
598	500
887	148
63	312
43	509
632	899
364	48
701	43
700	404
899	877
574	494
786	292
309	673
56	215
585	345
679	150
876	796
496	646
897	870
589	503
22	151
898	469
915	899
692	292
876	483
643	589
933	868
661	192
309	898
22	33
701	45
951	149
754	700
40	575
904	898
897	899
701	77
45	32
679	589
27	366
895	508
695	250
63	651
45	763
27	364
819	950
434	718
678	347
700	177
502	724
679	913
2	560
510	882
556	556
538	655
309	898
700	14
796	178
598	646
887	694
898	871
547	1012
34	754
691	96
570	560
549	700
647	907
701	582
34	672
359	301
911	768
911	292
585	700
22	898
908	905
580	646
580	443
34	673
701	818
34	703
897	943
34	43
580	556
34	673
598	704
293	949
690	27
897	580
54	702
589	589
370	754
34	700
45	877
56	687
580	574
43	56
580	47
754	898
701	524
365	909
31	297
556	898
34	511
510	354
34	43
904	850
43	909
45	703
869	729
34	776
700	274
34	899
632	693
924	149
700	898
45	357
34	45
535	1012
690	27
556	33
27	899
365	53
915	454
686	319
303	598
34	49
34	49
700	198
34	34
54	680
357	702
511	49
45	868
27	927
574	895
34	34
34	535
45	195
502	672
49	51
34	292
45	646
898	848
43	496
580	48
34	134
790	695
915	1012
701	43
883	249
45	647
470	285
672	585
911	454
646	787
690	908
786	688
63	366
509	909
701	702
556	934
45	971
352	430
13	148
840	366
420	693
647	585
45	959
911	43
22	664
381	364
580	610
560	1013
647	297
1021	909
897	556
34	796
500	213
418	898
797	574
701	13
34	580
701	267
904	229
897	700
769	509
625	33
43	365
701	9
54	619
646	188
971	582
940	927
954	35
497	621
34	991
45	22
926	382
43	913
924	898
672	221
34	126
674	394
309	898
869	538
537	128
574	449
34	700
365	509
45	693
438	441
904	22
897	382
897	509
589	796
598	868
45	496
632	796
56	169
585	704
461	2
580	560
899	481
897	45
18	933
511	551
352	850
34	511
45	898
43	51
897	273
690	517
897	517
34	236
936	357
34	22
665	700
598	24
294	920
915	665
909	310
34	690
43	610
447	508
34	34
34	9
639	459
34	22
650	913
56	776
589	788
462	149
79	301
585	176
594	970
34	868
672	796
45	4
34	13
34	619
869	179
294	556
63	894
7	557
733	868
598	33
690	580
922	455
701	574
826	301
22	355
701	782
701	589
580	908
538	693
915	868
461	215
966	769
690	53
511	668
700	311
31	954
43	647
647	9
632	918
352	292
589	567
681	40
49	788
621	673
49	907
580	248
455	15
34	21
520	496
54	660
54	366
31	501
701	687
22	639
788	476
267	678
692	210
701	347
497	913
45	501
34	15
22	913
497	500
34	933
352	724
797	934
34	30
34	480
34	647
897	607
603	48
34	455
869	510
580	55
34	7
692	625
547	651
45	913
556	377
680	274
589	79
500	62
672	538
22	294
27	556
701	142
869	1013
345	460
1012	301
556	1013
482	607
580	673
511	257
933	769
34	511
701	287
589	873
151	796
34	56
45	21
692	283
22	481
34	691
567	700
585	157
511	43
34	915
294	898
690	394
34	475
906	796
502	887
34	531
22	580
701	22
34	31
54	151
665	483
49	265
294	357
911	556
646	11
580	826
556	700
43	882
34	220
574	364
34	702
538	495
49	687
34	947
724	463
1021	909
294	898
303	556
191	357
22	447
34	920
692	43
897	558
34	929
933	222
701	315
882	220
34	71
701	498
922	547
598	346
574	559
796	292
13	210
904	294
34	32
580	549
43	159
625	886
908	508
940	494
647	796
796	498
34	292
34	438
31	422
700	383
768	211
45	49
556	357
860	943
621	220
9	154
556	41
511	547
897	220
538	648
678	51
908	6
502	607
940	300
630	797
22	786
701	540
34	899
49	131
672	510
700	667
690	383
904	357
54	538
646	927
919	153
580	503
580	700
701	381
647	787
22	273
34	294
45	22
897	45
580	483
510	680
549	150
585	619
43	683
311	33
49	40
22	481
701	933
625	935
650	580
49	797
510	796
34	495
898	702
34	883
898	477
692	1021
610	388
788	943
366	661
934	364
899	274
34	913
580	610
915	509
547	338
45	49
701	898
714	700
869	700
646	689
917	827
729	357
45	567
933	829
34	570
34	898
34	34
1017	508
34	509
580	273
43	603
733	99
672	13
309	908
898	508
679	452
693	913
33	849
43	934
869	510
690	556
34	913
681	580
34	301
49	898
915	500
922	310
899	33
924	556
34	364
917	625
544	232
34	547
294	943
22	891
27	580
701	700
701	589
49	887
580	558
269	789
27	693
436	454
294	508
34	796
872	675
438	274
869	693
22	933
43	915
851	19
840	898
56	453
34	933
294	501
897	786
34	909
470	292
309	517
890	655
366	508
915	178
701	292
461	869
922	580
34	498
691	826
77	499
947	796
661	909
45	585
34	574
556	381
580	898
22	574
869	610
209	221
868	498
22	691
940	907
31	501
34	198
22	654
34	483
556	33
691	926
692	221
897	49
31	899
933	31
917	796
45	62
897	2
303	411
701	359
621	483
701	535
904	31
690	436
34	899
502	619
63	700
797	646
34	572
34	301
34	549
452	2
22	908
292	48
43	580
34	292
305	531
56	364
43	383
898	480
868	909
647	1012
692	827
898	67
876	508
538	907
690	804
49	556
535	899
869	913
897	508
34	796
511	887
580	198
45	148
672	856
797	498
589	703
589	508
45	880
34	63
63	150
4	869
897	292
278	148
22	894
22	655
359	818
49	929
34	438
34	56
2	700
1007	33
911	789
43	909
754	943
898	557
556	674
221	148
899	927
940	381
690	22
945	387
34	598
510	912
899	220
45	49
619	898
510	877
947	50
482	51
1013	271
783	509
34	375
49	589
151	700
701	474
510	927
897	150
43	774
897	647
517	222
897	193
931	796
897	850
27	717
827	503
589	265
502	945
34	580
672	299
619	573
754	238
34	443
701	549
589	797
931	150
34	56
647	826
678	558
309	898
377	574
700	673
531	338
45	647
660	532
701	897
681	22
531	913
22	368
580	703
27	503
535	898
899	292
13	152
22	642
904	310
692	443
729	25
303	949
22	103
920	441
589	700
898	15
34	482
911	813
897	293
34	22
700	913
340	661
34	459
904	873
547	559
598	242
22	598
34	49
381	215
897	352
580	598
556	345
511	53
50	680
668	141
316	934
918	870
701	56
43	63
701	49
45	22
662	283
502	22
18	31
511	898
34	786
34	898
34	49
690	913
692	789
45	15
1009	700
43	796
933	35
549	501
567	178
34	303
45	769
294	501
646	192
31	754
851	769
381	868
299	718
897	278
672	18
56	582
906	508
915	221
580	824
594	695
34	897
800	700
34	45
692	549
947	292
210	220
45	913
455	445
34	455
607	718
585	52
185	700
273	678
869	873
915	581
22	13
872	724
701	556
869	673
556	366
510	943
610	340
869	208
589	899
22	382
32	150
45	496
907	292
49	364
958	934
45	610
538	966
45	690
691	923
49	915
34	904
788	558
56	700
31	206
570	221
574	934
222	703
897	911
34	898
700	33
963	898
509	689
511	547
34	908
898	44
540	700
556	927
13	549
951	585
610	789
897	453
452	346
162	799
897	220
718	149
520	510
788	907
701	306
294	556
159	703
383	918
453	77
651	499
911	556
34	508
547	560
49	556
49	416
49	610
45	357
911	547
796	934
27	33
673	66
303	325
34	913
610	336
700	646
65	51
54	538
724	440
273	939
556	535
273	661
897	280
547	509
924	559
897	702
594	950
918	315
551	544
580	906
646	364
701	55
538	70
673	500
589	503
47	364
511	904
34	913
307	148
556	177
701	556
933	13
908	220
49	1016
883	894
303	209
933	576
22	654
43	220
43	868
701	511
22	556
646	66
672	570
293	744
873	532
22	394
701	215
1016	783
692	700
50	211
647	898
366	850
45	687
56	700
701	58
13	868
619	32
909	292
917	927
49	453
294	557
693	907
897	580
580	574
34	509
547	587
273	913
34	869
580	858
54	589
34	701
796	382
585	549
34	22
570	700
34	27
924	907
647	169
672	786
933	355
34	178
509	857
585	40
796	508
43	63
538	178
45	56
43	364
898	232
34	687
701	293
34	556
646	796
804	510
13	495
547	934
34	207
692	872
511	418
908	678
4	221
33	884
34	932
503	943
650	509
34	34
22	898
293	116
700	394
273	441
589	769
34	898
34	692
34	59
34	681
911	509
701	598
621	364
34	701
18	724
789	609
701	911
56	364
293	508
511	580
864	501
49	700
657	927
27	913
22	700
646	826
54	868
22	797
887	898
151	292
954	364
49	580
287	912
861	907
483	509
33	909
466	898
701	691
162	354
222	945
563	934
33	33
49	729
701	909
34	913
869	700
929	646
34	873
594	610
692	70
547	352
585	33
2	509
701	381
692	947
34	580
547	275
580	166
868	89
763	50
898	501
580	455
34	702
556	700
701	897
909	212
673	796
911	294
538	691
947	718
249	455
45	970
897	642
456	487
797	898
141	913
34	150
938	33
49	645
45	934
945	932
34	610
585	556
650	1021
287	564
700	365
690	898
34	480
517	700
647	1003
43	828
935	536
580	556
796	544
897	538
693	673
556	646
804	332
692	177
646	934
49	220
34	27
574	375
34	912
34	18
933	899
18	319
45	647
22	21
598	365
686	898
692	352
669	549
701	173
34	898
45	700
851	724
869	556
517	700
22	342
869	646
366	868
34	34
209	454
869	508
701	850
868	149
1012	516
904	887
700	582
222	898
701	796
906	93
43	22
34	438
538	292
34	190
796	24
915	686
692	580
27	619
869	598
497	247
45	632
935	907
612	436
22	309
860	501
681	585
686	729
45	482
345	274
610	898
34	43
22	267
897	823
701	585
438	105
49	21
873	913
686	538
547	42
868	199
43	495
549	492
372	293
933	693
49	377
898	892
692	556
897	500
701	45
34	565
45	930
502	877
911	651
275	685
651	364
43	292
31	560
904	724
906	339
647	32
34	56
897	754
381	567
883	105
899	508
911	454
56	914
915	503
630	366
49	934
691	365
672	796
34	49
467	509
32	364
936	377
34	49
672	878
34	45
340	700
669	297
49	531
43	754
34	581
34	365
51	67
651	364
538	177
700	582
479	733
34	765
34	318
556	870
497	274
642	355
34	768
27	826
693	40
899	898
574	508
45	625
598	347
34	436
429	691
43	155
22	538
27	574
700	861
574	700
27	934
701	621
646	150
701	610
673	188
570	141
692	453
819	898
904	724
34	22
531	877
897	54
580	700
34	303
630	729
491	942
754	458
933	220
897	598
690	639
621	556
701	9
511	49
1013	222
393	642
692	142
34	897
898	23
49	13
22	646
248	215
43	346
22	869
690	580
911	583
915	538
34	957
249	1012
31	1012
34	11
222	33
41	210
580	906
34	215
34	637
244	469
589	310
34	915
34	948
598	375
214	325
517	886
151	826
701	956
294	192
691	436
651	934
797	180
556	33
45	508
897	49
909	285
502	448
859	558
190	718
45	679
681	33
691	483
22	51
56	558
876	873
56	447
222	69
556	517
34	907
915	913
447	148
897	567
701	898
580	582
921	1006
556	50
897	285
45	898
700	464
56	453
693	489
485	949
585	934
547	33
54	1012
34	915
34	27
336	714
535	898
933	508
510	169
49	35
45	537
908	501
788	673
580	898
672	881
907	508
176	691
34	904
34	510
454	548
43	483
22	832
513	909
27	789
951	724
580	702
79	898
700	787
381	508
54	934
34	49
345	700
858	796
610	365
673	898
511	1012
800	468
45	547
851	729
34	538
672	913
34	610
580	274
673	913
34	293
589	768
366	436
22	700
49	32
897	621
690	796
796	364
34	936
34	503
899	436
34	876
690	702
497	32
911	898
607	551
63	157
34	22
301	250
49	315
904	54
4	898
45	574
690	454
915	13
869	305
173	956
691	364
547	913
897	934
897	650
31	580
34	898
894	573
687	934
908	51
54	482
610	939
45	303
574	714
452	503
580	52
646	898
22	673
43	581
78	325
686	274
897	294
352	850
366	898
34	861
497	898
547	509
924	700
701	509
690	508
642	364
34	137
777	908
860	538
619	490
574	700
768	850
556	886
610	213
511	1012
312	265
898	927
869	41
520	364
31	319
264	787
647	510
303	364
556	142
365	157
933	41
797	509
610	549
701	917
22	509
34	832
897	63
580	310
511	724
580	375
580	580
34	850
45	921
366	222
906	455
701	660
45	598
580	297
897	700
34	683
556	644
43	210
585	222
804	220
22	589
729	718
589	609
598	887
911	485
851	429
582	508
754	826
547	456
786	693
619	583
538	724
2	510
898	35
911	510
692	868
692	288
610	777
141	436
621	687
724	44
860	76
570	943
34	556
34	49
34	646
692	691
850	134
904	220
775	729
610	673
647	134
294	1006
869	788
598	567
869	935
511	22
933	456
479	393
197	498
18	22
294	700
647	436
9	724
483	348
869	878
366	703
45	303
933	292
50	228
359	747
22	946
27	463
34	43
547	395
681	510
34	580
49	558
34	876
34	556
34	786
49	520
34	370
54	461
496	898
598	822
681	574
580	907
898	689
686	9
365	53
678	871
911	499
594	503
898	47
43	754
28	949
34	22
654	343
49	22
580	372
54	597
556	868
316	797
45	49
34	620
518	898
365	17
2	556
567	934
904	56
49	294
230	187
754	673
672	898
45	911
34	40
34	311
899	655
510	913
34	909
345	10
34	671
56	939
492	365
34	511
45	951
49	549
47	364
768	436
45	455
691	898
700	430
456	198
897	539
700	222
701	911
45	777
54	495
897	556
54	22
222	565
580	15
34	897
904	142
701	556
607	492
34	34
27	718
34	34
203	249
915	559
701	646
214	454
549	678
681	587
34	453
868	249
56	13
520	508
56	868
899	51
538	798
701	1013
34	311
922	823
887	1013
700	918
868	509
886	934
933	297
34	788
580	585
34	610
54	580
589	950
309	720
294	680
70	33
936	580
510	691
43	625
27	823
34	1012
651	292
448	283
56	1017
43	22
22	589
720	508
49	702
934	292
701	497
876	918
34	45
49	148
63	598
556	222
897	970
49	898
45	913
898	53
54	679
589	40
887	796
690	673
936	598
872	365
690	510
34	438
851	33
340	700
580	598
783	33
915	181
45	346
669	129
922	531
690	346
917	319
34	526
560	908
22	508
34	352
49	453
22	909
34	34
43	481
678	23
510	15
511	661
482	246
510	618
22	15
556	556
650	784
897	1012
22	612
452	551
567	822
701	610
34	468
34	200
610	508
827	171
951	827
22	294
22	352
691	584
511	753
22	898
34	589
49	589
911	874
502	805
63	933
13	301
511	168
63	546
96	799
34	189
2	598
45	275
869	691
915	22
33	481
34	939
43	58
938	661
49	503
718	909
381	240
294	822
1016	798
294	556
316	59
45	149
34	49
589	693
267	724
570	841
34	691
22	364
45	382
45	63
312	547
603	549
223	547
598	591
195	47
49	104
43	49
45	673
869	567
151	868
34	45
34	776
34	43
45	20
915	364
701	850
301	192
511	22
31	909
655	948
34	911
461	691
34	429
22	27
538	365
897	45
34	750
899	913
34	672
49	194
887	192
556	293
871	274
672	927
788	430
915	130
701	559
672	2
920	481
897	851
54	909
49	556
49	508
365	33
904	454
411	774
43	197
223	549
49	580
574	454
922	510
54	915
654	788
34	868
482	909
34	151
908	481
15	165
34	18
34	366
34	580
31	583
851	438
22	294
904	222
327	898
18	868
826	297
45	43
45	651
898	33
45	366
701	909
478	364
493	509
897	951
70	275
150	301
34	556
587	357
27	580
347	346
897	438
897	538
897	943
580	542
223	796
34	940
500	221
359	375
797	148
556	608
294	913
691	884
869	827
149	297
607	548
449	246
690	382
34	897
194	956
34	556
915	840
639	700
650	611
4	673
701	647
13	483
31	150
556	708
556	678
215	582
827	265
34	49
43	294
701	348
45	693
31	370
898	907
309	733
692	598
34	549
701	454
143	364
141	796
580	496
897	906
56	297
43	359
818	293
297	91
493	509
672	22
646	481
718	21
56	922
897	43
63	873
908	898
49	49
580	700
898	907
911	951
43	560
589	695
580	221
27	93
872	536
797	787
34	45
34	13
340	480
711	898
729	451
594	375
34	34
40	175
724	52
897	27
63	40
796	941
34	13
150	769
933	870
911	632
580	804
54	499
556	868
34	580
54	493
691	458
549	768
909	455
45	547
580	828
873	306
680	573
498	519
701	788
34	813
34	56
105	463
718	934
538	927
942	913
517	510
556	765
34	538
701	547
897	926
897	45
700	394
701	294
2	549
701	580
911	898
922	594
625	943
690	586
54	224
701	537
933	869
140	868
45	43
43	610
294	79
915	56
149	228
911	953
482	943
692	58
700	680
517	297
22	556
292	328
580	152
646	192
336	693
897	274
1012	498
43	594
598	934
701	580
34	275
672	556
56	309
538	240
32	292
43	729
538	364
9	547
673	913
701	920
45	1012
906	898
359	531
942	907
34	933
625	60
34	556
556	912
897	345
496	40
869	787
18	912
1016	306
34	610
482	921
43	294
34	934
574	538
280	538
34	940
45	49
155	898
887	822
891	878
897	481
538	906
574	293
287	691
33	913
693	244
701	890
215	508
511	915
49	22
720	47
672	788
661	581
869	508
366	40
458	346
2	248
580	153
911	621
673	459
851	499
897	729
34	34
580	558
43	149
22	647
701	47
556	509
560	33
556	718
34	556
911	724
1012	313
34	610
647	483
547	455
345	700
585	556
782	763
908	478
840	549
354	537
690	850
672	796
897	301
607	898
724	700
574	678
22	700
701	898
34	340
646	970
150	215
897	365
4	876
34	877
681	364
49	580
49	869
898	455
547	177
31	646
49	788
18	711
381	769
49	797
45	457
876	898
768	724
647	680
382	481
556	907
43	646
718	500
34	292
556	626
364	652
589	212
45	933
897	580
897	22
2	907
660	509
34	811
585	292
34	841
598	700
556	498
429	931
873	551
970	509
917	646
933	700
43	359
49	179
43	898
598	157
690	222
904	49
701	907
365	898
818	1013
402	462
22	920
267	445
43	611
34	679
535	700
49	625
509	644
34	509
49	796
603	538
690	705
49	718
56	263
913	627
598	133
31	700
897	660
908	480
549	292
556	646
422	945
796	455
370	24
836	148
665	139
915	157
136	796
668	805
915	33
54	873
457	580
176	500
580	883
585	556
34	494
56	799
940	250
34	55
34	786
598	864
509	51
897	890
607	499
647	549
49	796
915	877
547	818
701	509
34	511
898	898
22	898
556	868
34	560
556	908
45	517
701	186
585	364
897	505
274	445
24	662
43	904
149	495
503	934
524	826
580	32
34	222
49	547
484	898
34	63
49	574
922	581
34	897
34	692
701	11
34	63
45	788
43	303
1003	357
25	702
547	10
158	885
43	788
13	575
646	215
511	33
690	673
22	342
49	895
294	221
603	500
34	43
63	869
34	18
897	661
33	35
45	22
482	90
918	557
420	754
22	945
876	310
936	193
31	939
438	680
898	33
370	700
687	573
524	24
34	816
517	906
621	850
796	436
897	194
897	580
700	646
915	909
43	572
22	700
933	372
43	647
34	34
22	580
585	365
895	898
1013	863
580	297
765	346
691	148
179	558
34	918
598	256
897	364
674	149
899	215
724	42
841	898
768	886
894	684
929	547
34	366
679	868
693	382
45	22
34	43
701	673
141	188
43	312
34	897
679	827
580	303
933	248
904	2
585	826
34	907
316	938
45	539
359	76
692	517
724	292
886	509
43	580
872	364
619	549
897	700
34	43
887	364
34	493
34	573
366	886
56	787
45	598
904	15
851	556
63	594
898	481
364	708
556	364
34	861
556	702
43	503
54	580
22	998
34	938
22	292
872	481
470	797
311	149
558	562
897	496
34	34
364	364
33	436
45	688
904	926
49	285
34	43
49	625
701	334
701	323
34	35
49	580
679	387
897	45
45	851
724	187
352	724
13	775
34	912
580	151
692	589
43	300
49	689
366	559
598	186
796	787
700	657
556	538
700	898
619	547
805	265
904	294
701	934
610	453
556	909
49	686
45	66
49	770
45	436
1017	292
54	357
511	56
54	149
56	222
660	429
598	693
13	927
598	908
287	40
22	610
45	580
654	560
47	355
34	897
49	899
13	560
662	1015
556	436
49	650
768	691
45	222
924	310
45	906
43	666
897	22
293	898
556	220
45	656
733	157
724	691
396	193
461	621
580	673
701	503
869	468
690	948
877	383
151	357
733	583
273	517
56	939
452	580
493	355
951	700
34	754
511	934
733	700
904	827
913	382
580	632
580	769
34	45
679	869
511	556
701	334
45	248
151	517
43	580
547	517
701	509
43	729
549	913
915	546
2	913
724	301
45	79
909	909
33	480
904	907
34	34
787	950
154	478
556	488
897	218
610	382
701	672
491	673
691	444
897	851
872	456
556	499
34	34
1020	42
34	377
34	898
647	213
13	868
54	49
501	481
692	193
34	557
797	796
768	868
56	700
897	49
556	301
509	33
933	311
549	148
700	106
22	872
877	455
897	436
22	21
366	754
933	673
897	294
45	700
556	673
97	651
43	31
912	348
34	34
898	364
603	688
22	48
700	135
453	35
31	787
897	547
576	765
681	292
43	655
850	207
34	607
701	50
911	35
190	673
549	898
922	22
43	535
700	149
927	934
692	607
34	689
690	913
49	293
511	603
297	201
552	547
693	157
920	301
370	378
45	700
585	463
907	455
701	150
34	45
352	509
155	357
701	913
22	646
656	665
625	509
54	509
904	580
45	49
482	22
547	1018
922	869
45	848
556	588
34	692
294	598
43	686
43	481
56	796
49	47
915	918
580	547
701	690
934	301
345	700
43	647
898	21
22	918
34	865
151	343
700	908
646	796
836	40
711	193
711	292
34	42
365	907
497	547
43	549
646	40
639	693
585	776
940	907
18	913
34	580
307	609
34	32
673	195
851	774
911	13
45	43
34	754
690	305
533	597
22	585
27	355
34	936
654	509
510	471
34	700
598	469
560	28
580	582
22	858
384	691
934	995
873	156
933	13
672	159
13	796
598	48
501	881
733	218
176	481
701	580
897	700
655	249
22	325
692	22
22	886
701	603
485	436
580	151
672	934
933	27
65	673
763	50
729	94
485	77
21	348
13	598
701	911
63	639
797	508
34	461
45	589
45	436
922	22
585	508
502	868
289	28
43	693
690	508
672	556
154	503
22	538
444	581
897	724
897	453
43	457
49	471
589	538
690	909
868	868
899	661
549	879
547	306
598	315
869	797
45	297
