732	893
306	420
336	430
234	499
336	9
385	760
786	670
628	943
336	188
442	737
336	506
234	372
614	532
9	713
83	510
111	786
850	709
358	800
111	199
51	800
732	550
732	943
734	493
325	307
175	106
455	111
571	760
336	772
9	358
310	25
336	307
113	600
464	269
532	822
336	249
175	376
628	578
641	734
9	1016
622	904
259	985
943	44
501	220
111	739
786	844
887	760
336	363
606	636
336	816
968	438
391	194
467	800
336	285
336	9
450	519
628	756
175	943
336	826
234	134
60	543
111	225
175	760
111	786
850	858
943	699
300	871
69	604
175	906
111	436
284	284
420	612
628	75
134	250
930	74
234	670
732	519
336	503
602	29
786	467
628	135
675	493
968	459
336	670
678	225
625	160
467	256
336	628
234	732
845	160
532	391
532	737
504	43
122	137
656	660
678	1016
336	683
336	917
270	985
175	690
336	436
670	603
628	837
455	194
336	145
968	625
336	336
625	879
767	737
982	191
336	310
111	606
111	362
670	442
336	966
234	786
369	898
45	658
628	391
670	217
234	786
336	694
336	362
713	111
336	398
628	786
982	519
234	234
436	822
464	467
943	381
111	398
9	111
66	689
542	194
234	563
670	123
336	301
850	444
336	850
224	0
111	898
800	135
442	848
381	700
732	636
336	862
259	837
336	234
656	826
826	968
336	853
259	760
826	786
786	906
175	775
786	873
501	211
628	943
982	432
358	493
786	606
9	420
837	943
628	362
336	175
670	800
344	512
886	398
504	964
284	194
647	10
837	1002
234	670
786	550
310	697
336	928
670	760
336	135
957	194
727	647
17	31
713	493
670	882
837	912
943	44
571	776
234	266
398	898
336	9
336	294
234	1010
625	444
111	544
9	135
850	1005
917	984
79	483
786	19
127	191
922	611
336	943
592	794
9	194
336	111
1016	307
1010	843
228	436
727	307
9	837
800	85
336	527
850	930
786	532
628	854
656	933
336	1016
319	772
220	537
436	1002
111	934
455	593
670	887
631	65
886	180
325	906
806	376
1010	143
111	760
1016	737
678	281
532	122
300	600
336	670
1016	621
336	51
604	895
336	786
9	501
501	723
220	33
550	943
760	647
336	9
281	1007
464	734
968	194
467	91
327	85
670	228
51	45
336	464
800	122
897	134
957	44
625	692
9	985
217	135
510	41
694	391
420	943
628	999
670	503
578	776
578	381
336	259
656	772
732	912
625	45
372	1010
362	481
850	75
1016	344
391	334
96	294
1016	504
401	170
850	732
625	760
336	593
786	972
74	493
9	45
111	179
111	445
917	246
809	760
786	563
362	867
111	760
359	259
922	113
722	541
957	805
837	837
464	981
678	857
369	493
670	10
786	396
234	457
111	866
968	682
318	612
578	966
988	943
504	344
886	627
628	504
675	197
336	464
751	135
628	94
175	943
111	962
495	389
336	504
234	220
175	867
336	912
727	149
111	943
527	111
957	670
336	408
111	904
336	584
342	794
775	766
234	883
336	527
442	131
9	310
9	234
532	79
656	467
9	786
527	135
837	248
111	837
336	257
60	675
917	868
430	234
455	968
760	722
786	286
826	968
957	320
982	683
79	119
336	922
111	555
628	786
310	44
336	563
732	141
612	87
837	837
336	462
678	879
510	918
786	379
667	943
739	760
670	23
812	249
51	920
837	443
943	519
628	734
532	981
307	726
732	837
628	943
751	943
602	800
51	936
678	997
9	310
593	741
336	504
336	234
128	606
746	442
628	181
75	480
336	968
362	691
670	532
24	143
455	837
683	416
786	408
786	680
307	493
897	493
336	111
389	943
336	65
952	225
336	1015
945	182
336	628
732	945
656	94
504	358
336	943
228	295
527	307
593	217
420	318
888	800
201	25
29	149
234	912
760	483
277	120
1010	447
628	211
786	141
336	259
917	392
69	442
897	307
527	922
29	727
968	670
336	259
9	1007
656	120
837	877
336	95
234	219
786	32
336	246
63	257
211	879
234	1010
943	519
628	647
29	816
111	194
51	24
1016	816
29	493
111	151
837	158
436	895
336	516
943	734
9	194
175	210
234	590
867	194
358	4
336	670
800	442
327	943
397	945
336	234
826	984
111	530
772	994
786	257
472	877
800	113
9	135
957	467
527	111
111	837
336	220
336	800
760	374
336	957
175	837
837	760
437	506
628	544
362	943
336	9
837	510
336	393
557	467
886	625
336	111
336	931
336	789
816	1005
826	279
988	612
111	827
175	628
336	51
358	943
234	737
786	1010
888	318
175	59
96	307
9	308
336	29
336	609
175	689
9	467
362	943
982	127
111	307
968	225
234	837
912	493
336	436
336	1016
175	372
234	225
904	590
786	589
713	1005
886	274
519	376
812	848
527	760
769	194
455	420
886	903
590	444
670	734
982	364
9	943
336	0
864	408
175	44
732	44
336	749
732	172
9	0
51	917
185	734
220	943
760	467
1010	194
678	388
9	578
336	336
234	957
22	831
111	749
968	135
1016	135
96	766
786	358
111	358
85	294
732	943
286	519
765	649
362	135
327	988
917	1010
336	740
336	904
336	300
225	578
467	867
336	69
111	217
786	593
799	912
336	786
732	192
430	194
111	943
734	204
336	385
628	225
850	344
51	111
682	792
641	381
443	647
657	478
145	194
628	612
670	66
950	709
175	879
670	943
844	519
1016	63
336	898
824	105
886	694
60	732
336	430
234	358
144	632
628	350
51	625
29	442
628	590
336	416
52	737
160	288
175	786
336	205
85	692
628	776
866	423
613	276
794	543
656	51
1010	734
519	65
678	537
464	592
194	848
786	670
336	603
111	1023
74	590
336	400
957	224
336	51
527	837
9	427
786	578
786	225
336	532
194	776
800	442
670	943
943	257
837	590
571	179
336	359
670	225
430	464
9	357
336	760
837	112
808	734
191	760
464	675
553	519
886	29
786	544
670	220
417	734
284	786
234	113
519	194
175	111
336	181
336	175
401	436
886	625
9	675
336	436
670	122
881	482
571	837
368	726
175	527
968	612
101	392
101	943
464	307
336	310
336	837
504	943
336	257
912	943
336	786
336	495
510	887
420	837
111	571
336	349
336	44
234	1019
656	706
290	800
464	372
60	46
259	225
165	649
305	160
6	675
656	787
844	467
478	120
760	806
837	207
336	786
306	760
57	877
542	279
430	786
336	530
310	898
9	259
888	60
844	760
123	141
755	54
678	1010
310	877
40	519
678	877
1016	44
336	234
826	647
628	628
670	145
111	675
760	433
9	917
675	584
234	668
336	816
837	532
499	172
717	160
295	792
430	111
628	501
284	75
325	21
732	307
467	44
310	981
957	934
141	392
826	152
450	481
336	275
336	29
625	593
968	912
111	442
1016	740
837	800
234	44
336	542
467	734
886	792
555	519
532	310
234	111
837	792
992	806
571	739
336	234
837	307
988	706
420	649
727	593
837	467
336	799
185	296
51	427
29	493
760	683
391	436
1016	6
571	149
199	344
501	837
648	300
336	392
957	310
826	760
544	392
628	328
336	641
120	113
111	259
837	543
336	847
224	837
336	94
812	578
234	510
628	739
60	160
29	79
542	837
660	755
9	532
135	774
544	650
385	837
675	578
175	931
135	188
625	94
362	374
234	670
670	776
912	358
760	122
191	519
826	358
904	680
857	273
886	362
234	234
837	904
656	962
336	881
625	898
430	327
816	189
786	391
175	968
957	670
259	780
586	755
442	483
362	898
786	917
329	943
349	294
504	88
942	647
336	259
9	906
336	122
170	124
336	29
628	950
670	257
670	300
111	670
336	449
225	612
464	225
501	660
327	765
336	887
628	519
336	760
427	657
175	837
29	837
336	749
234	143
1013	822
23	943
522	467
225	113
734	35
96	851
670	636
837	943
812	578
336	111
336	336
175	844
527	879
94	715
319	953
111	121
718	1005
786	442
542	593
336	342
336	578
656	259
786	464
635	294
571	675
786	248
336	930
111	448
175	91
678	331
866	754
175	667
470	883
336	436
18	113
60	436
495	982
853	802
732	612
670	734
464	912
660	918
51	493
220	961
331	493
336	74
886	934
772	44
527	555
606	837
694	1010
336	957
628	930
760	578
430	464
111	667
436	442
999	269
886	649
799	699
886	683
123	44
336	57
111	29
859	151
336	981
850	874
9	569
887	734
420	17
760	591
234	280
336	493
690	836
234	780
9	430
628	105
761	519
336	259
850	625
336	151
60	882
234	149
850	141
670	374
336	670
522	877
60	145
786	343
336	943
464	362
897	847
336	599
9	371
328	749
881	369
135	194
336	111
739	760
470	181
336	678
656	786
467	553
760	44
259	693
220	760
532	295
336	670
751	563
678	756
9	800
113	981
336	336
455	734
336	543
336	408
111	862
175	9
101	281
786	359
219	757
826	17
756	709
683	943
1016	899
628	837
336	800
234	648
678	188
336	211
234	571
512	85
336	894
732	703
845	13
670	259
9	142
336	792
527	786
219	113
9	998
37	981
181	726
9	303
504	760
754	122
160	374
625	907
391	307
656	943
220	973
342	475
111	682
542	228
234	800
40	887
754	670
141	85
175	628
519	309
625	242
259	436
9	522
895	641
606	734
837	522
602	957
336	185
670	760
881	760
602	119
650	792
786	493
888	592
63	478
760	398
527	205
336	343
968	420
1016	339
628	18
1016	362
917	459
430	134
75	837
3	775
670	867
678	579
982	591
225	621
571	670
362	581
732	737
220	831
667	778
670	113
602	837
327	35
359	641
85	113
499	26
760	374
336	732
448	716
336	720
628	670
968	205
122	683
732	87
325	901
628	464
450	555
60	160
418	155
362	868
694	211
175	9
1016	844
336	225
887	1010
726	291
522	44
336	493
979	760
51	217
1016	737
128	670
812	943
625	593
175	982
336	628
522	964
1016	116
837	516
786	522
9	211
292	60
837	481
678	259
336	111
9	590
29	44
111	670
957	274
9	440
749	594
912	794
292	734
761	492
912	44
628	792
29	420
837	135
800	1010
464	310
504	681
430	242
336	836
968	982
757	931
336	44
336	943
234	372
628	544
234	968
111	151
1010	44
57	356
675	845
786	694
968	670
837	191
220	980
850	670
259	225
957	257
9	961
111	519
175	670
336	63
358	210
656	467
175	578
359	848
106	812
9	527
527	776
175	307
652	23
336	23
809	800
625	822
522	792
310	1010
670	578
957	537
327	758
675	647
918	1
794	160
336	220
163	44
1005	872
362	631
420	961
228	197
504	493
527	831
678	158
625	760
968	171
542	806
628	91
571	1010
850	225
670	362
786	493
732	603
219	868
628	939
336	211
336	928
886	430
359	670
437	625
51	726
359	186
175	904
1011	760
9	1002
9	52
336	743
336	44
362	480
234	475
888	1010
336	743
522	943
362	257
9	719
982	180
111	504
219	112
670	837
957	516
571	307
336	336
930	160
670	310
604	408
760	160
760	943
327	408
336	535
544	506
336	678
427	760
51	504
362	943
678	492
850	369
950	625
186	23
111	544
111	612
336	135
578	44
862	943
336	563
628	44
957	310
199	510
336	943
606	442
761	174
120	493
886	197
510	74
336	211
175	898
641	961
504	460
1010	994
912	700
336	656
336	850
106	113
336	806
175	8
234	906
1016	467
982	709
501	786
336	606
628	917
336	358
336	488
336	327
135	879
827	806
336	617
982	151
640	493
760	635
279	244
336	253
420	606
678	459
886	111
822	948
950	481
336	739
1015	467
307	248
111	807
327	599
9	135
433	590
837	530
175	365
933	658
51	776
66	550
336	709
9	886
749	192
9	957
982	709
336	877
930	44
376	906
436	695
504	44
479	859
786	982
259	760
224	188
430	113
786	185
532	800
88	310
233	166
358	364
9	806
24	760
219	392
175	786
51	455
310	521
336	234
9	9
571	436
760	307
284	837
29	79
336	362
968	968
175	726
917	176
9	365
611	986
85	943
760	44
850	449
336	181
306	1022
803	699
842	760
224	985
336	625
532	667
234	194
111	60
336	543
234	504
963	760
656	943
761	917
984	647
905	647
606	982
641	378
631	181
881	449
522	647
735	558
988	113
175	826
259	197
53	294
786	578
220	358
656	670
301	331
670	220
982	1010
786	91
188	257
135	985
957	800
786	800
175	904
886	578
336	895
625	593
957	578
74	519
1002	737
628	111
362	392
656	23
844	331
336	358
571	749
449	578
29	982
427	887
786	840
228	194
760	376
527	786
867	516
9	495
23	699
336	358
527	436
23	740
786	982
327	642
420	862
968	241
325	751
727	625
968	194
837	467
199	181
467	642
670	391
569	619
543	87
9	2
336	982
175	641
881	113
111	464
628	135
470	647
306	732
336	571
336	943
111	331
69	760
850	381
709	907
259	904
866	1005
794	647
943	848
336	143
385	675
667	943
336	467
888	943
217	442
670	848
336	362
51	376
760	145
336	670
336	969
201	220
336	459
800	316
336	988
358	307
786	1010
111	358
670	420
336	336
917	325
593	225
727	647
749	408
670	188
1016	578
175	111
234	111
101	808
175	527
504	929
9	276
760	895
516	408
837	706
336	101
111	224
694	300
678	532
826	285
837	493
234	464
982	356
641	877
9	234
713	228
113	475
122	18
336	854
336	642
943	709
336	861
336	336
83	215
837	558
968	964
9	734
467	23
886	199
310	904
234	1019
362	555
430	826
336	385
336	172
895	315
420	142
886	888
628	44
175	897
336	553
336	10
322	276
826	985
786	358
670	775
336	1005
307	378
310	760
988	519
532	675
912	760
467	918
904	709
571	837
437	917
786	44
625	604
74	143
175	111
219	331
336	17
234	420
243	21
467	692
786	160
349	325
175	57
336	917
712	883
349	776
234	355
60	376
628	898
932	776
850	867
102	926
667	943
111	672
806	567
259	344
957	362
732	985
837	709
234	897
963	334
675	1010
957	998
336	336
628	510
982	307
996	44
628	627
628	17
430	449
1016	113
628	623
510	220
9	832
917	904
957	716
786	847
800	948
29	943
527	17
111	981
760	145
349	943
504	328
336	228
181	331
336	259
464	342
625	848
656	362
284	625
943	456
678	1010
930	310
826	732
464	44
786	467
527	917
442	981
786	356
985	605
336	467
912	981
532	135
786	625
420	881
175	1016
111	786
336	703
519	664
571	470
982	391
837	943
912	191
60	812
727	376
175	310
111	670
837	113
368	467
427	300
342	604
66	74
327	197
29	480
29	943
336	872
336	101
1011	864
234	917
571	60
968	225
9	220
175	943
950	943
336	336
362	1019
760	135
628	220
336	1016
336	732
336	18
259	342
336	625
234	943
51	917
220	358
732	463
259	689
760	578
683	422
336	199
858	837
450	1010
826	211
29	70
442	681
234	945
628	532
220	804
571	625
1019	578
897	224
602	786
786	617
886	455
826	220
479	381
786	519
175	532
786	571
336	522
917	60
259	964
389	647
501	60
292	943
602	786
336	917
51	760
1016	113
57	120
760	734
912	295
760	181
826	327
670	928
9	914
336	550
517	113
336	837
772	739
837	44
430	917
135	943
734	166
495	145
427	749
9	938
336	385
510	984
427	1010
344	398
234	571
401	45
9	756
670	506
336	628
336	826
504	225
336	259
670	732
442	100
336	786
628	837
800	578
786	121
111	772
850	493
307	381
571	690
284	670
760	225
9	455
837	57
175	106
670	191
336	504
276	493
760	151
9	599
234	675
732	837
175	670
328	408
464	964
527	726
670	760
625	594
675	740
175	943
228	113
628	501
234	527
888	135
336	831
408	242
60	837
220	648
1016	788
450	85
936	422
544	760
336	655
175	220
464	760
480	943
430	362
111	152
786	246
943	898
917	647
886	449
850	670
602	621
544	785
670	883
336	584
794	133
9	276
170	537
420	535
310	331
754	453
837	617
293	647
943	774
259	759
175	625
259	519
17	500
51	101
826	603
224	257
968	882
957	542
175	943
571	732
175	113
670	641
627	771
60	414
175	413
561	20
968	966
760	249
886	612
527	358
656	152
794	328
259	945
501	319
336	943
628	723
472	436
175	760
532	519
175	1019
442	584
968	901
800	481
467	831
886	760
904	45
40	1005
571	814
837	809
670	889
826	743
516	135
175	1016
336	854
336	647
336	234
912	920
328	647
713	276
571	670
60	667
604	188
578	709
336	504
69	113
436	988
224	188
504	947
628	385
401	220
175	786
527	307
1002	835
544	220
217	303
336	571
675	612
57	44
234	837
176	363
336	535
279	307
144	928
336	448
9	307
628	447
760	860
336	760
957	259
170	760
886	670
765	943
675	453
85	519
943	605
478	493
682	703
336	800
678	950
886	241
726	442
307	943
9	510
412	562
672	1002
69	130
982	973
199	447
336	234
450	700
336	478
850	786
362	760
732	943
732	269
826	219
814	861
365	901
837	675
60	519
760	39
307	356
358	194
845	113
385	952
800	456
111	592
234	240
259	299
816	837
844	44
406	734
430	111
732	449
9	522
153	493
336	957
467	233
532	307
628	339
886	328
319	909
336	957
336	526
670	333
234	225
1002	172
417	734
385	1019
1016	158
234	135
385	211
336	647
886	558
234	867
111	760
544	470
881	519
175	420
175	18
228	347
957	917
336	943
657	333
656	837
29	786
336	44
912	225
801	71
470	800
9	60
623	776
464	829
917	760
525	683
625	555
670	376
430	234
197	356
29	578
123	800
51	217
175	886
917	45
145	63
912	749
336	259
602	1005
650	532
455	792
234	448
628	0
358	943
220	389
342	194
670	375
678	878
670	693
527	917
29	816
220	307
542	420
336	1
336	800
690	774
527	259
532	578
284	875
826	760
519	1
420	642
199	17
850	786
349	960
194	113
670	954
628	111
675	447
101	60
362	1019
628	709
369	442
315	113
219	318
6	760
495	535
336	43
336	244
837	709
60	74
837	276
628	284
628	79
1016	276
165	800
845	197
362	737
111	29
234	362
274	760
968	1016
542	532
694	467
648	943
336	1016
464	146
336	725
602	504
336	175
799	328
111	333
732	516
1019	10
464	25
420	590
175	647
175	917
504	837
234	365
625	443
678	822
427	760
336	336
837	665
943	774
24	943
336	242
670	318
761	325
837	442
181	1019
917	845
101	135
519	743
578	442
837	372
904	120
760	74
571	670
656	774
670	943
336	925
336	234
732	257
336	327
850	319
336	51
504	79
628	111
772	436
917	734
628	550
732	675
9	625
467	331
800	369
111	786
362	1019
571	420
774	241
527	101
917	982
336	957
310	832
794	225
917	391
555	999
800	985
281	623
527	806
9	959
532	725
420	522
578	792
981	906
175	743
111	59
801	63
532	307
336	307
135	506
259	578
50	971
344	609
786	143
455	266
886	898
29	837
678	943
578	692
670	578
336	932
385	194
968	786
428	848
31	442
9	943
336	578
652	194
175	113
185	704
837	800
837	50
749	10
362	854
571	769
29	786
656	636
430	513
52	276
943	269
420	591
709	981
628	46
628	542
604	563
837	374
877	906
472	612
111	10
342	879
532	113
656	442
430	898
464	344
66	882
678	10
310	249
29	425
420	837
234	760
9	194
860	519
930	165
912	904
51	10
29	44
60	862
336	111
336	519
336	968
501	912
234	501
670	376
57	414
850	352
850	362
336	922
9	504
532	113
527	135
757	483
96	1010
9	786
968	928
194	398
455	181
522	800
60	928
472	197
656	234
141	310
336	194
799	837
234	760
628	578
336	1016
678	760
826	476
6	617
544	776
359	420
234	857
443	44
75	816
606	532
175	965
527	448
982	550
628	984
234	305
336	279
628	442
571	862
760	647
565	568
279	522
628	401
604	398
786	310
519	376
628	683
628	427
175	191
628	294
628	242
336	420
336	165
234	968
628	344
259	943
464	612
336	578
886	556
336	718
464	521
9	519
968	449
968	521
310	17
285	307
886	846
336	527
912	563
652	191
336	113
678	217
327	135
678	812
336	727
175	604
837	912
60	408
761	854
284	893
211	442
66	191
761	837
888	760
175	319
175	181
468	943
342	194
656	436
467	734
234	519
652	392
175	82
886	917
336	578
9	234
60	358
279	837
234	678
632	77
774	442
495	146
760	91
449	442
786	557
760	240
234	584
391	376
449	158
675	943
462	891
220	943
336	592
199	816
842	134
336	806
837	176
336	930
786	871
604	883
504	194
111	937
336	65
336	670
850	826
319	569
826	510
175	1016
9	848
532	310
175	968
1002	700
760	44
336	683
181	160
628	578
284	519
233	620
385	603
210	398
175	220
943	972
930	837
336	336
656	792
982	135
194	647
259	829
420	837
974	300
181	516
670	391
66	210
967	45
29	306
336	894
430	220
776	655
930	111
336	9
786	675
308	655
670	806
606	572
191	537
413	378
455	1010
336	310
310	854
670	772
430	527
336	111
9	111
826	563
760	442
522	69
675	135
430	943
111	621
499	91
101	792
199	647
625	303
308	647
310	806
826	420
837	920
234	504
625	827
29	495
393	519
968	550
175	51
786	427
761	420
336	633
259	778
717	30
51	555
628	904
9	470
336	113
29	413
135	926
786	202
336	359
336	44
971	151
336	141
259	257
175	85
65	563
678	1016
886	786
532	709
234	850
532	760
336	362
413	389
175	628
336	697
760	623
194	854
175	113
982	981
886	895
207	442
859	584
336	678
336	111
609	620
467	943
656	726
786	943
1019	135
9	527
275	398
51	44
259	257
391	350
826	760
527	943
336	709
542	612
732	360
670	670
175	310
455	135
84	757
284	837
947	44
430	234
175	449
786	857
670	220
111	734
628	1010
912	213
336	418
912	456
886	120
175	826
225	225
837	705
60	845
670	333
166	44
837	358
9	670
234	590
786	648
837	739
145	755
60	228
336	249
393	760
571	342
430	210
259	510
628	135
175	143
647	172
647	442
670	427
754	345
464	319
678	888
632	771
113	629
186	405
800	683
516	734
732	275
912	442
336	578
519	197
625	484
628	628
68	197
837	358
9	675
675	709
571	467
9	493
408	266
957	211
430	642
336	111
809	120
527	143
69	1010
101	641
331	1002
234	988
362	853
420	909
336	760
9	249
336	729
234	647
801	550
968	636
234	775
826	675
259	806
670	467
670	912
786	357
527	571
9	430
111	716
786	1016
837	943
29	772
9	111
336	111
436	641
364	10
336	971
336	760
760	172
436	647
211	981
175	398
628	488
9	670
175	302
800	1002
1016	69
57	760
9	310
9	774
1016	895
327	647
391	493
789	912
336	175
917	964
894	275
29	113
336	1019
769	943
336	625
175	826
123	344
542	879
391	943
734	0
799	398
250	45
464	436
592	754
336	771
455	887
336	760
0	590
628	436
219	18
128	259
713	578
912	760
1010	904
336	826
349	571
75	155
886	460
420	606
816	310
111	493
336	336
292	44
199	675
826	33
789	328
968	223
628	670
449	363
571	194
336	713
772	519
359	91
427	294
51	113
886	257
786	1002
304	44
74	824
60	122
628	1010
307	734
336	497
175	1011
735	94
310	340
101	259
336	522
144	670
211	641
480	210
111	467
886	519
786	307
336	774
625	647
9	860
9	519
786	898
175	143
211	94
963	864
504	493
470	3
113	493
237	122
675	848
220	220
670	670
9	228
336	392
957	727
656	120
786	681
430	676
234	826
33	861
339	953
111	397
794	558
234	455
487	715
336	670
930	111
656	234
606	578
336	141
349	1010
527	467
111	670
628	1016
532	683
800	23
862	800
101	734
929	740
850	1002
175	789
772	760
729	647
220	86
1016	113
670	641
886	656
175	822
234	276
9	180
786	532
310	228
336	760
922	1005
113	580
51	906
837	906
678	493
527	837
670	683
336	336
982	760
430	210
794	760
336	234
510	590
201	826
950	800
175	628
336	694
336	647
729	467
9	826
111	48
670	675
412	244
51	800
786	914
336	532
628	91
215	537
175	467
284	943
593	578
336	786
111	888
175	44
234	467
786	918
532	641
186	943
336	918
602	257
234	522
401	947
392	943
504	867
727	743
51	44
442	249
219	44
837	853
111	943
675	358
732	760
234	111
504	532
9	111
300	724
9	1016
628	943
527	837
602	135
29	318
111	943
134	760
220	135
9	749
385	837
430	457
850	609
9	966
9	3
336	307
111	135
979	433
917	18
9	234
455	959
234	85
628	111
988	647
912	510
336	628
175	74
628	678
786	931
265	467
220	734
850	309
850	670
135	143
234	504
678	60
392	331
670	170
336	776
128	943
888	310
670	881
336	299
628	257
850	300
336	532
625	44
786	912
175	467
336	850
9	943
464	425
816	225
504	623
336	310
46	895
175	632
336	336
786	160
527	527
336	421
9	670
336	760
234	786
60	809
336	188
628	493
336	800
51	442
786	565
175	111
532	436
234	510
786	547
542	599
1016	837
760	467
713	957
385	478
362	512
141	483
628	470
9	589
234	912
532	749
786	625
732	641
837	593
111	874
527	837
678	197
732	912
336	96
9	362
982	734
957	734
9	965
532	1019
175	274
678	420
234	899
319	755
201	571
175	504
9	800
445	681
200	647
336	642
111	804
968	519
786	848
603	456
29	194
826	786
336	362
628	774
336	786
922	257
455	895
135	893
455	604
336	69
826	670
592	760
930	111
420	372
175	670
111	786
808	493
816	909
336	113
912	442
69	985
786	926
628	837
625	392
670	467
9	760
29	556
336	667
279	307
625	74
670	943
336	760
467	516
336	968
760	578
786	199
886	740
510	506
670	283
628	571
628	906
336	519
217	519
389	257
786	378
336	617
786	303
800	854
40	727
175	349
362	217
628	111
917	1011
336	756
786	436
760	960
372	381
786	593
336	943
336	727
111	800
732	563
219	985
234	760
703	194
1016	917
678	145
786	319
9	693
982	32
675	760
826	250
9	868
628	1019
786	861
24	493
111	325
786	64
826	837
336	656
631	493
628	111
220	23
527	111
912	532
760	898
29	563
9	737
617	648
826	571
625	778
336	826
9	201
1007	210
259	447
616	448
732	925
957	460
786	536
234	401
950	648
510	258
220	18
336	111
1016	556
922	667
420	794
336	408
628	29
336	493
683	578
826	794
372	1010
349	442
850	123
670	757
917	877
391	943
175	464
982	436
670	760
111	883
336	675
237	800
336	887
628	111
760	519
982	325
858	760
628	527
464	853
225	250
853	519
912	943
628	971
837	436
29	433
527	285
826	553
1007	247
175	522
336	194
175	678
656	17
142	91
850	517
185	294
336	129
933	600
599	749
478	651
29	670
436	964
628	593
628	982
760	453
329	883
211	724
886	850
75	362
111	1010
794	449
9	789
111	675
628	760
760	943
628	271
532	228
510	760
850	34
336	381
336	504
628	850
336	175
90	519
101	1010
336	365
501	556
336	385
922	339
420	225
9	957
670	647
837	308
307	513
527	60
786	950
739	894
336	234
1016	722
336	683
244	896
224	57
336	464
694	142
358	48
647	594
349	310
678	845
606	943
602	871
336	930
224	981
259	181
234	769
9	294
175	656
10	242
234	760
111	845
886	398
336	259
729	964
369	456
957	578
628	106
467	308
420	442
786	670
9	527
675	536
111	660
336	467
647	647
982	981
336	714
826	982
51	172
786	467
175	314
442	356
319	535
628	1016
336	479
165	760
470	867
888	294
652	269
761	774
786	310
593	87
334	438
527	894
837	847
336	51
175	532
307	113
532	848
336	628
670	436
628	578
436	346
29	194
628	943
567	402
234	449
675	194
60	1002
420	845
336	413
336	430
786	578
234	358
194	981
786	667
943	734
678	887
111	257
670	749
234	912
185	563
336	609
111	943
786	199
336	628
542	943
60	135
593	943
837	310
670	750
670	215
430	527
912	381
930	938
310	749
628	199
336	243
470	760
111	968
1010	44
175	467
420	17
180	733
881	166
786	442
430	225
628	822
786	442
322	906
760	611
464	757
9	571
111	135
122	943
968	678
867	519
628	135
888	694
9	641
111	25
284	310
437	467
837	760
336	467
362	294
111	670
467	266
135	361
336	625
957	760
111	556
175	111
359	732
760	943
336	612
571	874
713	113
447	376
578	831
943	831
732	578
175	122
670	44
25	438
336	930
727	800
652	761
571	60
779	57
175	234
336	243
9	943
504	532
217	563
9	968
493	44
850	837
882	943
732	361
336	982
234	726
467	151
9	535
837	460
670	1010
175	113
968	362
336	678
628	310
628	981
385	442
199	584
628	837
670	824
413	749
358	943
307	861
51	257
912	734
898	493
430	590
199	143
625	493
237	34
284	501
9	760
517	392
735	300
191	962
675	491
220	877
897	760
800	776
602	867
430	1016
181	397
336	336
532	943
527	257
336	486
982	848
359	180
217	895
760	641
9	563
372	17
527	310
217	331
175	29
656	670
234	349
571	703
844	436
1019	519
799	74
713	145
656	858
837	113
670	135
336	943
1010	943
912	188
336	310
300	612
9	670
837	962
592	388
760	376
175	983
678	521
816	493
786	667
225	188
968	363
912	307
111	514
211	358
336	336
279	837
553	578
786	714
734	44
464	760
336	356
420	173
111	670
165	936
362	519
571	670
934	225
656	349
368	436
336	603
850	943
336	29
175	455
336	866
888	224
943	879
628	504
336	29
628	504
315	276
175	117
943	840
470	578
46	800
194	1002
660	760
727	519
786	275
310	467
234	59
327	504
51	197
963	907
527	358
837	612
259	285
888	194
917	943
917	74
628	249
897	428
199	760
336	442
786	135
362	442
917	328
800	578
760	146
220	938
888	79
79	436
837	389
234	234
683	906
344	647
886	72
464	113
111	726
628	225
259	408
199	205
699	91
336	544
175	191
592	642
336	336
542	670
732	590
336	727
51	111
628	571
50	460
336	670
786	749
628	44
336	79
837	135
886	837
234	660
234	532
647	743
336	593
420	895
9	879
336	760
464	906
850	906
430	544
850	822
628	113
670	79
225	578
881	647
912	895
342	112
358	436
504	310
336	172
220	519
786	800
786	512
336	786
1016	414
799	819
144	837
29	606
336	519
336	826
670	675
504	328
141	1015
654	578
786	331
826	197
336	1010
826	798
336	612
329	249
175	359
259	307
982	220
237	362
532	737
436	442
881	641
501	1010
766	839
760	749
957	706
420	310
21	376
859	647
201	599
251	647
111	765
234	532
396	519
544	943
934	358
807	436
336	628
111	881
727	870
175	259
571	806
336	556
336	472
336	985
9	837
219	633
346	113
786	571
111	694
336	51
602	578
670	837
234	266
542	1010
57	135
29	388
141	10
185	760
368	647
455	153
420	63
336	368
881	837
111	217
527	982
897	744
175	111
837	971
1016	794
606	625
464	943
336	111
310	69
670	259
111	91
850	907
101	57
670	633
670	398
464	310
436	112
60	113
571	381
175	532
175	563
9	113
336	593
912	988
628	826
175	493
694	248
670	225
628	467
786	848
968	256
837	563
60	211
29	220
628	51
555	760
362	947
234	760
628	917
628	111
706	506
571	943
850	609
336	336
482	102
336	966
628	1011
670	792
234	806
670	906
765	837
450	760
527	388
717	307
111	21
968	602
690	143
542	716
259	590
670	943
336	181
234	641
219	188
51	57
420	982
464	899
336	319
336	175
336	917
111	601
234	968
845	647
358	519
358	63
667	590
943	947
307	985
437	578
430	87
336	974
957	845
625	898
98	612
336	850
670	814
968	327
678	800
319	331
336	786
912	749
647	453
628	760
837	307
279	962
310	191
694	837
683	943
670	376
837	760
9	470
656	263
860	294
336	259
336	713
850	194
175	628
628	937
336	995
481	43
943	578
336	10
917	532
516	328
111	943
760	536
628	436
968	436
826	442
837	904
886	128
859	208
760	172
982	842
111	800
144	837
957	69
837	57
982	151
29	60
175	837
123	472
111	1011
175	786
259	555
372	943
786	369
675	344
65	376
234	837
225	831
358	23
9	943
694	63
886	29
60	113
957	75
175	532
234	933
336	982
988	442
850	44
284	907
336	175
9	918
336	9
336	527
9	907
111	912
628	1019
761	760
9	597
111	436
678	358
234	519
336	734
175	1016
844	17
327	75
234	756
527	906
930	786
670	510
968	800
732	625
571	909
442	456
837	356
175	729
628	830
23	59
675	113
442	204
224	74
210	999
606	307
60	141
175	500
1016	225
826	464
758	258
9	879
336	786
358	641
1023	578
234	497
786	420
234	659
9	657
837	760
420	378
274	105
336	413
837	982
336	67
713	414
968	470
175	51
478	447
760	482
760	113
111	94
220	337
328	442
234	786
336	1010
145	460
826	945
756	848
786	647
934	142
628	442
336	121
113	740
220	845
336	647
416	914
365	225
372	734
325	307
436	294
111	985
60	143
336	713
63	699
734	376
628	740
349	220
912	444
319	837
220	194
175	826
591	348
656	772
336	930
234	379
336	786
336	697
111	191
886	436
459	647
234	877
327	536
336	714
678	812
336	578
9	881
194	43
850	877
336	294
867	318
628	912
527	590
430	111
336	700
470	1005
285	519
694	257
327	327
532	467
336	670
88	555
881	828
760	1013
930	470
74	186
322	904
362	467
837	726
837	100
912	1019
349	464
328	180
886	88
656	464
628	134
9	675
336	430
9	760
9	840
175	478
175	853
678	532
336	111
543	709
144	113
628	362
443	590
336	593
837	982
786	590
336	94
362	18
175	259
336	436
1016	344
106	895
943	300
786	398
670	408
957	40
606	220
786	480
879	340
276	102
225	135
279	44
9	506
1016	844
786	786
9	542
378	943
968	69
75	23
822	787
401	943
713	578
544	760
628	327
628	1010
678	197
510	120
234	135
175	467
336	502
380	879
957	519
9	230
455	734
918	537
292	734
336	60
513	257
550	516
886	234
66	675
942	578
336	234
9	145
472	603
336	848
60	776
786	749
171	749
113	87
336	259
943	774
307	578
532	521
982	361
328	448
336	464
1016	285
968	522
336	667
111	85
420	550
602	578
336	327
9	734
29	895
336	234
628	372
734	197
850	111
336	175
760	516
430	778
234	837
225	895
175	259
997	988
527	544
957	898
532	303
234	917
670	981
111	1015
519	44
464	760
310	18
420	249
60	943
826	734
336	281
427	467
816	675
336	259
712	135
336	912
69	381
175	886
336	625
943	621
968	670
786	7
493	847
837	578
755	177
826	442
336	628
656	586
141	920
957	219
310	325
571	801
628	558
826	191
336	66
962	194
307	978
9	806
670	248
336	703
9	779
234	658
430	647
670	3
957	670
656	111
231	398
234	135
336	325
625	436
732	760
522	760
225	18
336	465
888	493
248	558
826	358
895	493
766	160
1010	37
51	943
44	294
9	327
912	720
175	832
420	578
786	578
336	442
678	356
917	670
860	21
527	510
336	145
532	769
111	786
279	225
1019	369
887	248
336	175
602	992
670	94
175	307
636	23
647	877
51	358
592	895
756	578
436	414
604	194
686	74
145	1010
9	800
1002	791
786	113
111	590
365	300
826	760
175	175
186	943
694	675
145	938
519	966
430	1010
336	392
780	113
800	188
886	670
862	436
786	300
504	854
234	749
628	584
199	734
111	943
968	359
826	362
336	732
336	606
175	413
678	541
331	879
191	331
9	379
670	985
837	778
175	327
122	906
285	225
228	35
786	670
628	968
436	740
656	943
234	436
436	277
199	142
786	225
555	356
628	358
670	570
837	69
504	467
9	814
694	362
442	699
501	10
175	806
342	999
602	224
234	456
307	133
592	943
9	999
516	647
336	284
628	188
279	358
957	675
336	888
336	9
336	470
532	806
532	848
625	307
543	578
336	713
670	755
670	504
982	182
675	69
760	119
9	408
385	670
678	898
106	943
578	846
1010	398
786	44
786	740
191	854
9	760
256	44
44	695
886	349
111	620
51	544
678	493
336	307
786	957
336	234
732	912
739	906
493	105
886	756
336	145
327	738
888	497
307	943
850	895
786	472
111	499
464	922
234	739
532	965
175	778
606	625
175	102
336	346
420	647
532	438
9	17
760	160
175	506
667	340
336	826
544	982
362	1005
29	1005
918	442
632	358
628	769
51	826
957	683
905	1010
336	925
886	225
381	591
628	571
832	943
175	800
420	427
3	594
1016	363
220	358
837	943
527	285
420	792
336	769
853	647
734	35
436	152
922	135
592	670
336	225
628	769
670	307
336	586
111	659
6	120
628	571
981	44
135	246
9	968
319	867
999	205
220	1013
527	362
284	135
336	44
985	649
670	625
175	628
420	647
652	732
633	58
111	506
60	141
943	105
336	143
837	995
358	135
234	786
175	606
1016	789
837	837
9	219
532	449
145	135
51	917
1011	906
234	331
628	430
904	709
199	44
372	1010
175	292
675	699
963	943
336	578
571	442
845	236
606	472
442	961
786	578
656	561
336	760
9	826
799	532
866	467
111	550
845	194
670	519
760	467
850	786
234	982
101	879
628	982
628	1001
760	734
427	94
625	590
746	44
749	647
628	715
652	800
760	642
850	111
430	464
606	988
228	611
175	10
234	172
18	771
111	837
504	532
336	628
362	66
336	44
420	848
760	116
336	175
968	726
336	455
336	933
9	760
417	408
79	63
9	571
917	848
111	165
602	837
279	96
180	906
786	219
786	881
501	898
234	60
519	48
336	897
837	537
656	220
917	310
628	599
769	867
