242	50
144	32
16	74
160	127
123	219
222	233
108	9
226	244
90	16
177	254
238	192
144	238
110	153
74	35
213	52
144	160
144	25
144	180
144	217
153	76
153	175
81	74
110	206
242	189
57	123
127	202
144	254
202	53
144	224
217	176
35	237
226	52
212	202
44	255
123	222
123	160
160	127
144	96
242	137
153	114
57	138
226	63
195	9
110	136
52	169
144	90
226	115
144	159
226	226
123	103
144	51
222	169
14	74
242	9
124	71
144	219
226	150
144	123
70	135
110	70
177	63
66	24
153	94
144	188
57	123
242	110
144	153
144	123
144	169
29	25
118	138
144	126
144	110
144	226
103	13
128	110
202	114
144	52
226	52
123	18
128	152
144	16
103	39
70	169
226	42
226	50
144	163
144	39
57	61
52	201
134	224
238	217
144	153
144	144
238	217
144	74
254	132
39	7
57	177
144	160
144	18
212	74
144	217
57	123
57	192
144	128
219	205
144	144
23	35
160	59
226	177
32	176
52	39
57	74
110	132
63	224
222	11
226	253
242	131
108	185
66	5
144	90
78	249
57	96
144	50
238	55
144	134
177	52
124	169
57	123
144	217
1	63
242	131
57	10
242	110
153	127
219	129
144	160
9	169
226	14
44	39
226	177
30	191
13	18
217	127
213	105
153	212
144	55
127	131
144	74
222	29
226	52
144	52
78	10
226	148
144	233
128	238
177	131
242	207
123	236
5	25
217	74
110	138
192	192
242	173
254	110
224	142
123	63
57	96
125	130
222	208
110	73
205	243
144	180
140	235
144	29
144	140
71	146
123	219
213	74
235	25
123	127
213	74
57	178
213	242
110	74
144	144
153	9
75	55
177	10
123	208
144	219
144	219
96	169
57	110
243	253
103	116
144	13
160	192
226	52
5	103
177	74
144	222
78	236
57	82
123	242
226	74
144	80
144	202
63	16
144	144
52	14
208	214
224	202
144	125
140	192
144	128
96	93
110	74
57	169
144	180
213	74
110	30
144	16
57	14
62	151
123	110
219	39
238	14
217	25
144	80
226	10
144	238
226	235
144	14
144	110
242	222
103	16
242	55
96	74
127	74
123	242
144	63
222	219
217	70
110	169
144	242
238	201
90	173
123	39
16	105
222	39
199	197
96	74
144	198
128	36
5	3
144	212
144	50
24	230
213	16
242	224
153	39
144	227
144	52
213	89
226	76
57	34
160	228
208	14
103	185
177	160
57	14
128	80
160	199
137	217
201	199
66	224
64	217
110	153
153	224
144	67
57	217
57	242
242	136
96	74
89	142
226	118
110	199
29	9
202	180
242	110
160	217
242	242
138	25
98	169
160	153
123	110
169	39
217	9
242	174
144	177
18	18
217	85
144	242
177	202
103	74
118	36
226	212
57	242
123	14
123	127
57	138
213	52
110	39
219	136
226	25
144	14
134	153
192	96
254	192
13	39
248	3
181	217
23	178
180	189
52	180
144	25
202	189
123	10
192	93
226	128
213	123
226	14
226	50
224	115
144	137
242	110
96	71
108	135
144	25
238	2
224	74
135	50
123	52
52	148
14	47
224	14
144	123
110	0
110	174
219	89
144	63
144	144
63	52
30	189
165	171
217	201
144	96
226	203
178	74
123	61
144	74
13	118
57	242
123	96
103	14
242	180
110	151
74	169
123	67
144	202
52	138
78	73
144	213
52	223
144	242
177	83
226	242
123	24
144	14
52	74
242	114
25	148
96	236
96	9
144	29
144	123
192	61
202	167
30	255
57	57
171	74
61	25
128	205
128	110
57	74
144	30
177	199
144	74
224	89
144	9
222	243
123	93
144	90
226	217
123	131
52	127
9	199
242	52
226	52
123	21
226	221
57	61
18	173
144	52
217	191
247	138
57	1
226	192
135	173
144	110
70	48
5	80
74	169
224	253
90	32
144	176
52	217
144	242
52	52
144	10
61	32
192	116
144	123
144	98
242	23
110	16
144	52
144	185
123	30
63	39
57	34
242	12
224	148
144	25
123	169
57	76
103	96
242	18
238	39
110	72
5	36
192	34
123	123
57	25
160	138
138	207
57	177
123	242
242	47
144	82
123	61
144	70
219	131
217	74
213	14
238	107
74	169
110	110
144	123
144	47
52	13
217	212
57	153
202	180
219	96
123	185
90	134
134	223
144	144
44	25
226	57
144	131
144	196
137	50
13	202
10	39
144	123
128	233
217	108
242	169
57	214
138	253
144	226
57	217
144	226
103	74
144	39
213	114
165	135
41	236
226	74
76	227
219	103
52	137
217	14
144	226
40	71
242	180
144	226
213	123
44	169
131	253
103	171
144	74
52	182
144	196
144	55
199	180
242	63
131	32
144	138
123	132
144	160
57	16
57	191
144	150
144	30
52	169
242	153
213	217
144	52
217	138
144	192
144	144
52	146
74	205
123	52
123	238
242	219
90	98
42	22
52	217
144	251
226	142
196	9
78	178
14	9
74	15
144	242
224	214
125	161
47	169
242	74
57	74
226	123
52	34
47	80
73	202
217	91
226	224
144	110
144	110
144	226
212	82
144	52
144	18
144	217
55	169
57	110
226	78
55	74
93	202
242	217
213	242
144	9
226	213
144	9
90	114
226	177
57	9
52	91
18	189
110	137
110	107
18	199
144	30
78	137
123	242
144	39
242	89
238	25
213	224
226	132
144	219
226	47
52	165
118	202
103	105
213	63
123	90
18	70
57	254
52	153
235	14
226	177
144	74
123	113
222	110
242	70
217	116
52	16
144	238
1	103
57	238
144	124
110	173
23	156
137	138
242	83
245	50
144	110
177	202
137	234
226	46
217	205
144	74
5	138
144	152
55	73
144	222
217	96
217	14
103	3
9	185
57	242
226	3
63	202
176	169
177	131
144	14
3	39
123	217
140	110
18	152
110	145
110	14
217	196
144	23
29	199
127	197
131	9
134	127
52	35
128	127
144	192
144	175
108	89
144	89
144	226
144	18
144	202
5	165
214	41
195	142
226	178
5	14
242	253
144	127
144	153
123	63
192	71
242	32
144	50
160	74
177	138
110	137
192	127
233	169
144	110
242	63
150	19
70	10
110	178
23	39
144	238
177	52
110	173
188	148
144	169
242	54
226	103
52	192
226	16
63	169
118	224
233	35
144	228
57	217
214	74
36	180
90	128
137	238
90	138
25	59
144	24
226	96
57	25
213	52
137	224
226	138
95	202
226	192
217	26
203	185
144	63
242	165
96	188
57	180
16	148
131	74
219	217
153	195
144	226
14	170
110	107
144	236
23	71
90	217
242	110
144	213
63	110
52	59
144	9
144	213
144	14
224	4
52	140
242	110
144	144
169	97
80	7
192	39
226	123
103	114
123	217
160	74
128	165
202	47
176	25
123	16
144	177
50	200
132	167
144	144
144	238
153	10
144	242
124	137
57	173
144	219
203	138
96	94
177	55
52	74
144	61
52	103
74	91
242	199
242	54
226	74
40	118
226	78
219	62
144	108
123	52
70	8
134	169
144	57
57	192
144	226
57	116
219	192
9	3
52	39
57	27
25	39
144	199
74	148
144	217
134	93
144	87
57	52
242	91
73	119
222	137
123	39
57	110
128	243
144	177
217	39
160	27
110	180
144	202
144	86
66	25
235	148
202	180
57	159
110	74
123	82
131	142
137	217
144	36
224	127
160	182
144	199
78	50
123	97
144	253
57	9
124	52
123	25
160	238
52	254
208	217
219	217
144	160
43	106
134	180
127	150
212	71
144	180
172	47
217	14
144	90
123	127
144	131
222	253
74	25
217	14
144	9
144	39
226	57
226	52
123	96
226	140
63	178
144	164
138	39
96	223
222	224
14	183
131	107
52	78
123	214
192	202
96	74
57	136
144	144
224	76
70	74
57	169
144	63
217	9
131	74
57	52
144	177
144	52
123	222
226	39
144	238
238	217
131	9
242	71
238	96
103	145
35	191
242	205
226	96
238	248
57	14
14	133
238	212
57	242
160	217
144	63
144	248
140	118
217	202
63	202
103	196
110	198
224	202
110	96
116	202
144	153
144	255
219	39
226	108
140	25
144	24
144	78
23	39
144	110
144	118
144	138
110	16
34	74
238	136
226	71
78	61
123	94
222	173
132	202
57	113
14	199
226	74
110	18
123	39
238	16
201	31
123	46
202	25
52	45
144	73
110	170
127	253
217	116
66	196
224	174
52	233
110	206
235	120
90	39
242	52
123	140
160	192
52	208
57	244
242	153
219	217
144	16
96	202
123	189
144	205
226	9
144	55
110	199
238	82
144	192
57	180
144	224
192	217
192	3
123	230
137	14
52	50
226	242
144	90
177	177
226	52
123	110
238	39
123	63
242	74
242	192
226	47
74	25
137	14
144	89
222	110
144	74
123	131
226	52
177	235
74	205
43	50
242	13
144	138
13	224
47	234
226	4
242	19
242	198
57	160
131	169
144	128
226	14
1	206
103	102
34	127
217	138
144	217
144	205
123	205
5	103
222	127
144	226
144	123
226	124
63	70
61	199
144	242
123	199
128	202
144	14
103	217
144	113
217	74
128	192
148	244
90	52
144	78
74	180
160	180
90	96
224	86
123	58
98	169
140	217
226	158
13	71
219	25
144	55
131	0
32	253
205	35
12	39
222	137
238	25
57	177
144	152
110	110
247	102
63	55
144	160
251	74
57	9
192	126
57	254
90	180
172	253
226	199
73	197
242	74
74	174
110	35
217	131
217	201
196	25
30	135
144	226
242	29
110	165
1	202
150	39
242	25
57	128
128	82
137	86
123	32
144	138
144	34
128	165
44	236
134	7
14	55
238	127
242	208
217	159
177	199
217	71
144	74
74	228
254	140
217	185
13	39
52	224
123	191
110	138
219	253
57	175
144	55
144	66
123	202
23	189
144	226
144	73
196	169
137	238
144	177
116	74
144	138
1	169
242	128
136	189
144	226
213	138
61	173
226	123
242	169
144	59
25	244
144	55
110	25
208	202
137	217
144	144
123	217
116	25
63	217
144	144
110	96
63	10
144	217
128	198
137	125
144	180
144	52
219	105
226	16
226	16
128	10
160	88
226	110
222	47
217	30
90	219
242	134
96	73
196	10
213	250
226	16
144	226
64	180
226	52
242	238
201	25
123	238
18	206
144	124
219	39
55	136
144	114
169	50
137	16
1	169
226	57
144	144
144	114
144	180
153	224
24	80
110	172
144	96
144	226
226	172
128	110
123	173
52	110
70	136
153	22
62	136
128	39
96	107
217	234
144	57
144	103
127	180
55	74
226	199
144	244
74	126
110	169
67	56
123	54
127	50
219	217
242	185
144	126
217	151
66	52
30	74
144	14
242	227
57	74
226	203
144	125
1	205
110	148
128	153
144	39
66	52
110	185
226	146
171	82
63	52
177	140
144	242
213	93
144	144
144	78
226	123
226	24
61	39
110	96
144	89
116	100
222	128
226	123
57	248
137	159
128	110
74	109
123	96
242	55
144	25
144	14
226	103
128	192
153	32
9	158
57	127
178	202
226	129
131	132
78	131
222	217
110	185
110	169
123	173
57	177
192	114
201	80
242	52
242	217
242	54
123	253
226	14
0	3
242	142
103	253
144	242
144	123
57	219
217	50
123	125
138	138
144	199
57	217
137	187
144	24
144	5
242	223
178	82
57	248
144	144
57	14
57	123
138	136
226	55
160	35
123	131
110	238
201	9
57	52
238	53
226	22
242	240
57	109
226	103
235	100
123	175
52	52
226	24
128	217
115	163
52	14
144	47
219	238
177	137
57	192
61	73
52	199
184	127
116	162
24	114
222	10
123	242
18	199
52	199
96	136
144	90
242	80
226	219
57	52
52	55
144	222
103	212
213	131
82	228
213	123
242	64
144	180
226	248
25	146
144	148
134	131
144	74
254	212
172	61
144	94
63	16
131	93
222	131
110	153
144	96
192	25
144	73
78	149
144	70
144	19
57	74
57	74
144	3
13	74
110	202
57	212
144	242
63	39
131	230
242	61
52	74
57	185
242	52
57	50
134	110
57	180
128	131
57	3
13	217
153	169
73	91
52	125
52	9
123	11
144	185
52	34
52	217
123	238
90	248
144	217
144	224
95	173
153	217
103	74
57	63
124	235
78	32
74	106
128	244
144	144
78	152
132	142
242	74
144	80
123	87
102	39
74	199
74	94
169	199
226	160
123	74
144	25
213	173
24	84
144	110
169	39
144	52
202	39
144	18
156	9
103	61
125	230
219	212
144	22
147	202
192	94
226	78
238	178
144	110
226	29
238	25
144	178
177	52
66	110
123	32
235	74
124	3
199	253
233	89
47	197
110	39
144	242
110	224
178	196
25	173
226	236
90	114
242	217
226	52
177	198
57	23
123	192
137	137
226	138
34	96
57	254
103	185
137	245
144	246
144	32
57	235
52	74
128	169
191	86
144	129
226	57
242	96
202	3
226	16
153	148
123	71
169	10
128	205
226	123
30	39
217	16
233	237
96	73
110	135
137	217
110	172
16	246
123	23
213	208
217	11
144	217
177	127
217	127
153	138
63	74
137	185
242	217
13	96
224	9
242	151
52	202
160	110
242	18
217	189
177	114
144	144
226	167
181	50
13	233
70	9
124	14
52	94
14	201
127	9
123	9
63	254
144	36
107	7
226	242
222	135
144	226
110	74
217	253
213	180
14	74
14	74
144	192
39	189
57	137
213	123
57	35
212	25
13	224
138	138
242	153
144	70
110	217
199	174
66	74
144	242
34	25
219	160
127	169
134	14
70	96
224	131
123	39
192	16
242	25
222	217
238	70
175	199
34	74
226	52
63	137
137	32
144	217
242	9
123	52
238	246
171	25
242	103
116	185
52	169
238	148
250	217
134	189
233	85
217	89
57	242
224	25
226	123
242	14
226	160
52	217
110	217
52	52
123	227
238	185
57	36
98	14
110	217
144	55
242	254
144	25
57	219
226	110
14	55
52	136
14	199
242	52
160	202
127	71
144	127
24	36
63	16
90	128
52	52
144	241
144	213
123	13
52	138
103	25
217	174
226	74
242	9
103	10
144	217
57	233
144	76
73	228
144	238
63	219
226	52
57	89
61	47
52	30
57	16
128	180
57	165
88	202
25	114
18	85
52	137
144	123
9	107
110	202
90	127
144	177
254	253
140	118
144	115
238	192
144	52
242	131
110	236
144	246
110	83
219	192
144	25
234	91
123	25
123	177
226	14
153	228
138	202
128	23
123	177
238	131
52	201
90	174
144	91
226	123
144	151
144	127
144	52
144	118
140	14
29	70
82	185
144	242
52	74
144	71
63	74
160	114
144	14
153	224
208	217
138	74
196	228
57	138
144	196
144	144
103	217
123	5
242	131
144	74
96	171
103	89
165	30
57	177
103	137
242	173
57	164
144	169
5	71
217	125
123	228
57	153
144	53
57	131
110	217
226	242
73	27
226	10
63	9
74	74
123	96
160	74
226	248
123	74
144	248
144	123
74	185
138	175
213	153
188	202
144	128
144	103
201	47
57	238
144	68
123	242
114	80
144	74
184	39
110	251
52	75
13	169
61	217
35	191
233	162
153	169
144	185
226	52
226	152
70	25
1	138
238	96
110	238
57	126
203	255
219	187
226	242
127	16
103	73
73	32
16	89
128	127
242	52
160	253
217	114
110	74
123	110
242	180
144	128
123	238
55	94
32	233
52	9
222	192
52	102
110	217
110	50
110	25
66	74
238	138
233	133
224	169
63	212
14	96
160	2
177	132
219	86
219	217
238	32
107	3
226	90
78	217
242	116
63	110
159	199
213	5
128	52
224	197
88	148
184	25
144	82
14	255
160	253
57	9
18	196
52	61
82	189
123	52
144	39
242	52
43	220
226	103
110	36
213	251
5	9
226	254
128	217
160	233
144	103
144	177
138	202
144	90
3	80
127	146
23	9
30	39
32	255
123	250
242	134
144	213
178	202
222	78
192	224
61	173
144	144
226	16
123	216
123	199
73	74
177	192
144	124
57	16
160	212
226	128
9	82
217	74
226	74
144	226
90	74
192	4
137	234
5	78
1	25
242	219
178	61
224	221
74	141
177	153
128	160
32	16
252	39
144	199
144	128
78	125
213	5
96	74
144	52
123	217
144	199
123	74
123	242
144	212
74	42
226	172
144	137
29	217
242	217
177	137
177	254
66	185
123	103
123	50
250	110
144	144
238	180
110	25
192	14
52	103
57	222
144	137
67	114
118	9
110	163
128	125
226	212
123	46
226	149
110	237
57	224
73	169
128	199
124	202
148	10
144	110
217	55
110	81
242	9
242	169
63	217
178	74
78	74
144	226
52	55
144	127
226	238
52	160
110	34
226	52
217	189
242	187
178	39
207	47
144	52
14	244
144	76
74	253
144	123
180	91
144	228
27	125
137	9
242	131
196	36
213	254
23	10
57	123
144	74
57	238
110	136
123	90
242	55
52	78
213	224
116	228
144	217
52	249
140	189
222	85
144	123
63	103
127	71
144	199
144	123
160	202
57	224
222	203
226	138
144	57
123	127
144	74
52	74
131	207
52	131
213	217
144	43
110	50
199	189
13	167
242	118
57	52
144	74
123	192
50	89
226	118
16	71
78	9
57	140
57	47
226	71
57	52
57	153
138	74
73	50
242	180
123	100
61	174
114	180
144	224
242	13
153	212
57	118
242	217
219	78
52	205
149	173
78	218
1	103
144	180
144	226
144	52
40	29
96	25
125	230
23	138
90	180
217	96
25	249
163	197
29	41
82	173
144	9
80	89
202	202
110	202
238	74
96	102
144	25
224	135
110	25
52	91
178	132
52	192
1	172
192	107
87	80
226	12
110	163
57	82
160	74
74	202
242	201
144	81
238	169
144	146
57	140
144	200
57	242
144	226
144	96
177	110
57	74
57	35
103	205
251	199
140	82
23	249
123	217
110	47
144	144
144	4
110	217
103	36
177	219
213	137
144	96
103	74
73	74
177	110
226	181
177	153
144	30
144	167
32	74
73	9
57	9
144	74
144	13
144	131
235	39
144	123
226	213
63	74
66	217
144	153
144	89
144	226
5	10
144	68
217	74
9	86
238	91
153	96
52	14
144	52
110	137
57	24
144	108
144	9
248	74
144	172
57	191
98	185
103	205
14	233
144	123
160	136
226	103
224	248
123	52
137	61
213	153
242	107
110	24
128	137
52	50
96	108
165	199
57	60
242	5
226	242
52	91
57	222
123	24
192	71
217	96
217	248
144	144
226	244
144	177
177	25
144	177
123	136
57	148
135	74
144	95
144	78
144	234
128	199
16	10
242	167
144	35
213	217
52	89
52	110
169	136
123	123
242	85
222	110
242	55
160	238
110	153
57	115
144	57
144	86
128	74
52	18
224	93
226	244
226	222
57	123
144	137
217	169
153	175
222	25
233	227
74	175
171	16
144	39
127	202
138	9
222	141
160	137
177	71
144	110
229	10
144	217
242	128
144	110
219	82
177	32
217	25
144	74
144	39
123	25
242	242
169	107
52	205
144	144
144	121
144	148
144	78
144	25
144	173
74	94
90	192
138	46
123	65
123	128
30	253
57	160
144	118
110	169
137	61
134	36
144	74
144	25
144	172
177	9
52	185
123	89
57	52
144	9
123	18
144	144
144	224
153	131
144	18
144	192
144	144
103	14
226	238
217	74
144	243
144	138
115	233
160	116
242	74
144	244
165	74
144	63
110	74
123	66
144	203
169	246
123	180
123	103
57	180
242	242
144	153
123	103
144	128
57	242
217	47
52	52
57	52
160	224
226	110
57	9
74	173
123	160
144	96
217	39
118	61
57	96
52	233
242	127
144	128
57	195
242	52
52	221
70	138
57	73
144	173
57	59
144	114
226	14
242	14
78	9
144	219
52	185
192	189
123	137
74	10
226	131
144	236
52	91
144	222
137	127
144	52
30	36
192	9
222	52
144	61
195	74
110	205
52	132
144	52
123	128
29	39
123	6
226	138
1	9
242	110
110	138
57	197
74	174
226	114
9	169
123	235
224	169
238	25
160	131
123	127
144	63
153	74
242	42
78	211
202	105
16	116
52	180
144	110
66	78
83	176
144	217
242	217
123	110
13	64
124	103
219	153
144	180
90	153
213	160
110	36
192	96
144	91
177	198
177	74
14	199
57	82
144	52
144	180
57	222
123	25
172	74
137	253
87	47
222	107
137	14
226	1
160	35
137	74
226	57
1	63
177	30
123	74
213	32
128	180
242	131
219	74
144	52
52	85
5	16
177	74
127	201
110	16
123	123
217	138
144	52
144	144
180	89
52	110
213	9
222	16
144	233
254	131
169	39
110	74
23	127
103	73
144	78
32	180
5	52
208	9
144	242
213	9
123	202
160	53
192	214
144	144
128	131
57	22
127	180
226	217
90	212
213	242
78	55
103	14
214	85
153	107
144	14
103	39
44	169
144	52
23	201
57	217
144	52
144	224
1	110
123	123
217	3
226	50
144	98
127	197
159	39
73	3
61	217
123	98
177	240
251	141
123	217
144	47
219	125
184	142
5	217
52	131
219	131
110	16
169	215
160	224
123	238
226	180
110	125
202	35
57	192
121	228
74	74
23	185
213	147
144	74
124	192
160	182
144	74
144	39
192	131
123	52
144	91
76	74
217	159
138	243
57	235
144	57
30	202
144	110
57	96
226	90
123	14
121	25
44	137
201	180
226	217
14	205
226	128
123	238
217	70
52	217
57	118
144	226
242	217
144	224
144	242
110	16
224	138
110	159
217	22
52	201
144	74
238	16
144	57
159	244
57	217
144	57
140	217
226	10
144	171
192	80
52	110
144	219
144	9
165	9
226	63
103	238
18	16
63	39
213	82
213	96
110	127
144	34
177	103
128	96
34	48
137	180
224	236
123	217
136	199
63	9
144	202
3	50
124	5
123	82
1	74
74	151
110	235
144	10
226	169
242	119
123	242
217	202
57	217
52	39
177	202
0	25
96	167
148	50
238	173
242	137
52	76
238	74
238	162
1	217
153	223
90	128
52	219
144	177
226	57
192	74
25	253
153	196
144	242
226	25
224	80
226	38
169	228
52	238
224	89
52	52
217	180
173	80
226	52
226	137
208	4
110	25
196	82
238	169
18	19
98	14
57	246
217	146
242	238
226	14
82	230
123	50
254	116
29	71
24	74
87	74
103	22
219	103
213	219
25	173
57	213
144	144
137	16
57	114
144	39
242	136
144	0
34	74
144	14
160	23
127	131
226	110
110	61
103	136
242	63
233	202
14	35
144	110
52	47
52	147
103	110
78	74
14	185
23	121
144	144
132	199
144	91
78	169
242	202
144	0
217	72
213	110
222	110
57	103
242	138
52	148
128	134
134	25
144	107
61	74
52	70
52	39
144	180
110	96
66	74
250	110
178	27
144	226
144	250
62	107
110	30
123	160
57	32
52	208
131	9
57	153
226	226
195	85
144	74
213	201
137	10
132	202
144	96
226	57
219	74
153	228
13	208
78	30
233	25
226	24
226	110
74	9
213	242
224	25
144	116
144	235
123	74
52	25
144	217
144	192
144	125
201	10
144	74
224	125
90	146
110	74
217	9
217	39
138	180
103	142
73	189
242	175
138	107
169	246
144	217
169	206
196	25
57	91
144	9
226	90
96	80
226	238
110	74
185	197
226	14
13	96
78	136
144	202
57	132
128	23
226	152
14	39
103	192
70	212
222	135
144	63
144	52
144	52
144	25
224	248
254	199
144	180
52	180
217	217
90	107
118	138
222	52
226	116
226	29
123	39
57	9
132	74
144	217
219	78
110	110
235	114
219	233
242	74
242	168
144	144
52	104
224	217
203	110
242	222
169	80
66	180
57	93
57	253
144	80
136	191
52	180
123	9
177	103
138	205
242	78
144	47
144	110
123	110
144	144
212	74
128	192
110	173
52	138
177	222
144	39
144	57
177	124
217	89
63	9
57	46
131	196
110	127
144	171
242	153
178	9
208	9
212	74
74	46
144	123
90	202
226	238
113	107
90	131
213	219
172	136
144	47
103	248
144	22
134	142
57	178
185	221
110	196
144	144
242	64
123	153
9	199
134	197
88	25
242	52
76	74
248	74
57	110
127	35
222	217
222	199
226	57
208	74
40	3
123	208
160	223
134	59
121	217
52	9
217	74
242	80
235	74
213	246
226	224
57	123
52	253
144	217
144	242
254	189
238	46
123	137
52	80
144	142
123	195
144	153
52	110
144	242
242	52
63	74
226	219
226	74
144	123
1	208
110	205
144	3
110	74
110	154
202	180
78	146
103	217
144	177
78	96
217	180
153	138
144	224
123	207
242	153
57	180
63	74
123	74
242	180
57	238
203	74
144	138
213	96
177	238
57	132
144	14
123	235
34	199
144	177
78	224
144	83
57	153
144	144
180	155
213	55
57	52
213	74
110	137
110	224
57	46
187	189
242	116
235	169
144	39
57	126
212	35
144	123
90	217
144	35
202	180
57	107
226	131
238	224
140	110
29	84
238	14
57	208
144	217
242	115
224	178
90	238
144	192
144	63
144	226
177	110
144	118
144	212
123	52
201	114
144	114
222	171
144	57
226	123
5	70
144	144
222	110
213	238
63	16
78	142
16	228
242	136
24	131
213	52
52	169
242	0
144	131
222	96
128	24
192	217
124	82
144	57
192	199
87	217
134	9
192	217
144	74
226	116
144	185
238	126
131	138
149	217
66	131
110	198
160	110
242	118
110	25
160	110
177	151
144	22
219	80
217	80
226	123
217	252
123	133
177	39
0	82
212	197
144	123
177	103
78	224
222	22
13	74
5	52
144	96
128	128
140	202
144	163
87	217
144	217
226	52
74	180
217	180
18	96
222	110
57	217
144	9
123	78
110	73
103	14
123	177
144	242
52	172
144	189
242	16
57	96
144	195
219	225
226	110
144	103
38	206
144	52
219	36
5	140
131	14
57	110
57	149
192	70
18	39
123	16
52	131
144	238
57	185
144	177
160	180
110	46
242	187
149	180
123	224
144	138
144	167
242	35
222	74
153	244
242	110
123	103
63	124
110	228
144	93
226	39
144	242
128	185
217	74
212	175
57	110
13	173
137	137
57	125
144	128
90	110
217	39
217	197
144	137
153	197
144	131
144	70
57	61
16	74
238	36
242	3
136	189
226	30
78	169
74	25
226	38
87	80
140	105
219	23
57	50
29	185
34	9
217	104
123	5
144	110
144	160
226	177
103	178
144	144
52	169
57	86
195	8
242	136
177	128
144	233
203	137
144	123
226	123
32	202
131	25
29	93
242	242
144	125
123	52
213	5
217	212
144	226
137	224
242	170
52	52
57	202
52	78
16	16
128	14
123	242
57	110
144	213
115	74
217	25
177	227
110	192
123	63
73	9
178	74
57	142
118	132
57	187
123	238
213	238
144	222
144	57
63	169
217	169
226	110
134	93
144	132
18	138
226	74
34	113
235	74
127	16
128	52
144	227
184	189
144	138
57	54
144	110
213	213
128	217
226	238
233	212
199	39
9	169
217	199
128	217
74	47
144	224
144	110
217	3
63	169
110	217
57	217
144	242
222	128
57	25
34	9
96	205
57	202
242	96
52	14
242	238
242	228
144	63
144	242
57	52
57	43
226	173
123	128
199	180
14	113
144	86
57	192
57	39
16	67
123	110
144	205
110	253
242	91
144	153
57	103
177	217
153	9
226	253
57	52
226	248
57	49
248	232
96	9
123	52
144	144
52	249
52	163
144	160
57	192
242	222
208	43
199	80
123	23
144	213
74	25
124	125
57	245
137	199
52	202
52	127
128	205
57	9
226	137
74	25
110	180
153	224
226	74
123	54
52	238
9	80
224	202
138	50
144	172
144	76
217	202
180	39
44	202
110	136
213	153
144	127
131	246
57	123
172	201
123	140
90	74
144	178
144	127
144	35
66	127
144	238
213	39
24	217
144	153
96	142
123	180
23	74
219	110
222	74
144	16
222	103
52	202
196	74
134	189
226	242
57	110
57	9
110	32
115	25
144	226
226	224
70	202
226	3
226	14
124	103
14	202
226	90
110	49
160	167
242	233
213	160
219	160
123	248
57	212
226	131
160	74
144	12
144	228
177	149
226	110
224	175
57	137
226	219
14	251
144	137
144	110
238	166
27	185
14	74
1	74
5	178
144	63
63	196
52	110
74	86
13	107
13	244
242	172
226	16
36	39
238	205
57	253
123	160
57	137
29	96
110	137
144	89
177	238
123	25
144	144
144	134
192	39
202	169
63	114
103	39
127	202
219	192
52	74
213	234
144	63
226	34
123	103
78	25
233	9
144	136
226	131
226	16
192	96
123	128
73	199
177	235
52	201
118	96
52	91
160	74
213	78
66	52
192	171
213	224
192	9
177	238
147	43
226	131
29	110
144	144
242	110
144	118
242	9
57	78
57	39
57	7
52	199
134	32
66	208
222	192
14	74
238	202
217	199
144	177
12	74
57	202
238	39
57	211
213	238
144	250
199	180
144	61
242	103
144	144
226	213
144	90
144	1
107	80
178	16
213	206
222	103
226	57
144	159
144	205
110	91
144	253
217	199
78	243
226	63
213	63
141	189
238	180
213	137
250	147
90	103
127	73
248	16
93	0
13	114
224	129
57	131
82	199
177	169
144	128
138	180
52	95
63	202
132	173
160	110
110	14
213	242
40	29
144	52
78	47
224	9
217	248
213	39
90	128
144	246
14	189
52	110
144	212
254	110
217	91
24	174
201	67
144	107
226	196
144	217
242	160
131	125
144	110
38	16
153	202
110	74
144	86
138	74
57	228
52	39
63	9
226	123
156	169
187	159
219	14
217	199
63	71
57	78
238	217
147	14
219	243
52	70
144	57
52	71
137	202
110	137
110	138
226	90
144	13
96	143
242	103
144	242
144	158
137	18
222	110
113	39
134	10
144	213
110	31
110	178
242	137
144	144
226	76
144	222
23	39
123	110
224	114
222	110
110	169
110	30
96	116
213	217
18	91
144	128
233	151
144	221
177	133
217	202
213	47
144	144
144	144
205	199
108	16
177	39
144	52
125	185
90	242
202	35
242	59
123	137
128	224
14	109
224	212
57	25
213	172
226	173
61	217
214	248
14	125
9	167
144	123
144	219
74	202
242	74
226	89
127	187
144	110
57	205
144	80
74	199
123	173
147	217
9	35
153	108
57	136
144	173
144	36
177	16
226	165
144	34
144	74
90	110
137	60
144	105
110	121
144	217
224	135
144	242
144	104
144	61
222	16
52	217
153	74
213	16
63	82
160	86
144	192
144	68
140	127
57	39
40	192
222	10
103	132
127	3
222	217
29	127
144	128
242	152
144	110
226	226
116	228
226	153
226	25
90	24
217	82
144	24
217	21
219	202
226	177
242	39
226	96
160	25
144	123
123	52
242	110
57	213
144	202
226	212
78	131
138	152
123	137
144	144
110	199
144	89
217	248
144	16
180	91
238	70
153	32
1	133
153	153
192	173
224	84
14	116
144	138
238	61
144	52
242	74
57	238
74	228
29	227
160	202
242	95
144	203
144	9
192	169
123	103
140	221
57	221
74	74
144	202
78	25
226	217
110	137
52	96
242	107
11	80
63	93
242	192
224	195
110	217
90	39
144	118
144	199
123	160
144	226
134	196
110	253
144	52
98	178
131	136
57	180
226	73
144	224
144	144
160	201
123	242
29	70
144	196
144	137
57	74
16	148
52	68
144	224
47	180
144	52
98	32
226	153
61	136
138	56
5	52
153	2
217	127
144	78
226	153
57	177
144	213
57	192
144	249
57	242
144	0
52	50
3	228
254	110
14	233
217	253
144	222
123	169
160	127
144	52
242	121
137	217
144	128
57	34
57	217
110	238
213	148
144	118
185	59
123	233
52	219
144	123
128	36
63	180
242	182
172	39
242	219
144	226
118	74
217	116
144	98
63	63
70	47
52	96
128	233
57	110
153	217
180	180
233	74
144	224
202	169
67	234
192	192
90	89
131	77
222	196
219	225
213	181
226	163
226	217
137	70
5	52
226	63
35	180
16	36
226	16
123	52
144	228
153	32
98	215
144	147
52	217
219	137
168	74
144	132
57	14
226	96
202	85
110	131
222	148
123	3
110	16
78	137
127	199
57	95
144	125
123	230
125	199
242	66
123	222
219	59
144	110
219	217
57	52
238	38
52	18
24	167
144	46
217	32
242	251
57	14
144	114
131	151
248	138
222	138
144	123
144	178
57	128
127	74
144	144
192	74
16	255
242	110
93	197
124	30
222	217
144	110
238	9
16	47
5	127
144	141
29	14
57	189
78	172
110	192
74	107
23	217
52	146
242	110
123	89
103	16
219	110
226	14
242	25
201	74
24	32
52	118
52	199
123	217
144	217
98	247
160	135
144	238
25	39
144	16
242	192
14	114
18	74
29	173
226	242
144	70
177	199
29	217
177	173
131	212
144	74
242	242
144	18
224	201
103	221
127	169
153	131
144	30
16	114
115	131
226	205
250	16
14	80
144	110
96	47
83	217
57	202
90	52
76	25
226	39
226	110
144	127
103	74
110	16
18	220
52	74
128	114
16	74
74	39
14	16
96	11
219	251
16	45
217	25
57	217
123	110
116	39
222	32
137	163
144	57
128	110
144	66
144	123
242	10
63	5
144	202
128	228
217	16
131	138
242	52
242	217
242	14
226	146
254	116
144	125
90	52
103	244
144	199
103	169
144	57
144	177
192	74
153	180
144	217
74	202
172	59
238	224
177	131
226	244
144	110
123	242
144	74
29	238
144	140
226	48
144	74
128	104
238	217
23	73
242	219
144	4
57	9
5	146
144	199
123	203
144	39
36	4
226	110
144	52
144	242
144	74
74	74
128	52
144	57
110	18
9	36
144	192
144	177
177	10
144	9
160	34
123	124
25	199
127	180
144	70
172	131
217	74
250	52
144	254
9	249
40	243
144	70
1	217
217	199
144	131
144	42
110	70
123	74
226	14
242	217
137	180
219	197
219	153
124	195
144	96
242	235
128	127
144	175
144	57
144	57
144	36
25	39
131	196
242	11
144	202
153	199
138	138
222	74
32	25
242	74
226	80
242	131
103	175
144	63
222	237
63	224
242	110
123	128
180	39
144	24
159	71
217	199
217	248
217	74
226	217
144	217
192	156
57	89
110	48
242	93
78	61
242	63
226	224
177	205
144	199
134	172
214	243
57	128
134	235
23	169
103	74
144	74
63	74
144	132
110	217
11	199
140	180
242	211
201	74
70	14
222	93
110	74
226	136
57	18
57	238
90	47
144	181
123	153
144	25
144	251
144	217
242	93
144	243
57	90
144	217
135	74
242	219
123	52
144	52
131	223
144	74
238	255
123	242
93	74
57	173
217	185
11	89
128	172
242	250
219	132
124	72
137	80
224	255
34	153
90	110
226	136
57	21
145	215
144	74
208	217
103	32
144	93
238	199
213	34
74	202
224	74
226	217
64	237
144	90
144	57
96	91
217	27
96	36
226	70
226	52
16	251
23	224
40	201
144	202
96	74
110	236
153	199
144	5
242	253
57	169
98	96
144	182
64	131
217	202
87	187
57	136
144	134
103	78
226	42
226	226
238	132
219	73
144	137
222	61
123	13
238	74
202	148
213	242
78	192
57	78
110	9
16	74
52	30
199	46
242	152
144	57
144	242
144	242
57	242
55	223
110	127
213	217
219	217
1	172
96	9
123	36
213	82
57	106
52	189
64	39
217	74
144	144
226	57
123	224
140	228
52	29
90	103
144	78
213	242
177	110
57	52
144	144
213	118
124	180
144	148
43	138
144	144
144	123
32	16
226	217
138	39
219	131
242	215
123	103
57	103
144	57
63	14
192	138
52	9
213	110
78	24
144	192
250	192
123	217
52	110
25	230
226	167
238	217
177	222
144	196
222	39
242	71
222	248
144	226
23	97
63	74
208	131
242	192
222	173
144	146
144	144
29	110
110	217
110	35
144	128
226	213
14	141
144	47
57	29
30	32
144	110
127	202
123	222
217	163
242	80
144	39
199	253
242	199
57	8
144	123
1	138
128	160
57	202
34	16
98	25
73	91
123	217
242	202
144	238
123	217
217	173
144	192
144	103
144	238
52	110
248	74
242	121
177	192
217	25
137	192
63	217
248	182
57	57
144	13
242	35
144	110
144	207
150	223
144	90
123	74
123	123
144	253
213	59
245	202
96	89
123	181
137	196
144	74
34	74
202	25
13	140
110	55
13	217
226	96
23	39
123	39
134	34
36	180
96	39
217	180
123	151
242	242
123	222
131	96
144	144
138	113
108	74
144	42
217	56
24	74
217	233
201	136
242	9
144	169
123	169
123	131
110	217
177	71
144	74
144	14
226	224
123	192
217	93
144	226
144	197
144	96
52	85
127	39
66	192
13	160
217	16
242	50
144	5
110	35
123	160
144	160
57	242
144	36
144	169
