148	3
84	220
56	136
56	46
227	8
127	225
185	180
63	40
66	70
56	136
228	117
169	136
114	2
127	223
127	84
127	150
185	232
102	136
170	46
18	87
197	136
95	167
95	185
122	134
100	46
150	136
39	212
95	150
18	62
150	195
84	136
185	189
251	173
223	232
133	96
185	15
56	197
56	133
95	127
185	18
56	214
3	188
8	2
39	169
150	109
65	195
197	234
18	223
150	122
127	127
133	131
95	117
117	49
3	81
227	0
243	177
136	191
223	207
56	218
56	0
247	21
66	8
56	170
56	150
185	18
185	62
161	188
185	223
56	27
56	49
92	136
148	98
229	100
221	207
150	18
197	136
52	223
18	96
185	180
232	228
197	18
127	223
56	124
62	136
95	188
150	189
199	144
185	122
56	53
0	23
148	136
185	21
2	136
25	91
49	113
3	10
127	18
56	122
95	95
40	53
65	18
215	136
133	227
56	197
3	2
127	150
56	16
3	200
0	100
223	75
56	144
105	136
110	117
127	36
207	207
92	122
197	0
56	3
102	212
56	46
56	247
227	136
185	223
8	40
18	76
0	39
65	39
95	244
66	8
169	223
127	108
185	227
18	157
185	188
185	84
46	9
56	185
84	10
137	244
56	212
0	16
56	227
197	129
185	163
120	130
169	223
56	122
157	188
185	96
244	125
95	104
122	62
0	18
197	136
185	92
84	223
10	75
56	223
185	46
100	248
185	126
108	102
243	2
122	136
56	228
56	133
56	127
185	215
201	18
56	95
95	234
95	227
248	43
91	225
127	161
56	251
56	136
161	46
129	40
185	84
56	136
248	248
127	39
223	207
39	102
56	228
65	247
56	3
146	21
195	21
131	96
56	197
73	126
18	232
56	64
185	188
46	49
197	205
108	62
223	247
92	129
127	46
157	228
148	50
95	148
56	169
56	46
169	136
3	150
56	244
56	150
95	206
150	96
228	225
56	47
98	0
56	18
122	136
56	65
77	35
0	102
56	228
185	96
28	2
169	60
150	18
65	18
148	46
193	84
56	161
201	142
197	122
129	188
36	75
28	28
0	247
39	21
56	128
28	225
205	223
205	122
127	102
102	99
185	202
28	180
185	148
169	105
127	175
223	8
56	212
197	150
227	8
3	213
197	91
185	173
18	21
56	117
28	92
56	188
127	122
56	100
56	102
223	188
241	111
210	136
70	8
185	150
205	46
84	181
185	197
247	35
100	239
108	35
150	223
129	18
56	136
129	136
133	91
102	191
92	49
3	136
56	243
148	207
39	9
201	228
108	197
141	49
95	146
197	195
197	39
8	157
56	206
56	21
150	228
56	173
95	65
84	223
56	30
56	150
56	232
185	32
127	251
18	49
73	96
197	102
102	50
18	96
180	162
56	95
56	127
95	0
40	207
25	87
0	157
69	136
56	136
170	169
80	91
56	105
185	84
92	150
223	51
197	244
185	195
146	157
150	215
131	188
92	206
150	243
98	195
56	227
95	98
95	2
84	25
56	191
0	40
18	5
0	136
25	207
185	40
95	25
185	100
247	75
197	136
146	214
108	228
95	181
56	92
197	18
215	8
92	53
133	136
42	96
18	187
150	65
0	73
150	170
223	8
49	91
185	223
56	81
56	136
223	5
251	218
150	227
195	99
56	244
3	136
197	162
56	150
136	214
150	6
56	197
185	197
127	18
137	21
56	117
95	28
84	142
185	35
84	173
0	46
56	218
127	54
56	164
56	127
223	207
223	159
108	73
185	215
131	8
56	10
56	129
56	197
150	212
108	197
127	159
56	171
56	21
3	46
228	136
167	225
185	181
247	177
166	8
10	234
39	169
95	179
127	18
197	157
136	248
127	192
95	127
28	206
197	91
185	76
95	127
95	150
127	127
56	167
227	18
56	136
185	169
185	185
197	2
231	160
133	70
129	228
206	136
185	197
56	136
36	91
185	223
148	2
185	187
18	220
56	96
223	188
207	44
157	136
223	117
223	155
95	144
169	223
127	142
100	180
148	98
56	150
197	18
197	18
127	18
56	122
108	85
18	245
56	2
185	243
56	185
56	197
185	207
169	212
127	150
102	117
95	177
197	84
56	25
56	185
185	94
197	243
56	92
150	0
197	18
8	225
223	105
150	202
227	157
56	95
3	150
136	180
56	247
197	19
150	206
197	210
56	21
100	181
157	46
148	117
136	180
56	185
95	44
95	3
95	102
0	248
56	95
56	228
232	136
108	150
243	177
0	53
127	228
18	18
110	188
193	46
56	0
232	61
32	18
127	157
56	188
227	49
40	195
63	21
8	117
12	122
185	92
95	247
195	136
185	85
18	223
133	62
169	49
65	157
147	209
81	254
95	108
223	96
127	46
127	74
215	153
243	62
133	175
148	175
56	223
245	96
127	81
56	54
227	136
95	140
185	197
56	76
228	117
56	54
185	185
56	46
40	122
73	46
150	207
225	177
95	207
56	56
223	25
56	28
223	251
127	187
150	147
227	228
133	223
245	249
82	207
56	133
39	188
147	248
92	105
3	212
129	243
95	53
98	39
10	85
122	136
127	96
223	46
169	192
127	247
10	5
197	197
84	225
170	110
215	247
56	18
95	145
127	84
56	77
244	96
227	122
197	146
3	223
56	25
18	102
92	40
108	188
16	187
150	136
56	244
197	74
127	148
56	247
56	161
56	136
169	73
108	228
247	49
95	243
150	71
95	102
95	244
56	113
56	56
185	18
150	141
166	31
95	18
185	247
63	102
56	223
18	44
56	165
197	227
56	18
95	127
150	208
185	202
133	91
56	223
56	188
56	223
0	18
228	188
133	23
185	243
18	111
150	157
56	84
56	162
127	92
18	243
95	162
169	10
181	6
56	150
56	56
197	28
18	96
56	238
185	92
148	161
56	56
197	105
56	50
32	160
120	23
18	130
95	197
56	70
117	76
95	5
133	188
0	82
56	18
28	143
56	188
227	218
227	167
127	84
197	62
223	188
185	150
127	200
185	10
227	180
241	39
56	18
18	110
56	39
73	188
95	127
56	136
56	76
95	227
157	220
150	247
207	117
185	223
253	46
56	150
227	102
100	214
127	18
3	175
65	84
150	68
243	187
150	8
185	18
95	73
18	223
197	3
157	136
247	207
92	136
185	91
197	247
32	39
169	223
127	16
3	8
212	254
219	46
0	223
56	3
227	237
150	144
56	100
56	46
18	169
0	136
251	163
102	40
73	58
56	197
56	117
150	100
95	150
62	202
129	18
56	141
127	109
133	136
223	10
170	157
133	197
65	18
102	81
108	96
95	150
65	18
133	169
127	133
157	110
150	212
117	236
56	127
73	144
148	160
127	18
223	73
92	223
150	223
215	180
18	232
56	56
56	35
18	169
227	188
120	27
18	144
56	206
148	92
56	127
62	81
56	19
170	155
56	21
150	50
56	127
0	223
8	175
56	177
127	84
73	111
185	160
18	62
56	92
56	110
28	150
8	159
185	28
148	68
251	94
56	33
150	252
65	232
18	90
232	21
95	150
215	223
229	128
157	218
66	219
18	224
95	46
56	188
133	223
32	117
56	28
122	136
133	193
117	85
232	10
56	40
136	177
56	127
127	223
56	28
56	28
95	223
185	130
74	37
56	148
28	169
197	193
56	160
95	136
197	47
150	35
25	136
56	122
223	238
56	136
133	169
133	54
18	223
12	27
84	251
127	40
56	127
150	18
56	228
197	28
131	205
56	243
95	243
243	120
150	207
170	117
28	160
28	0
100	180
150	207
136	96
56	97
18	160
54	223
206	109
129	207
18	177
232	76
65	247
127	179
25	117
150	39
133	188
185	144
243	136
170	223
56	136
56	102
136	143
223	46
197	76
238	225
56	3
197	3
28	85
28	102
95	114
56	35
127	75
56	92
197	28
46	198
243	157
56	43
127	0
108	102
0	18
127	100
56	223
161	191
56	0
197	96
197	40
8	164
127	133
56	199
95	150
150	178
223	248
127	25
36	40
223	136
229	223
0	73
56	18
56	223
28	134
98	18
127	247
56	136
243	136
185	75
92	161
39	49
56	56
228	247
56	169
21	248
95	127
18	35
26	136
223	188
187	35
243	40
185	3
127	227
95	70
199	96
167	35
95	92
65	189
56	173
56	160
56	129
56	111
157	247
185	129
150	129
243	157
56	110
73	254
18	205
56	150
73	207
36	50
56	155
95	84
102	20
185	175
65	21
223	249
25	202
127	129
197	46
127	63
3	28
95	223
150	18
117	225
228	180
185	31
56	25
150	18
243	31
207	76
95	40
56	28
185	232
56	251
95	167
157	247
129	39
223	136
232	21
223	207
148	167
56	54
243	221
95	136
92	146
118	207
129	227
148	75
197	8
63	18
46	175
185	223
63	46
56	46
56	215
102	202
56	0
74	122
56	56
197	102
2	44
185	188
108	102
122	225
136	173
229	34
167	46
56	216
205	136
56	127
95	228
129	162
18	40
56	157
56	185
2	23
127	214
18	136
28	143
150	102
197	18
56	67
205	40
56	167
127	244
56	136
127	65
185	129
127	185
39	46
122	207
197	28
18	53
105	136
150	69
148	197
150	157
56	212
148	227
56	56
247	218
56	28
28	179
100	53
84	218
197	102
56	160
0	84
95	170
95	0
56	95
56	52
56	223
21	91
180	96
133	5
127	18
56	92
150	21
197	68
197	87
39	223
108	46
102	223
18	223
56	32
223	178
102	46
243	68
35	246
133	117
8	225
133	16
185	209
228	188
127	247
95	46
56	84
56	21
46	188
223	23
56	212
229	2
197	122
56	227
95	148
127	3
197	60
18	136
56	129
18	160
56	167
229	100
84	228
185	134
65	96
150	155
212	111
56	150
56	223
150	102
197	18
150	227
232	177
227	207
207	144
56	136
228	76
92	243
197	81
98	39
96	160
56	65
42	96
243	96
73	165
95	243
195	46
95	136
56	73
223	40
28	192
95	199
133	150
18	175
56	238
133	65
84	73
56	169
129	18
133	197
229	179
157	53
92	106
18	44
197	18
136	225
18	228
150	18
56	243
197	136
84	136
56	199
95	90
185	228
56	102
0	212
28	248
129	207
73	53
92	18
189	35
157	136
95	134
56	187
18	18
157	165
150	206
185	20
65	73
95	207
127	76
150	160
56	32
56	155
56	56
56	117
56	173
133	73
221	136
56	157
65	207
150	122
56	65
16	136
129	223
16	228
129	36
56	160
56	58
44	175
228	96
95	150
95	185
127	28
56	136
3	223
56	18
39	73
223	8
95	105
195	96
56	108
127	136
56	18
56	32
54	50
0	249
95	144
56	63
18	75
56	105
65	207
56	28
197	223
56	243
35	142
150	82
56	52
95	193
120	249
185	180
185	136
102	8
127	18
56	95
56	163
169	21
223	6
56	180
39	53
185	141
39	172
8	40
185	228
223	40
146	153
150	232
197	5
169	110
85	76
120	207
18	249
56	39
141	247
18	213
127	122
56	150
56	122
28	40
56	40
56	122
133	236
105	144
223	157
227	195
56	65
28	35
166	155
247	144
56	150
95	25
56	87
129	21
92	18
243	85
65	46
95	223
150	136
40	207
207	225
197	144
95	84
192	177
185	170
197	21
95	120
56	251
136	218
73	105
56	129
122	218
110	188
95	127
131	136
0	46
136	252
185	160
205	76
127	221
56	96
56	95
75	96
110	77
84	247
227	84
150	84
18	136
150	136
26	228
197	120
187	188
185	54
197	223
40	207
66	61
21	91
81	238
92	150
108	175
56	108
56	56
205	230
56	234
197	46
56	73
157	207
95	98
117	27
54	238
133	150
185	120
56	46
185	5
150	136
56	18
155	91
95	85
56	63
56	223
197	179
227	46
185	238
8	117
197	136
228	96
108	150
136	123
92	125
95	127
56	197
56	207
28	247
84	228
129	136
82	212
243	122
133	173
0	173
201	18
56	133
122	210
228	2
56	223
73	73
56	95
244	75
251	212
243	218
185	73
56	56
92	245
46	125
129	157
136	76
129	212
56	84
84	70
56	102
56	95
223	73
56	188
227	189
127	243
32	136
243	157
122	225
108	129
169	117
56	188
95	127
95	185
28	249
65	117
56	180
241	25
185	125
28	169
223	223
56	185
56	238
56	136
56	108
56	53
161	136
56	49
185	98
133	207
127	18
127	127
56	197
56	185
187	184
179	40
127	0
150	228
157	121
95	188
95	197
181	57
197	29
56	223
95	169
251	136
18	247
127	236
62	247
205	61
141	178
95	18
227	5
46	46
18	188
136	207
56	12
84	136
150	247
56	197
227	218
185	50
56	169
148	136
46	37
56	219
56	101
197	21
92	84
185	50
56	127
129	136
148	58
56	129
0	146
150	227
56	150
185	117
56	100
210	35
253	75
185	207
40	228
28	150
181	40
223	117
95	147
95	5
18	136
197	227
56	223
28	75
185	181
128	49
185	243
148	212
153	155
56	98
95	187
129	210
150	157
95	150
66	187
40	71
127	202
127	3
150	84
56	25
16	207
136	188
56	189
129	160
108	150
133	223
18	104
229	157
223	112
223	117
56	96
223	247
185	32
108	108
228	175
56	66
39	102
249	117
56	98
18	117
10	182
18	102
127	127
2	96
197	66
18	73
223	157
129	18
133	8
18	144
18	18
65	175
108	223
223	62
49	48
92	16
243	223
185	136
148	18
95	188
56	150
16	18
197	188
150	150
16	37
223	73
197	36
136	46
148	136
157	238
52	188
18	96
56	127
70	169
56	223
56	115
148	39
56	223
40	180
56	62
185	215
56	187
56	92
56	150
133	157
185	133
46	35
101	5
150	35
40	122
108	54
95	108
127	150
56	157
18	21
197	73
108	169
70	181
150	144
56	122
187	103
18	232
65	120
150	228
185	66
95	179
122	44
197	44
56	150
65	152
108	197
227	207
56	96
148	150
244	175
56	197
161	70
150	84
95	185
197	96
18	136
108	185
56	117
92	18
25	188
127	150
227	10
56	150
127	169
56	214
148	227
39	96
56	133
127	63
56	223
3	92
84	15
150	96
95	122
228	51
6	225
207	35
56	70
56	47
169	73
8	8
95	115
195	247
150	117
248	202
56	200
95	44
66	18
73	157
218	218
56	21
16	74
129	105
148	136
127	223
0	32
16	247
56	95
102	8
150	169
56	30
8	51
248	126
56	220
185	136
223	228
127	40
0	73
56	244
185	161
243	251
63	137
40	9
185	249
95	102
95	136
150	18
56	73
127	39
223	40
56	212
18	46
221	223
18	84
150	17
56	51
185	54
185	84
197	111
223	228
223	122
212	117
185	21
56	163
56	247
56	227
197	63
127	136
18	247
129	228
3	227
56	221
108	228
122	247
98	0
229	66
197	162
0	136
56	0
189	117
95	148
108	122
56	231
127	236
56	56
133	238
127	28
197	248
18	10
81	136
150	223
65	8
18	136
21	77
185	16
179	122
56	197
127	150
227	136
129	73
56	136
128	247
56	127
56	127
56	3
205	225
228	44
28	136
18	137
150	46
129	207
46	96
126	87
150	167
241	144
95	136
56	56
78	81
127	18
56	84
108	152
195	117
28	150
129	96
95	202
243	105
133	84
56	18
32	218
197	180
143	177
150	157
56	40
56	77
223	136
110	29
249	142
98	223
150	169
223	173
147	117
56	108
227	247
243	223
150	172
131	111
56	53
56	170
148	54
56	150
185	136
197	120
56	244
127	223
169	247
56	232
127	0
205	207
150	215
133	247
232	251
169	207
185	197
133	39
102	96
150	0
8	228
3	40
148	150
56	247
65	122
133	112
223	126
56	23
148	169
148	77
185	20
56	188
69	210
232	76
56	127
197	251
50	46
170	109
56	127
56	185
39	218
185	102
56	223
56	202
18	10
56	29
215	73
95	223
56	117
185	188
3	248
223	30
223	110
28	122
56	188
197	207
56	35
150	157
95	136
215	244
18	23
39	251
197	238
56	162
228	117
56	50
56	223
56	129
56	141
133	35
202	76
56	54
215	122
102	223
16	18
223	117
227	102
122	199
157	173
56	247
56	228
92	243
95	228
197	12
56	122
65	232
141	58
18	5
8	248
141	228
185	67
150	129
56	238
243	209
39	169
197	150
136	207
95	197
56	53
3	92
56	169
148	161
150	223
65	62
150	157
161	207
197	212
56	167
56	127
185	136
127	18
2	238
223	46
3	113
180	142
32	247
56	212
0	46
127	175
247	51
117	218
65	40
56	95
95	46
127	243
185	181
95	162
98	32
56	95
56	131
56	243
56	144
197	178
75	35
197	136
157	136
117	191
73	110
56	102
56	105
73	248
73	228
56	95
39	157
205	105
129	75
197	36
56	232
150	223
92	12
66	102
56	92
105	136
66	223
95	150
40	21
141	26
148	76
205	223
249	251
150	122
108	150
8	93
241	18
93	144
223	96
197	16
150	247
145	136
0	179
56	225
185	91
185	195
153	228
150	32
0	157
56	202
169	169
127	20
56	122
0	187
185	18
227	36
8	173
65	70
36	169
18	247
84	5
188	5
197	247
205	120
73	210
105	21
84	136
63	150
84	62
127	148
21	225
100	181
53	246
129	223
0	39
127	228
150	50
84	117
127	108
56	169
21	46
185	197
127	62
131	40
207	159
98	18
56	185
197	227
18	225
18	254
65	139
193	122
195	144
241	36
44	15
92	161
73	177
56	247
18	62
148	197
18	248
150	227
157	244
133	215
197	206
56	108
243	157
56	238
95	150
92	142
193	136
185	162
127	8
108	169
127	133
127	50
18	136
169	73
95	95
223	73
56	197
232	136
56	201
56	100
21	117
129	18
193	81
98	173
56	232
56	167
136	96
108	136
56	133
18	39
185	142
96	96
197	65
185	157
28	227
133	228
185	125
56	136
127	136
84	136
92	67
197	150
127	161
56	244
148	28
127	136
122	13
92	114
21	143
150	136
114	8
56	131
136	77
46	218
18	243
56	199
95	195
39	102
95	8
193	36
16	40
157	247
179	122
185	30
137	46
108	21
146	2
56	169
197	74
56	157
127	110
236	87
28	167
127	185
161	207
129	187
148	170
84	58
18	62
56	85
185	0
150	223
150	150
56	92
197	210
133	207
221	54
148	243
197	73
161	39
127	136
56	206
3	40
63	169
108	228
167	136
150	114
205	96
95	197
100	102
95	78
197	207
143	76
206	8
56	223
39	207
18	223
18	247
127	130
56	223
56	97
207	76
56	223
223	126
157	45
95	122
150	218
56	127
0	96
108	223
84	202
95	207
3	122
40	25
56	95
127	66
56	188
18	44
136	29
150	65
95	157
108	62
150	120
56	122
56	188
65	225
56	84
8	157
227	2
95	5
150	105
16	144
56	0
150	102
56	173
185	117
36	223
223	144
185	32
40	247
56	188
56	129
136	136
179	169
56	82
136	247
185	32
185	148
127	206
56	56
197	18
56	40
223	122
95	73
197	8
223	247
65	39
80	21
131	39
108	197
127	39
185	129
56	177
185	169
40	73
38	21
150	53
206	8
136	21
150	240
73	160
21	172
18	85
56	39
157	157
73	61
65	69
65	2
95	238
197	129
251	35
148	128
56	136
56	169
251	53
56	40
95	96
21	75
150	180
228	136
127	96
0	65
56	223
215	110
197	197
207	207
56	205
36	251
18	21
136	136
84	153
18	76
133	102
181	180
95	129
197	18
56	148
150	136
18	46
56	68
18	212
133	105
136	248
193	223
197	87
227	207
197	8
56	185
197	105
249	188
133	187
56	207
95	223
192	247
251	136
149	75
221	43
179	25
127	39
84	169
56	206
187	173
127	136
185	152
92	188
63	16
197	188
39	73
150	247
185	150
56	56
73	234
227	136
56	157
2	207
185	145
21	117
56	56
49	216
193	102
95	205
197	117
212	126
117	155
3	78
52	113
18	39
65	181
102	188
146	228
56	92
95	229
56	223
66	236
56	73
108	207
223	212
28	32
66	109
0	122
197	150
56	148
245	51
56	218
148	136
95	150
95	234
95	18
56	185
21	218
0	248
129	46
241	223
3	207
127	18
56	92
18	223
127	247
92	150
0	2
185	5
3	136
95	3
150	223
95	127
243	46
169	174
207	85
197	160
161	160
56	157
197	3
127	65
148	228
56	223
148	136
95	228
28	194
92	143
0	49
197	228
56	38
223	248
243	122
223	81
150	232
150	210
223	173
0	102
122	97
243	136
56	63
3	150
3	249
197	150
133	112
127	84
18	223
56	161
173	188
56	150
150	54
81	69
150	169
129	46
205	155
50	247
157	29
18	35
56	56
18	136
56	197
61	35
127	187
133	169
228	21
56	127
150	117
95	16
16	73
150	253
0	110
185	96
195	207
56	185
56	87
193	60
56	249
127	223
185	122
150	110
197	3
129	21
185	50
197	122
56	5
95	127
133	197
20	136
150	225
8	214
157	188
56	215
28	136
148	227
187	238
56	58
179	96
56	122
56	18
223	69
92	46
18	122
185	223
95	225
56	218
223	75
185	105
223	122
56	227
70	44
32	2
56	170
227	18
148	18
223	122
127	197
197	44
185	25
122	96
185	44
95	21
127	133
56	143
185	223
95	251
212	19
185	3
223	220
173	160
56	18
102	172
84	247
223	175
28	194
73	167
122	188
96	254
51	68
95	122
56	177
56	92
46	75
56	40
136	46
133	141
148	84
92	131
251	96
56	84
40	234
136	238
18	232
185	141
141	73
0	247
175	248
185	35
150	81
56	197
197	98
3	84
243	21
28	206
223	21
56	96
84	81
56	56
56	95
127	18
227	136
39	205
18	18
28	61
127	28
227	243
18	188
197	218
56	21
148	195
150	169
127	35
127	249
95	98
136	144
66	122
110	111
127	127
56	58
127	209
18	173
206	215
197	49
127	96
56	129
227	225
170	207
169	120
169	136
10	15
166	73
3	102
56	18
2	207
127	188
117	96
0	89
95	127
100	18
95	92
56	84
100	102
161	18
127	206
133	223
150	129
56	169
56	142
249	143
128	21
8	155
150	223
56	56
56	127
197	8
127	247
56	207
56	209
56	180
181	75
102	243
56	102
243	73
251	248
223	244
228	143
108	207
136	77
95	212
212	96
56	27
150	223
56	141
197	18
148	150
95	185
3	175
95	185
32	220
95	173
32	223
223	136
56	185
197	122
122	155
127	201
91	96
56	18
65	84
185	31
127	26
56	117
56	148
0	160
185	136
75	155
197	188
56	243
32	241
197	129
227	2
56	150
205	217
92	81
109	136
3	6
18	147
185	133
148	50
102	228
18	97
95	179
100	251
197	150
92	188
127	212
56	223
223	73
18	136
95	50
228	192
50	247
28	218
65	71
56	244
150	84
227	136
95	73
161	136
98	65
127	40
44	188
56	180
56	136
92	47
181	122
66	223
148	10
63	175
56	243
21	76
95	136
185	243
25	188
56	223
91	225
18	113
56	185
56	133
227	96
8	105
56	18
56	150
150	221
18	223
98	150
56	75
148	212
133	17
0	188
95	254
56	18
223	159
56	157
247	207
169	90
238	209
95	70
108	223
136	126
117	233
95	223
4	248
227	8
166	247
92	136
131	241
18	243
223	232
127	185
56	223
3	81
185	227
150	245
127	169
206	10
193	249
108	148
127	188
95	173
56	56
150	247
150	76
127	3
56	113
251	236
56	18
127	129
127	117
197	5
102	54
0	223
150	21
243	228
197	129
150	122
56	18
18	202
73	62
223	155
25	192
56	247
28	53
223	209
108	185
127	133
102	207
223	136
197	131
56	28
56	18
84	73
56	80
18	51
56	197
56	136
56	238
185	157
81	218
56	65
56	84
0	223
150	136
56	248
185	39
95	150
65	160
18	53
227	84
243	6
195	62
133	100
56	47
56	129
66	223
95	183
39	78
228	207
122	49
108	0
185	212
136	212
127	175
150	247
95	185
133	68
185	223
185	197
148	150
188	119
70	202
65	136
56	157
95	185
185	185
185	110
189	249
8	46
92	243
65	36
0	8
150	32
95	35
150	202
169	188
73	228
56	129
95	223
95	18
185	92
249	172
102	169
249	160
181	136
127	185
197	102
150	44
92	96
28	102
40	244
18	225
56	95
56	56
56	150
148	39
56	65
136	23
150	40
10	180
150	169
32	195
102	136
243	175
62	136
127	39
157	212
136	53
18	46
56	150
150	172
3	39
18	247
65	207
133	206
18	144
56	62
84	251
56	134
197	49
56	129
108	40
127	170
148	129
127	220
18	62
127	164
95	221
3	150
136	46
157	53
16	243
0	234
98	81
8	73
56	35
247	202
56	46
166	146
21	172
157	53
150	73
185	197
56	136
127	199
18	243
56	95
136	112
56	127
150	46
185	84
63	111
243	35
127	185
56	56
56	56
127	120
223	212
157	113
136	21
56	197
18	243
3	173
223	251
223	58
129	117
146	90
18	21
56	75
150	73
150	122
183	96
197	223
10	177
102	159
0	228
150	167
66	136
21	96
63	150
148	177
185	197
150	39
207	96
150	49
148	122
56	185
136	103
108	202
18	247
185	97
50	136
114	247
232	136
150	223
122	136
185	193
56	127
150	39
63	18
223	136
169	136
197	223
66	136
161	84
197	8
197	32
127	227
127	232
56	172
3	102
150	247
185	148
70	25
150	110
185	29
150	40
185	199
0	207
185	75
228	136
56	197
228	236
84	49
143	188
56	223
150	84
150	26
84	134
145	136
56	2
95	136
185	149
105	136
28	2
18	223
181	10
56	0
169	177
189	230
197	167
18	91
146	85
173	35
96	160
56	188
161	188
16	188
56	223
58	218
127	150
185	155
181	138
63	212
197	44
223	120
56	70
95	157
185	247
95	102
63	163
98	96
108	39
102	178
56	181
95	54
56	92
150	247
56	81
100	223
127	185
56	223
185	169
219	96
192	236
0	177
84	214
95	62
39	157
56	180
150	150
102	51
95	169
56	56
102	8
227	122
0	65
245	175
56	167
18	136
228	21
18	135
95	247
148	150
18	223
150	102
184	96
205	60
231	167
207	53
56	199
108	133
56	84
122	228
56	185
117	93
127	185
18	207
56	189
150	215
127	65
185	65
133	146
185	3
227	192
0	206
56	249
81	159
56	223
92	70
56	185
56	227
0	18
127	129
102	102
129	40
3	33
215	21
95	169
185	129
18	117
73	188
127	150
56	197
56	3
197	3
56	157
18	136
28	144
2	180
56	40
3	188
18	18
197	187
150	21
54	234
92	18
150	207
95	197
95	185
56	148
108	157
197	129
148	129
54	81
56	66
56	181
56	53
197	65
102	187
36	42
56	2
150	223
150	223
157	91
54	126
197	122
56	238
127	197
56	228
197	3
95	232
50	136
56	150
185	0
215	122
185	199
18	91
197	18
18	73
73	136
150	76
21	173
18	21
56	3
197	3
127	238
225	209
18	8
247	216
102	247
56	202
197	40
223	49
148	197
66	243
127	69
158	122
8	50
95	53
3	232
232	96
95	136
36	136
197	144
56	129
167	53
231	68
18	8
56	236
56	102
92	82
56	185
185	131
0	136
18	249
78	169
56	120
169	44
50	136
150	150
98	84
136	173
62	76
50	157
150	18
197	32
197	40
56	100
56	180
56	72
40	46
161	170
133	50
65	191
18	110
14	96
56	150
0	18
84	169
56	62
223	207
56	141
66	122
232	26
18	173
195	76
56	223
185	157
127	197
153	248
109	222
54	91
150	155
185	129
215	210
65	223
56	56
161	228
108	197
18	39
65	228
91	96
39	99
185	40
228	117
17	207
227	212
3	77
21	126
153	191
0	96
136	44
206	5
227	117
95	243
28	65
18	223
56	148
56	28
56	185
127	136
127	152
108	84
197	136
56	193
243	144
95	65
197	136
197	21
56	39
129	136
18	212
28	128
136	75
50	214
150	18
3	157
131	91
197	32
54	248
192	160
249	188
56	150
223	202
39	14
0	40
197	96
56	223
92	231
53	117
39	144
95	136
197	136
8	155
223	231
56	215
148	175
56	56
108	32
127	84
56	188
117	237
102	223
56	162
185	133
16	119
56	95
185	76
56	185
181	54
133	40
127	144
206	96
56	243
197	84
223	217
56	18
56	56
92	150
21	27
56	56
185	150
133	105
56	73
56	197
243	74
56	12
108	160
56	21
39	84
56	46
185	228
185	18
56	0
56	248
158	8
181	5
197	193
56	82
66	238
56	127
56	127
56	65
95	173
137	157
18	5
95	129
39	102
84	243
95	243
223	136
98	149
21	46
95	185
56	136
63	102
185	169
127	175
129	223
56	5
227	180
127	136
150	143
54	96
197	81
212	117
56	56
95	21
56	160
52	40
193	223
92	243
92	5
28	44
56	228
150	167
223	46
56	197
157	224
117	61
8	175
3	5
56	207
197	212
228	173
56	46
150	241
108	73
212	188
127	150
18	83
185	65
63	0
56	56
108	49
32	102
197	40
189	96
136	207
101	53
95	232
159	254
56	46
195	142
0	76
95	0
148	197
195	62
26	96
227	157
39	122
229	65
127	124
127	150
56	150
223	157
56	56
56	56
108	82
197	131
56	7
150	243
56	39
193	218
56	117
157	194
133	150
185	230
212	143
148	18
58	122
253	67
56	56
148	122
185	143
197	228
127	68
117	57
180	134
95	65
185	18
148	30
0	77
185	110
56	206
8	9
56	150
28	221
56	127
189	5
223	153
39	35
60	160
185	185
39	35
65	68
223	117
40	136
251	46
127	46
241	21
56	195
56	133
56	127
56	98
56	136
0	247
150	223
56	40
16	60
197	96
108	223
56	136
127	228
95	169
150	244
136	248
185	21
197	207
150	49
56	108
95	207
39	58
18	206
92	18
185	63
102	169
197	169
56	18
127	136
56	32
56	60
197	226
243	19
8	73
108	223
20	188
133	157
197	18
98	161
92	169
65	195
207	144
56	28
95	228
56	220
197	243
56	127
223	231
56	167
21	188
102	73
148	169
127	205
223	76
18	206
18	44
39	122
150	102
169	223
102	44
40	21
47	10
95	127
197	21
244	35
127	232
56	202
133	223
150	228
18	18
38	180
136	61
56	18
56	102
17	19
69	247
39	134
56	39
155	160
100	223
56	127
197	150
127	197
56	36
127	150
56	66
39	21
39	200
223	224
95	144
150	206
56	92
56	3
185	188
197	84
54	73
127	197
108	169
127	73
127	136
133	21
150	18
56	172
65	18
197	84
56	243
201	223
56	205
8	251
127	87
0	195
46	46
3	102
39	136
146	136
39	110
223	120
127	67
197	73
56	120
241	205
95	223
56	67
185	18
56	170
56	40
56	18
56	10
108	40
244	96
161	244
56	108
247	209
56	225
56	227
30	5
108	188
150	225
223	73
56	21
187	207
243	73
161	117
56	136
98	8
95	76
56	85
46	27
39	169
56	18
148	92
95	136
248	96
95	46
0	223
3	18
136	244
167	225
63	223
197	220
197	28
56	18
150	247
157	91
73	212
0	225
3	53
170	96
150	40
223	207
108	21
56	146
56	188
127	96
28	25
95	183
8	247
18	225
65	105
56	28
56	131
127	202
95	23
56	8
63	131
161	223
95	35
207	160
18	187
127	8
122	136
185	3
92	170
150	249
56	95
18	8
56	56
95	69
3	73
3	136
129	40
0	115
95	103
150	61
185	66
127	46
108	92
95	81
56	73
18	234
229	169
185	188
56	96
127	136
117	75
73	101
18	243
18	73
127	247
54	195
20	218
92	117
185	249
169	96
98	136
232	147
92	150
243	188
56	197
16	8
56	228
28	161
141	109
197	136
56	51
16	78
193	52
56	46
197	195
10	136
56	175
95	232
150	123
129	160
109	207
56	248
102	136
95	9
21	75
44	248
39	182
150	225
32	248
197	181
197	18
127	127
127	127
56	62
73	110
40	155
185	117
150	202
56	65
122	188
197	197
20	173
95	65
127	185
56	91
56	147
0	180
150	223
92	18
185	92
56	100
28	179
223	8
28	161
56	95
56	175
56	243
141	119
56	56
56	247
110	167
56	92
56	223
185	244
95	155
56	56
127	200
56	63
65	67
18	44
185	201
185	136
18	117
148	2
20	140
66	46
92	20
227	102
102	212
28	228
175	155
105	122
81	19
56	127
232	81
185	18
95	145
247	44
56	9
3	188
98	136
197	169
39	236
129	223
127	117
197	50
56	184
157	207
73	212
95	0
66	62
229	192
157	110
56	136
18	142
3	82
56	223
49	111
56	56
127	108
137	245
0	73
211	172
150	96
56	185
197	191
2	101
56	185
56	44
197	117
185	35
223	122
56	28
56	127
40	21
56	96
197	70
197	169
117	9
189	144
56	18
56	66
56	207
150	170
197	18
185	85
114	96
133	150
56	65
56	91
127	40
56	185
129	169
150	79
127	21
56	52
185	73
56	243
18	188
95	128
56	247
102	215
197	66
95	247
227	96
65	223
56	166
150	223
108	131
223	188
127	18
56	223
215	141
56	102
56	114
56	108
150	32
95	122
148	195
220	96
207	51
56	207
56	102
161	188
92	157
108	23
251	192
197	46
0	49
56	61
150	157
150	110
136	46
189	6
150	155
150	161
133	10
56	96
2	144
185	181
56	40
129	102
95	117
185	233
229	179
0	137
56	169
108	207
197	129
229	150
8	209
66	102
148	14
223	232
26	208
56	223
56	50
185	65
56	223
150	29
56	50
148	206
56	27
56	136
150	131
56	68
155	43
95	225
70	169
150	131
150	75
185	223
197	193
197	44
197	61
170	60
92	136
56	18
95	6
56	100
40	122
232	225
56	39
127	155
92	39
56	54
70	110
127	49
185	46
127	49
127	211
189	188
56	95
56	185
129	228
56	95
56	179
127	218
73	155
28	16
56	127
28	102
56	212
169	8
56	150
197	92
127	197
127	100
56	133
92	249
73	46
129	62
56	36
243	46
16	172
223	228
92	228
18	236
2	218
39	26
185	8
223	27
95	136
95	188
56	92
102	8
56	133
56	122
157	225
195	175
197	52
56	223
193	247
56	227
56	95
56	40
243	110
10	117
65	10
56	218
122	115
228	155
127	110
150	78
108	84
46	254
95	136
169	40
185	105
92	162
228	81
170	228
207	134
129	136
122	218
56	98
56	56
56	50
95	197
197	25
95	108
65	102
56	202
175	23
56	65
195	76
243	40
136	247
150	223
56	95
157	38
185	177
95	223
10	173
223	188
56	192
223	122
129	157
131	73
127	229
95	202
129	76
56	157
136	136
56	73
188	202
56	150
92	223
133	8
56	172
95	2
185	185
39	49
185	225
197	21
170	180
185	102
197	205
56	187
150	102
95	223
36	247
3	102
56	98
192	136
56	110
223	73
16	94
56	92
157	14
73	180
56	227
136	180
28	249
133	162
102	21
56	39
108	102
95	206
18	78
56	227
127	18
56	46
197	197
39	96
81	103
56	136
227	170
193	247
56	207
32	8
136	96
169	207
46	46
127	62
197	136
56	183
56	28
98	248
56	40
100	81
95	136
102	247
56	95
91	202
223	160
223	2
27	162
18	46
102	180
227	70
197	136
185	136
56	8
223	75
136	87
56	129
227	157
56	56
18	244
197	73
73	105
102	243
150	137
0	40
197	122
36	91
148	40
150	113
136	236
95	247
73	160
127	185
127	150
25	207
207	173
127	197
95	0
56	157
197	136
56	46
136	175
108	129
150	117
223	87
56	129
0	105
95	243
18	173
127	100
243	254
102	130
207	35
108	157
169	8
95	95
56	197
56	108
56	40
223	232
150	8
127	108
95	144
92	223
56	181
131	244
56	29
56	187
81	46
197	197
3	29
18	87
131	246
56	243
95	127
108	73
56	197
56	197
127	225
228	173
56	127
95	84
65	225
80	225
56	70
229	39
161	122
127	197
187	136
95	188
56	148
102	85
193	180
148	188
95	91
108	207
185	124
18	6
127	3
212	152
56	39
127	8
56	238
108	65
95	129
150	65
95	223
18	2
56	185
169	212
95	207
141	87
102	35
136	53
21	180
95	96
249	91
148	227
120	117
127	207
197	141
56	157
127	150
18	247
32	21
95	127
8	117
39	5
56	65
157	41
56	207
150	80
148	197
16	136
127	177
95	62
102	21
157	228
40	40
95	96
208	218
98	223
8	101
148	160
127	92
18	141
189	132
185	148
117	134
127	36
56	21
18	117
56	175
95	127
56	72
16	102
169	207
63	243
100	44
40	254
185	35
102	136
16	223
133	73
127	18
56	49
108	197
98	152
197	243
185	5
150	18
39	225
148	188
141	195
95	98
127	110
56	228
197	8
185	197
56	195
141	248
56	136
66	142
169	67
18	180
56	46
197	180
248	252
108	150
3	117
10	96
66	136
56	241
197	187
18	101
28	27
197	155
207	188
150	243
185	223
197	96
108	84
127	197
215	54
8	49
52	223
227	8
127	85
102	254
197	207
56	136
128	46
108	180
114	223
195	35
28	228
207	202
185	84
56	143
91	96
95	8
84	153
223	247
56	220
56	8
56	78
56	63
8	238
205	207
167	136
127	152
150	40
39	75
60	96
16	155
92	207
56	167
62	27
197	153
84	223
56	127
173	155
148	157
56	39
56	35
136	247
56	17
146	91
117	76
56	63
70	117
211	228
120	164
102	157
28	92
127	197
136	248
39	84
146	120
98	120
56	3
197	125
169	207
185	96
56	39
108	185
150	18
185	117
127	227
150	122
18	212
150	131
197	188
95	84
56	73
133	223
56	94
185	63
57	202
243	136
197	188
223	87
56	56
197	223
129	40
56	91
8	122
28	50
129	223
56	180
185	70
185	148
227	21
56	39
133	166
56	65
127	181
197	187
150	100
54	2
102	8
169	96
161	223
223	249
40	202
56	92
170	5
127	128
56	197
133	197
137	109
150	21
247	159
21	96
0	136
127	18
223	40
52	145
148	227
56	82
18	169
56	87
185	215
80	18
95	227
3	150
56	231
56	195
197	150
197	73
249	96
195	136
148	150
136	85
56	197
221	232
148	76
56	227
185	136
95	136
185	32
95	150
56	228
56	74
18	160
150	44
3	40
56	21
56	3
56	150
206	139
56	18
56	218
219	46
185	173
223	157
187	155
105	122
56	127
95	202
185	182
133	227
124	2
243	247
56	60
223	249
56	131
127	18
56	223
73	228
114	117
95	91
185	8
56	21
223	223
28	94
56	66
223	91
148	102
56	108
3	102
179	91
56	249
46	175
56	247
127	39
56	251
251	228
56	127
56	108
39	248
84	110
100	18
127	222
98	46
65	223
127	180
8	40
56	28
63	122
129	254
193	36
56	150
114	223
197	150
56	223
56	56
0	238
185	122
108	18
40	225
56	225
223	53
136	96
129	25
65	177
169	251
39	70
56	185
40	122
56	21
56	228
56	227
197	231
129	53
161	223
56	173
56	251
0	228
56	212
150	192
185	65
193	18
150	227
129	96
39	249
195	75
129	223
56	62
73	212
127	98
102	20
127	8
181	180
8	251
56	84
56	56
18	187
56	155
56	234
56	173
56	109
133	167
8	207
241	62
56	65
108	133
185	63
179	117
185	197
136	188
56	109
56	147
56	36
136	53
92	44
148	197
227	207
205	180
18	96
228	2
148	29
127	91
108	0
0	157
141	223
56	197
95	74
133	0
32	8
150	39
95	29
243	136
247	21
56	136
95	70
167	255
16	40
136	85
197	2
95	84
95	96
16	206
102	207
56	25
227	46
189	212
221	50
197	3
56	150
169	232
18	49
56	65
150	223
185	169
84	244
56	150
122	117
56	49
0	147
70	223
95	223
18	183
227	161
78	122
56	206
56	166
14	85
56	18
169	157
66	2
169	96
96	178
56	23
81	136
158	188
223	136
102	195
56	127
185	18
122	228
129	227
122	117
131	173
56	255
95	169
127	167
127	185
95	141
161	202
148	188
18	254
228	37
133	157
95	133
133	40
197	18
185	67
85	172
56	56
18	75
223	157
65	215
197	142
56	18
18	35
223	238
28	129
150	180
223	5
185	202
3	223
167	173
187	96
56	148
95	96
102	50
65	223
56	247
39	223
16	157
18	218
133	117
84	73
18	136
163	247
105	212
56	244
56	56
95	197
120	117
150	144
197	110
185	227
150	223
148	157
70	228
197	194
56	21
206	205
21	130
150	223
56	122
8	58
56	229
133	18
197	197
185	28
39	251
185	243
133	188
56	8
148	243
54	247
56	127
56	2
63	136
108	238
16	21
127	169
127	122
207	53
95	150
110	238
108	215
150	21
18	244
56	223
197	243
108	197
18	9
150	73
95	81
129	136
95	185
56	185
56	155
185	148
40	246
108	3
56	136
193	73
14	132
39	238
78	187
129	206
197	50
185	214
215	169
201	44
62	236
185	84
56	187
70	62
94	136
183	136
56	197
95	197
65	243
95	21
56	81
133	238
150	243
136	159
185	117
223	5
150	173
148	21
185	39
185	158
56	133
18	79
56	197
56	25
150	215
56	18
18	117
197	91
56	127
98	4
39	207
56	136
36	157
133	51
56	136
185	136
18	18
28	46
73	110
56	167
95	208
169	58
185	185
133	249
56	81
39	247
223	46
56	56
63	228
56	122
127	229
8	248
148	50
92	187
18	35
12	62
127	228
21	49
148	0
223	120
223	21
56	207
98	223
133	8
122	143
108	65
95	40
185	96
56	8
129	134
185	155
234	96
56	56
108	0
197	96
197	179
95	70
197	96
150	91
95	18
185	247
56	46
127	98
150	84
56	81
150	179
0	14
227	223
95	207
56	207
56	181
185	5
102	160
56	197
66	6
197	96
215	5
170	144
30	218
56	12
127	195
185	18
8	53
56	54
3	32
56	120
56	136
185	29
169	40
56	40
56	20
18	136
150	2
136	96
56	46
56	56
56	223
185	207
56	131
56	84
108	98
95	167
197	42
197	215
150	32
229	61
56	96
92	212
40	35
56	136
56	207
208	180
56	56
185	100
56	92
56	18
251	117
148	209
84	10
40	175
95	136
95	128
229	179
150	223
56	170
39	243
95	243
127	15
95	35
56	40
56	54
95	127
95	39
56	122
127	129
185	185
56	223
65	102
197	92
40	180
95	49
95	197
63	65
56	18
185	136
56	157
229	18
150	129
108	75
20	247
56	197
56	62
127	102
56	185
215	136
185	245
95	227
95	120
56	92
185	49
56	39
56	100
212	188
150	8
56	70
95	167
18	58
10	188
127	122
169	202
187	244
56	241
39	73
243	106
150	2
56	194
102	128
18	84
148	192
197	247
28	94
56	169
95	91
229	170
40	157
197	29
10	6
56	96
73	228
32	128
56	108
227	210
197	98
127	28
150	46
56	18
95	18
227	10
56	232
228	136
46	27
223	200
56	73
127	39
197	105
28	188
127	91
56	21
40	89
148	105
95	46
108	46
0	103
56	185
95	2
127	155
127	133
95	70
102	52
150	84
136	159
18	94
150	112
95	169
40	21
120	96
56	83
149	117
56	218
133	244
170	117
108	223
92	102
56	84
20	76
3	0
108	84
108	62
185	76
56	185
100	223
148	177
56	53
95	18
56	127
127	141
223	136
18	82
185	88
137	157
95	108
56	56
223	247
56	185
185	197
46	126
65	40
95	18
56	119
150	136
0	49
56	185
56	207
185	65
127	75
56	197
243	51
84	169
136	225
127	127
117	214
56	243
56	223
150	252
56	59
150	82
157	122
127	207
228	136
127	136
185	145
10	187
129	169
150	136
185	188
227	40
185	40
146	75
197	207
56	170
18	8
185	223
56	197
157	21
56	227
26	122
56	30
56	238
197	18
18	84
65	18
92	136
56	18
148	102
95	223
179	247
127	18
150	169
185	96
105	159
157	15
197	136
95	227
148	84
185	0
108	229
127	8
56	215
227	84
131	242
56	25
148	8
95	185
185	18
185	197
56	223
56	84
8	244
18	233
150	170
206	207
206	136
82	175
150	30
102	223
150	46
56	120
56	56
28	243
127	8
206	225
197	39
197	122
127	197
197	50
150	136
127	224
56	185
39	206
40	143
56	65
8	192
56	185
197	195
84	8
18	144
18	141
189	136
102	223
20	169
127	193
21	173
148	73
18	5
136	96
185	12
197	98
56	243
185	136
95	23
56	25
197	136
56	6
122	124
95	197
56	108
185	133
56	95
56	122
95	131
20	10
201	223
150	100
136	142
197	187
52	117
223	96
136	230
127	247
84	136
229	122
54	144
39	223
56	172
8	247
98	18
131	238
56	127
56	127
157	75
18	190
65	77
175	96
197	180
95	74
18	234
205	223
56	117
3	188
95	0
18	102
3	53
108	150
244	144
62	136
27	35
95	49
161	144
185	225
39	188
56	62
223	117
185	117
133	157
56	110
108	84
56	150
179	136
167	247
84	21
56	108
161	247
185	3
102	8
56	150
197	136
102	179
150	249
102	243
108	92
150	53
157	96
249	188
56	202
95	0
179	25
197	122
56	32
148	228
210	136
56	40
127	225
150	223
197	73
0	27
147	233
95	2
205	136
56	56
95	146
8	195
197	248
63	187
243	122
56	197
193	39
32	41
150	31
122	5
127	54
197	249
185	243
170	40
100	157
185	185
185	49
8	25
127	150
56	92
56	65
150	100
127	136
127	28
185	223
18	18
56	136
56	227
181	253
148	206
56	127
169	117
179	216
65	136
56	18
127	65
181	21
223	46
227	30
243	169
56	95
62	244
56	102
185	133
150	21
108	18
229	136
95	136
136	96
25	167
56	6
92	150
197	84
185	157
197	243
8	244
150	223
197	96
150	136
127	8
70	122
185	197
70	243
56	98
56	157
56	237
223	126
185	102
102	157
220	188
56	69
185	223
28	0
212	175
150	65
56	247
127	40
197	195
40	136
56	56
232	21
108	65
108	169
0	238
54	159
133	197
185	102
50	155
95	8
18	170
179	188
169	181
197	155
157	160
56	56
169	122
18	238
127	8
223	40
56	145
169	228
56	129
56	21
189	232
224	17
92	119
185	243
95	223
241	136
150	193
127	169
185	209
18	105
56	95
136	144
185	244
133	197
69	136
193	18
18	18
157	175
18	194
223	136
25	5
65	2
136	46
129	18
18	212
148	245
207	49
133	18
39	48
243	223
108	252
18	159
148	229
62	180
56	225
56	96
187	67
127	228
2	218
56	102
170	225
0	49
127	131
133	117
3	169
56	223
56	18
56	150
18	40
84	96
150	150
117	125
249	252
18	214
38	254
18	5
148	157
129	91
150	136
3	125
228	143
28	30
157	140
65	84
141	117
150	0
226	140
108	157
133	136
215	136
185	40
56	122
56	94
56	73
18	175
185	223
197	117
56	225
135	218
150	129
56	3
127	254
95	227
185	102
10	44
197	74
114	157
56	110
185	188
193	120
95	206
161	120
227	117
39	255
127	136
50	79
0	184
3	171
148	84
53	115
56	18
223	46
108	81
150	150
157	53
185	185
56	172
170	40
127	40
56	136
127	185
56	150
136	202
197	66
223	44
185	226
81	117
150	78
56	167
92	218
207	29
56	248
98	18
205	8
157	225
127	40
159	76
180	46
84	54
185	136
56	249
0	195
102	50
185	18
18	6
133	223
150	21
185	136
148	18
127	46
56	136
129	75
69	247
95	197
100	155
185	223
56	127
102	234
185	3
3	73
56	243
18	11
127	185
3	215
56	18
185	98
95	247
95	150
223	5
56	241
56	66
127	18
56	56
157	136
95	223
56	133
127	181
197	39
95	114
58	136
56	243
56	56
185	207
95	28
56	155
170	101
39	115
185	150
28	30
66	155
129	228
56	247
56	136
39	60
148	18
229	46
150	207
92	102
228	202
44	91
95	223
73	218
18	70
56	141
3	18
73	117
197	223
56	243
3	247
56	10
56	227
243	188
223	155
169	21
95	21
207	76
150	215
18	221
66	207
95	10
117	188
56	150
56	68
56	92
95	120
56	170
21	27
56	207
3	206
136	212
56	205
8	2
56	207
56	56
56	52
56	133
133	25
127	78
185	229
84	243
50	19
129	84
3	157
157	46
95	117
205	49
56	46
74	188
185	148
227	223
3	150
108	146
150	141
56	96
150	8
127	96
56	197
56	79
223	207
150	223
150	194
127	150
18	188
185	223
133	66
243	249
197	136
95	2
127	223
95	46
150	170
223	228
185	214
56	129
21	160
18	157
185	155
95	18
95	133
3	62
150	49
56	25
56	40
136	136
56	185
148	136
56	188
56	197
129	18
187	93
127	84
36	245
223	195
108	179
136	117
227	39
197	46
70	21
185	185
95	25
56	18
95	136
195	44
56	223
84	175
133	136
223	34
56	56
0	228
95	223
56	21
197	241
197	150
127	122
150	81
56	157
167	83
92	247
95	127
95	127
36	8
150	228
100	35
56	56
150	18
75	188
44	194
148	223
133	5
111	202
56	3
56	179
28	91
3	223
185	73
0	160
185	117
3	21
18	136
127	54
56	40
185	136
95	70
150	18
146	46
56	218
127	108
102	177
227	223
223	136
226	87
205	96
95	46
3	40
92	170
56	49
158	46
3	205
197	244
181	202
133	136
56	56
193	44
197	241
197	28
56	143
65	102
136	160
147	41
228	192
95	155
100	243
127	196
148	28
95	128
39	207
243	223
148	225
127	119
185	210
56	197
63	80
98	131
167	136
127	134
56	111
56	21
50	46
223	223
56	144
150	150
127	21
161	73
102	53
56	23
197	136
73	122
129	170
185	122
247	162
56	225
169	60
56	197
150	117
81	144
197	0
56	247
197	136
84	243
56	227
56	185
150	117
0	195
185	80
243	209
56	169
73	207
108	249
227	243
40	232
56	39
127	8
65	120
127	65
223	187
148	243
18	119
52	247
56	122
150	243
105	76
53	191
185	18
56	197
95	205
148	219
127	185
223	188
95	205
185	28
197	150
197	49
95	127
127	188
243	218
185	202
243	122
243	46
206	236
137	223
95	136
56	117
70	254
95	227
150	207
18	30
185	212
95	206
148	128
133	136
169	223
227	243
185	28
185	53
56	249
133	223
46	87
95	126
98	147
28	225
56	117
18	228
18	8
133	68
95	127
185	46
150	23
161	40
95	53
5	76
56	137
185	197
56	56
223	223
161	39
127	133
18	236
227	247
197	150
148	36
185	72
223	212
127	243
8	136
56	180
197	28
56	56
18	167
229	197
170	173
185	65
148	96
56	122
8	120
137	219
150	12
56	18
56	81
56	122
243	136
223	15
187	247
95	108
223	15
127	242
65	201
150	223
150	137
56	205
197	188
148	45
56	185
122	96
229	18
51	248
95	247
150	221
127	150
161	117
197	195
56	102
197	197
197	215
56	166
56	223
32	60
129	244
56	178
127	215
197	131
56	25
129	252
133	107
56	114
84	212
108	150
127	27
185	140
197	0
84	22
223	223
56	218
150	173
0	96
127	197
197	0
3	76
197	82
197	161
84	157
148	169
127	18
56	95
133	247
56	62
136	130
56	247
84	219
56	56
161	244
0	46
73	142
102	212
127	179
39	187
251	136
108	150
56	56
185	169
92	220
108	187
150	84
22	207
185	224
136	77
84	223
56	39
148	66
56	150
150	223
65	113
56	39
39	40
185	133
185	197
92	93
223	75
136	155
78	220
84	170
150	117
56	185
46	188
56	223
39	30
84	113
18	102
56	18
161	243
227	167
95	133
56	49
228	96
185	84
197	46
95	127
185	110
56	187
127	96
95	157
16	21
102	249
185	88
127	117
56	127
56	223
157	136
95	101
170	136
197	94
95	117
95	39
127	136
197	40
56	145
56	95
243	73
80	136
65	122
56	56
66	167
95	75
228	75
56	138
3	129
95	108
18	21
95	150
56	65
100	18
18	10
56	243
95	150
3	218
127	127
84	136
127	53
197	122
102	238
84	169
56	148
129	188
133	136
18	39
197	189
185	46
223	136
56	53
133	150
169	35
185	46
136	218
73	9
127	18
127	21
185	102
95	108
92	102
56	209
185	133
30	136
65	223
56	136
95	23
150	54
150	65
185	121
197	12
243	243
133	243
251	248
127	94
92	150
197	179
92	249
150	40
232	187
227	136
223	89
127	70
95	161
129	218
0	122
3	81
189	46
185	227
3	18
223	73
39	21
56	181
150	179
3	228
56	255
169	223
197	188
56	105
188	88
169	248
150	120
211	109
84	136
65	206
56	180
56	136
2	53
150	49
18	136
150	46
56	56
179	136
197	244
127	127
150	169
127	8
243	215
129	78
185	121
197	79
100	18
84	207
56	110
56	122
39	73
185	157
150	125
185	39
0	39
227	21
127	96
227	122
56	240
114	44
28	62
3	169
197	227
185	44
56	148
122	122
56	98
150	35
3	223
63	223
92	188
84	247
227	210
56	150
56	227
39	195
56	128
169	180
56	150
108	189
110	134
56	238
95	148
185	185
150	195
158	8
84	169
205	225
197	247
78	200
129	223
95	92
56	71
197	244
148	76
95	167
56	136
84	49
131	247
145	188
28	223
3	102
56	185
95	117
56	56
127	197
127	32
100	73
133	150
108	197
100	161
28	136
18	223
127	127
185	28
170	147
56	227
169	81
56	144
92	8
56	169
3	228
227	84
169	2
197	120
56	247
187	212
28	92
56	150
208	44
100	207
56	46
18	175
185	49
197	247
243	223
197	129
127	144
66	157
56	207
95	40
166	227
157	25
193	223
127	131
95	185
84	96
39	157
56	181
136	247
148	228
150	247
150	18
108	238
65	237
133	228
95	21
136	96
185	179
95	127
243	46
223	238
133	10
18	39
28	8
46	144
8	44
117	46
197	136
185	212
95	136
157	188
148	157
40	15
129	69
197	223
185	159
102	136
179	136
185	172
56	35
92	170
179	117
127	181
58	188
108	193
241	101
161	136
110	117
56	243
32	136
122	188
181	25
110	91
102	207
56	128
66	65
56	247
18	40
65	40
0	51
122	144
136	96
247	213
56	129
150	120
223	87
56	197
150	136
70	8
16	228
127	227
108	66
56	157
197	218
95	155
185	49
181	122
227	42
95	225
185	197
66	102
150	44
245	73
56	127
185	247
56	185
75	111
102	246
127	40
56	95
100	179
136	207
56	223
80	8
95	150
18	222
66	157
197	232
12	21
56	129
95	205
56	98
169	149
3	150
169	117
28	188
56	184
173	93
223	50
127	197
185	207
3	62
56	44
56	254
122	175
56	167
56	150
185	122
95	54
56	35
3	136
56	180
95	211
56	63
127	185
16	181
56	67
95	148
127	150
108	48
56	207
95	127
185	187
28	92
73	117
102	40
108	92
56	70
185	136
56	98
150	223
2	213
127	157
161	102
56	136
127	73
185	49
56	39
127	44
56	136
18	37
136	225
136	254
185	97
70	21
92	227
150	247
127	49
102	243
197	46
185	66
185	243
56	187
18	136
127	3
102	82
185	129
56	129
52	236
95	243
56	56
136	41
197	248
84	117
150	2
185	180
95	150
148	65
206	223
127	193
95	169
129	219
84	109
56	39
56	109
56	207
56	21
56	5
136	96
8	21
56	56
185	150
197	92
95	150
227	192
131	8
73	49
56	207
56	136
56	110
95	96
56	179
148	102
56	92
18	73
56	40
150	52
201	27
95	223
227	189
197	18
95	4
127	243
56	73
74	225
56	185
129	182
133	223
56	133
73	188
197	73
188	188
197	223
197	84
95	223
129	223
56	136
179	175
133	136
0	253
185	39
185	142
50	188
56	85
56	136
185	98
8	87
136	202
73	96
185	18
56	189
129	105
136	247
247	49
200	202
56	91
95	133
56	127
133	36
185	197
129	87
181	15
8	157
223	62
95	185
197	2
95	102
229	170
56	136
150	223
56	56
95	127
223	159
95	185
150	136
8	44
129	50
92	150
56	95
207	173
120	188
56	197
56	228
150	187
129	96
3	114
95	80
95	170
56	56
150	85
143	91
197	136
148	247
201	248
179	191
251	188
157	89
185	87
95	18
227	223
28	244
39	247
127	157
223	81
228	46
223	247
223	249
92	150
122	136
247	238
185	223
56	185
136	155
227	18
141	91
131	169
56	39
133	169
40	238
197	98
56	23
150	232
150	217
95	223
56	95
136	46
95	28
95	95
127	175
73	76
32	117
187	68
185	141
197	110
197	136
223	155
206	90
127	187
197	218
56	92
95	243
56	150
129	39
78	181
95	193
28	84
18	181
95	108
53	142
28	157
56	195
102	117
185	241
95	3
136	46
56	102
188	76
117	159
8	50
245	136
56	244
95	63
56	95
127	223
56	184
148	73
3	247
18	212
133	223
227	223
8	73
56	81
223	228
56	117
56	133
150	110
197	50
197	199
129	232
70	136
18	18
95	221
95	25
197	122
127	185
56	122
193	2
148	65
65	18
197	112
56	136
231	117
253	46
197	161
108	61
56	230
249	228
243	247
0	162
150	73
150	169
131	173
56	136
56	150
197	18
193	247
223	76
95	127
92	82
56	40
0	223
56	127
193	10
66	141
150	207
28	18
28	32
56	244
131	248
21	27
50	73
56	95
56	56
247	51
169	207
25	46
95	197
56	185
157	53
150	115
39	136
215	223
102	223
95	157
243	79
185	205
63	18
127	146
56	18
169	2
223	212
56	188
56	65
36	169
56	197
205	157
56	251
108	251
229	223
56	95
56	148
73	140
28	49
127	39
95	122
197	247
185	136
227	247
127	61
185	136
69	136
56	89
127	117
173	46
56	74
56	78
56	128
127	188
56	195
127	146
63	202
65	237
185	136
136	43
28	120
3	18
18	8
215	205
169	91
8	88
232	46
3	92
18	39
117	46
185	188
56	46
127	36
108	136
127	207
141	228
56	95
65	187
228	188
56	228
80	8
56	133
92	18
157	136
185	155
141	49
185	185
56	136
197	81
98	0
18	141
108	157
56	188
185	96
66	157
8	9
243	159
3	188
223	118
95	244
56	185
28	46
133	136
133	46
229	136
150	102
150	202
133	92
185	96
65	5
197	150
150	150
229	243
127	223
127	131
56	96
56	18
56	110
95	186
56	205
197	212
136	117
62	207
150	18
18	110
70	180
197	54
84	223
65	160
56	28
56	40
18	8
227	243
133	223
136	13
8	119
223	223
185	126
56	95
136	96
157	247
185	18
92	150
127	62
127	185
243	173
150	136
185	8
95	173
56	46
150	187
223	53
197	200
122	207
117	177
170	244
92	73
129	100
148	136
95	133
127	35
122	110
39	228
95	136
56	122
150	102
185	157
197	40
136	115
3	65
197	193
56	175
174	136
95	225
56	61
150	238
221	50
0	40
95	223
185	150
56	18
108	179
197	105
56	157
56	46
137	228
185	247
127	238
249	46
8	21
197	84
56	157
197	122
56	21
129	85
18	183
185	35
56	16
32	96
26	188
223	96
3	162
127	127
197	205
247	49
32	8
127	127
174	53
127	150
56	95
56	18
223	238
181	247
153	44
56	16
18	67
150	237
197	8
197	202
65	254
127	54
56	215
18	39
150	155
133	238
65	81
127	113
56	227
56	213
185	129
197	53
56	56
127	68
197	49
81	173
193	0
18	136
148	84
197	0
100	228
150	136
185	18
133	46
150	205
10	48
65	49
197	0
197	231
8	207
56	130
56	197
56	129
185	117
223	136
56	232
56	207
127	150
56	127
56	197
95	215
95	18
56	243
108	205
185	102
148	8
65	188
129	96
206	232
56	161
223	157
227	188
56	136
197	247
10	247
18	136
148	49
150	102
150	117
150	144
56	44
56	69
66	173
189	136
165	35
56	173
128	91
185	223
56	197
56	127
150	223
157	159
150	136
136	188
95	102
56	113
223	216
64	115
185	185
157	4
50	162
157	4
150	96
108	227
170	187
92	155
95	185
56	197
129	157
148	136
92	150
56	197
56	56
56	28
179	136
56	148
92	96
150	136
223	25
56	129
56	150
18	158
223	207
229	44
56	228
56	5
63	141
122	136
129	212
150	207
187	238
197	223
193	82
227	157
169	73
18	228
197	18
251	212
40	58
56	148
110	62
56	56
193	136
56	0
56	2
56	56
56	243
56	95
78	54
148	133
150	46
185	185
185	136
223	130
120	44
197	84
150	51
108	185
92	193
56	3
122	136
136	76
127	150
84	159
56	127
56	73
133	87
92	8
185	223
102	232
167	130
150	212
114	122
148	243
136	207
223	136
95	98
108	18
16	173
150	232
56	161
148	243
56	18
84	94
95	35
129	96
129	18
136	85
219	188
197	18
185	68
0	53
131	136
127	185
25	117
243	136
56	100
193	25
129	167
105	214
227	223
157	212
56	136
150	173
95	228
16	225
227	140
227	96
197	28
54	15
185	94
56	3
56	66
108	84
133	46
148	21
65	105
84	228
95	185
243	188
127	84
28	223
56	142
56	248
28	46
12	244
56	73
169	223
229	16
56	162
56	18
108	247
3	53
157	233
56	68
150	223
197	12
127	188
56	228
223	249
185	40
169	44
56	108
4	136
56	81
223	157
185	195
39	31
133	157
95	211
92	22
92	25
108	16
133	150
223	110
40	167
38	21
187	96
108	136
150	247
228	202
73	157
18	173
223	249
223	223
56	169
3	206
56	167
232	218
197	236
95	170
56	243
127	185
95	95
150	248
228	195
185	90
129	21
231	5
39	202
133	169
92	8
229	170
102	139
148	3
56	95
56	95
95	150
56	3
102	94
56	129
179	117
210	136
92	39
181	207
185	117
223	136
180	225
56	127
127	39
3	251
56	136
56	102
243	136
108	245
141	44
56	150
28	244
100	18
18	122
127	10
56	95
56	131
3	5
56	228
133	223
127	243
197	16
127	85
65	84
8	21
227	169
18	173
95	150
56	66
185	227
56	3
108	243
185	220
56	46
228	248
197	150
127	185
127	2
159	91
232	58
157	248
56	167
56	232
108	39
56	46
82	218
56	223
95	65
95	136
40	109
8	46
40	228
10	126
39	247
70	223
122	132
223	53
56	247
127	28
95	137
56	56
95	223
127	173
20	195
92	199
56	56
133	180
56	35
207	46
136	125
193	122
25	75
223	76
122	21
56	148
157	14
3	73
197	40
95	218
56	179
56	150
127	157
133	8
95	197
56	95
227	102
63	164
150	0
127	53
197	218
56	136
56	223
127	185
127	25
247	21
56	225
36	136
197	157
102	8
18	160
185	243
108	98
17	46
56	175
185	54
56	248
127	141
197	8
56	92
129	35
18	10
32	241
136	1
56	21
102	243
185	228
49	248
148	28
65	136
3	129
201	223
185	96
243	144
133	136
127	169
157	136
197	160
248	130
127	3
56	102
127	175
129	102
56	56
150	199
36	136
56	202
185	247
133	223
56	248
150	8
127	161
197	65
197	232
56	127
56	150
185	65
150	39
181	17
56	126
84	102
56	148
56	56
127	3
56	185
127	227
127	3
56	18
227	131
56	56
20	225
122	77
95	136
185	197
197	28
18	188
56	249
18	136
56	98
148	96
42	188
122	96
56	21
148	223
223	136
108	149
18	102
127	188
197	46
150	91
150	150
98	122
197	16
56	95
150	157
56	161
92	157
243	77
65	247
56	21
102	147
65	8
73	117
161	25
227	136
56	175
84	96
236	113
150	23
150	144
39	244
227	199
28	150
39	223
56	146
133	91
56	0
56	44
179	117
92	223
223	73
189	157
185	248
157	21
56	129
127	36
54	19
127	81
95	63
56	95
148	137
65	18
185	150
127	136
18	117
150	188
95	227
56	73
95	65
56	65
32	91
56	214
52	120
56	108
136	247
127	91
56	61
100	223
66	129
161	136
56	136
148	223
133	197
96	186
224	6
56	96
197	98
150	73
249	136
150	150
95	129
18	94
141	21
148	243
95	223
66	227
56	21
95	223
227	225
95	197
102	73
223	85
197	188
108	150
56	122
189	254
197	18
185	219
18	188
185	46
133	44
56	169
207	172
56	102
185	84
56	5
56	130
63	248
56	54
28	228
227	155
84	136
150	228
127	57
56	91
227	223
95	148
66	41
133	3
127	223
185	232
18	173
3	143
170	96
108	63
197	223
56	185
46	238
16	9
12	21
0	207
197	223
232	207
129	117
56	205
56	122
108	63
56	185
223	2
150	155
56	141
108	223
56	157
73	117
227	157
56	223
148	110
129	53
207	41
185	249
157	175
243	210
56	243
18	207
56	99
39	212
197	120
92	131
3	207
95	63
150	49
56	175
129	251
166	129
197	76
28	167
56	28
56	179
56	150
56	187
188	48
95	197
56	56
148	169
169	21
56	127
56	122
127	51
73	147
56	3
215	180
0	18
137	21
127	243
66	150
127	94
95	58
95	26
185	39
102	46
127	223
56	223
8	122
108	197
95	254
18	50
39	96
197	247
185	197
56	49
133	157
56	81
197	92
56	134
117	57
185	148
92	146
197	180
56	207
136	155
150	240
127	8
95	23
127	18
56	150
223	218
197	136
56	73
63	81
193	21
18	181
223	147
84	248
8	117
185	122
8	136
127	127
56	8
95	141
108	157
105	136
150	136
54	223
127	202
56	211
127	223
65	71
127	223
150	157
185	136
169	223
185	249
73	254
39	61
127	223
127	227
148	148
127	227
185	0
181	248
56	49
185	150
249	117
84	215
2	46
18	73
95	150
56	170
56	46
18	187
157	136
56	251
127	243
95	136
18	245
28	92
185	28
120	136
16	54
158	247
129	18
56	39
185	103
136	96
56	223
127	243
0	223
56	150
197	136
169	117
136	207
223	159
105	218
56	227
108	247
92	46
56	0
56	227
56	63
95	225
95	73
56	32
227	122
56	166
95	65
148	157
197	50
206	223
95	18
127	127
40	69
28	15
56	185
108	96
54	202
136	57
197	5
9	96
150	138
18	96
56	197
66	0
185	40
18	136
127	108
56	227
157	21
197	223
136	173
28	221
56	223
18	117
101	136
28	157
40	244
56	197
197	136
46	46
161	18
181	175
127	28
56	129
197	248
185	231
3	18
185	2
197	3
129	111
188	96
141	225
0	96
56	129
193	249
122	45
185	18
3	233
197	228
197	225
56	207
127	127
50	49
21	51
3	200
131	76
150	209
56	125
95	150
188	96
8	192
56	207
18	195
56	56
56	56
148	39
56	8
12	105
227	65
122	175
179	223
84	223
197	36
3	3
99	225
197	8
92	40
84	169
65	117
129	228
129	227
187	44
78	228
150	188
195	46
56	197
56	108
56	144
56	247
197	5
56	173
56	233
185	207
82	91
73	136
18	169
120	249
56	8
243	251
56	136
197	225
127	206
212	117
95	197
73	136
56	157
8	62
18	179
185	206
133	35
129	227
56	228
0	12
95	108
243	81
102	243
56	95
39	136
185	169
157	212
95	169
197	117
185	228
205	68
40	40
247	247
127	175
56	92
95	188
127	170
56	73
129	65
223	49
127	232
56	202
197	0
95	65
169	248
197	209
150	18
197	169
73	136
197	96
3	145
179	25
127	195
243	223
56	56
197	245
150	40
28	136
197	254
95	197
56	135
56	169
56	207
197	136
56	8
56	50
148	197
18	207
223	21
56	127
56	28
185	40
127	229
8	1
197	92
56	65
56	96
8	228
56	155
136	136
197	150
56	66
18	141
185	54
169	155
95	92
122	30
148	223
56	170
223	218
207	248
56	157
56	21
127	185
127	120
56	218
129	18
39	225
56	84
232	96
3	32
56	207
56	3
102	58
137	169
197	197
176	188
157	157
223	6
95	46
150	227
28	191
185	105
56	207
56	18
185	188
243	81
161	18
92	175
63	110
197	152
169	136
95	75
150	117
56	95
56	95
56	65
229	136
98	227
18	122
95	136
185	137
197	65
197	227
95	251
18	157
0	181
223	6
197	96
127	117
129	18
73	160
95	21
56	136
65	8
71	23
95	234
133	179
3	53
56	223
136	130
18	188
56	110
56	160
141	172
56	102
98	50
193	96
169	169
185	207
56	56
18	234
127	51
28	228
56	127
127	52
56	18
169	223
56	52
197	179
39	76
56	185
3	195
238	111
18	207
95	227
95	16
40	234
133	54
150	102
56	18
243	232
133	18
223	21
18	87
73	232
170	205
95	8
150	78
39	46
129	243
18	223
150	85
133	192
92	65
197	84
56	227
56	20
179	223
56	185
197	0
120	160
127	223
84	170
133	70
122	75
228	244
56	61
56	205
32	152
92	39
39	73
155	76
56	96
56	206
249	122
65	136
3	84
65	102
206	195
56	56
108	160
95	92
56	169
136	96
227	221
243	223
92	225
127	131
127	65
3	18
150	96
39	223
185	134
56	52
50	120
56	197
56	237
207	155
197	100
56	197
133	223
95	65
50	25
0	136
56	120
148	26
65	120
148	188
102	136
18	76
95	96
133	157
46	248
150	223
185	155
56	223
102	126
122	91
56	94
195	136
243	14
136	77
84	153
56	18
56	218
127	197
179	243
95	117
133	8
78	29
84	73
228	46
223	110
170	169
157	173
145	96
56	66
95	108
95	18
95	65
148	207
195	225
18	115
56	40
185	207
28	46
21	177
56	197
49	175
108	157
127	207
66	122
108	157
28	188
185	200
197	144
18	247
54	79
56	157
105	136
127	185
60	136
77	96
8	96
95	150
185	243
32	141
18	122
149	136
127	21
169	69
223	202
56	18
95	148
127	185
193	223
95	223
65	50
16	50
95	3
28	150
56	127
56	108
56	5
56	2
133	114
149	75
100	207
3	150
228	5
81	91
215	145
56	212
56	244
245	2
28	157
2	210
185	143
166	206
185	150
18	10
3	122
56	136
148	129
65	8
117	238
56	95
157	96
10	115
127	243
56	197
95	227
223	202
185	142
185	139
179	46
148	2
18	46
136	207
148	0
56	193
185	195
56	205
150	160
70	157
95	179
84	223
65	43
189	195
166	65
133	136
131	117
148	129
56	74
56	56
197	16
227	8
40	26
122	207
95	141
21	180
185	117
185	179
95	136
150	73
56	56
92	122
56	8
56	63
56	127
56	150
197	18
133	247
223	110
56	173
56	54
127	188
150	225
56	134
122	136
21	173
127	39
185	117
18	101
150	223
56	133
227	2
56	111
127	131
56	105
95	0
56	193
77	213
160	202
95	197
122	207
95	206
95	205
169	144
102	225
56	129
84	136
65	18
53	115
56	207
185	157
18	50
56	53
95	18
28	136
56	40
229	150
92	80
56	155
129	117
129	247
36	237
133	25
129	116
127	3
150	161
197	136
127	223
197	54
56	212
95	227
0	65
50	177
95	65
3	9
3	136
56	96
18	243
95	228
0	223
98	84
148	92
197	122
249	247
56	28
108	46
56	117
0	73
129	199
95	28
185	238
56	52
56	225
56	21
56	27
63	188
227	188
185	102
56	8
56	35
185	110
63	122
117	35
127	18
133	215
56	136
206	75
56	25
0	136
197	32
56	81
150	128
56	42
133	79
95	144
148	197
56	122
108	96
185	157
150	243
56	40
95	3
197	102
150	99
56	96
150	90
8	202
56	46
185	136
197	150
20	116
56	193
117	173
56	102
0	247
127	114
136	115
56	200
157	25
40	30
95	122
56	181
117	37
136	96
201	188
185	18
136	191
66	96
197	39
56	56
127	188
95	18
228	27
36	46
127	185
65	52
98	82
56	218
95	246
84	8
95	5
127	228
105	136
169	40
229	117
56	185
66	80
49	15
46	238
197	248
247	87
223	5
18	17
247	162
157	175
18	223
84	169
40	76
56	207
195	53
56	166
18	234
95	219
197	16
56	117
56	18
92	0
148	179
197	21
127	18
201	143
92	136
18	40
150	163
229	100
56	129
3	188
95	108
127	157
56	32
166	161
82	248
56	232
205	132
150	236
227	18
131	102
102	207
56	96
185	210
56	66
185	136
3	223
56	230
56	94
197	36
188	96
56	46
18	160
197	102
84	169
185	122
108	0
73	173
133	150
56	73
148	117
21	46
18	249
2	136
122	228
56	21
108	223
56	23
110	49
129	136
56	227
56	87
127	127
223	8
56	18
56	157
56	56
56	169
185	81
56	150
56	238
133	228
185	18
223	21
92	65
56	136
148	96
161	247
150	223
127	193
65	223
56	85
185	84
155	172
56	232
185	187
185	197
127	189
185	65
28	136
185	18
127	15
127	18
56	185
185	28
197	61
95	148
84	209
150	36
197	216
240	96
32	243
66	202
197	223
40	218
148	136
185	65
10	136
197	136
32	65
95	18
56	221
169	223
120	117
223	244
84	247
56	0
18	169
127	249
127	18
197	96
56	223
56	150
18	15
95	40
127	9
127	188
185	131
150	117
56	46
56	53
227	175
18	223
161	84
56	91
227	120
148	197
100	155
18	248
229	228
28	44
18	46
46	96
197	54
127	218
18	39
18	84
109	248
169	200
185	27
73	87
78	223
166	18
244	188
150	207
40	173
127	197
18	27
56	94
150	223
95	72
56	56
92	65
221	76
95	96
56	180
101	96
197	39
56	0
21	155
150	46
0	206
127	197
4	81
185	0
150	209
56	150
193	155
56	210
133	6
56	136
201	84
56	0
40	155
84	46
117	23
40	226
229	228
127	210
150	96
223	40
150	0
56	120
98	160
84	188
56	187
229	223
127	127
98	50
185	185
133	178
95	136
40	120
56	225
92	188
127	249
0	105
3	73
207	175
223	40
95	150
150	62
28	84
185	18
28	136
73	136
127	197
84	179
136	136
150	254
232	232
108	133
56	223
56	228
95	247
185	8
92	39
127	108
56	143
56	185
127	25
207	151
3	144
95	185
92	169
205	2
39	21
95	180
56	131
110	46
56	95
65	223
