178	665
546	64
626	157
485	476
553	246
178	874
406	903
188	746
403	31
551	546
483	877
392	604
710	234
65	157
606	791
551	737
230	242
603	71
478	891
546	486
553	482
414	385
569	54
618	126
553	104
606	635
626	192
889	608
392	396
318	120
559	475
572	845
551	395
406	567
70	396
230	613
237	397
392	548
569	401
756	70
756	884
551	639
603	239
398	596
396	928
572	27
237	879
572	478
704	395
562	763
227	639
553	869
551	230
237	404
675	245
551	753
70	624
791	177
596	739
485	842
572	473
132	12
392	387
894	599
626	893
572	547
246	1018
242	491
626	64
387	756
596	154
551	617
230	596
460	229
608	191
569	302
237	546
763	609
894	891
191	658
234	886
139	319
889	587
404	602
392	158
889	70
596	763
387	233
626	764
889	178
333	134
626	395
395	877
753	696
704	712
559	606
596	476
551	562
626	812
546	572
546	626
387	395
629	319
90	771
675	261
763	236
237	546
229	183
712	787
917	925
710	393
239	570
704	476
763	554
148	606
626	496
237	361
408	743
237	485
253	480
239	134
237	239
972	400
335	66
879	312
401	549
476	234
227	609
230	132
551	301
398	606
247	133
572	575
485	808
236	189
559	447
546	763
801	704
551	639
629	946
756	64
626	132
476	361
889	309
66	69
559	241
763	177
551	613
889	473
626	239
242	625
411	66
240	549
606	262
629	395
392	546
387	593
553	572
478	574
177	893
748	177
170	614
559	301
230	472
551	801
562	236
392	629
551	549
64	134
551	570
567	54
392	229
395	302
788	974
553	233
583	393
551	392
398	936
385	549
567	177
889	110
763	66
66	548
356	110
392	553
551	770
268	366
237	546
398	801
596	737
704	473
613	891
572	395
553	38
237	485
232	70
551	334
398	142
572	239
570	482
232	553
138	177
655	385
392	389
553	239
606	395
551	827
756	225
395	271
551	468
480	231
551	549
782	482
546	806
572	179
756	890
396	707
559	239
490	395
553	894
553	253
551	1009
392	229
606	239
675	894
230	89
606	56
148	90
546	547
132	229
473	893
404	914
606	865
606	704
551	110
5	809
408	408
5	141
676	95
626	895
395	239
546	809
626	234
551	618
655	32
551	645
756	956
546	312
177	183
511	712
553	737
476	771
231	509
388	391
385	486
546	613
404	893
471	624
629	673
613	326
626	64
626	179
879	239
353	79
606	953
569	359
551	606
546	177
546	704
54	177
237	177
237	234
392	237
567	629
237	821
169	973
314	56
237	64
490	769
618	214
551	547
575	358
237	387
553	756
404	312
551	567
675	395
233	943
606	32
551	915
572	601
553	572
748	890
553	132
887	557
629	884
626	64
511	335
393	315
546	473
745	167
268	926
551	551
551	237
572	239
551	255
403	753
553	596
301	229
606	756
981	136
403	556
546	398
551	471
178	683
400	177
551	551
129	606
613	756
551	743
613	242
551	79
240	254
132	786
551	28
506	924
753	676
485	66
253	639
314	895
569	547
395	471
158	760
546	468
764	469
603	396
807	893
129	369
237	404
551	17
551	551
411	239
753	763
572	312
392	227
712	756
572	879
165	676
626	501
239	971
603	177
658	236
139	737
140	756
551	784
392	809
562	188
473	128
237	268
191	888
812	70
551	572
401	229
165	239
551	384
551	473
232	90
237	239
387	314
465	239
572	884
650	292
392	426
314	177
77	239
629	239
756	912
395	177
567	310
551	889
547	886
756	875
181	875
546	131
392	544
553	626
891	404
480	494
406	570
665	404
613	38
553	229
330	89
756	974
553	884
246	107
478	756
186	974
551	30
882	893
232	239
562	626
66	79
551	548
230	895
572	756
447	471
551	551
211	235
737	312
593	76
626	236
385	226
587	239
613	808
404	549
603	400
567	626
170	756
704	884
546	658
396	385
889	395
178	104
808	483
626	606
237	691
559	165
53	886
551	18
129	718
178	177
546	488
395	963
606	395
629	761
391	976
626	490
614	886
587	53
551	671
230	753
551	79
237	569
704	73
737	549
476	549
227	480
72	385
553	271
307	810
551	236
572	299
957	239
312	234
704	396
233	65
241	471
553	1022
551	307
478	255
392	553
596	972
551	142
553	965
551	186
406	573
132	90
756	891
572	236
392	245
132	603
551	54
387	396
485	549
158	885
551	1018
391	802
212	134
569	650
559	188
572	737
230	511
188	9
395	554
546	17
191	314
392	165
603	229
69	679
704	169
675	236
237	756
756	476
406	239
493	788
0	953
398	895
387	788
613	395
756	476
551	245
634	12
626	476
613	480
551	551
546	636
759	912
889	639
551	546
737	870
879	404
613	722
894	239
748	239
553	764
473	48
551	676
476	555
613	177
551	395
246	509
395	488
546	665
546	895
887	476
129	476
387	314
404	673
812	56
240	457
486	188
54	236
889	743
325	395
296	89
572	66
551	866
799	234
237	737
551	626
230	74
239	927
793	486
398	301
459	314
551	551
237	82
242	422
173	842
237	587
387	756
572	240
879	404
551	618
480	874
136	604
832	893
230	885
639	549
551	572
485	624
551	875
230	587
476	893
392	626
551	865
546	386
879	170
132	655
132	895
587	79
551	572
587	756
569	683
385	605
658	895
634	730
551	710
155	186
911	604
478	730
551	387
478	473
808	397
54	391
639	397
551	763
970	676
133	234
559	792
553	730
730	34
271	895
583	753
551	912
756	177
809	409
325	785
403	239
569	79
596	895
395	476
626	234
392	603
64	395
756	12
894	110
312	407
82	484
551	549
879	596
569	408
173	274
650	239
895	775
478	234
842	274
476	239
387	819
317	104
132	239
398	395
756	314
229	118
403	48
675	771
551	569
404	895
748	66
977	329
546	947
551	239
717	64
756	585
230	511
606	476
626	157
233	239
77	737
62	759
704	444
414	304
392	318
412	229
64	413
459	309
392	237
165	271
139	314
401	89
710	314
553	490
232	255
702	486
392	782
606	309
232	553
239	229
658	914
756	110
551	395
551	64
812	335
398	588
879	648
478	45
167	479
567	1017
676	391
551	874
551	926
301	411
502	785
186	872
606	326
392	232
551	629
392	191
506	486
546	387
626	743
392	553
784	790
756	764
392	758
745	234
596	686
593	395
567	53
546	250
551	921
64	316
392	557
553	850
476	224
237	387
957	233
551	618
553	246
629	872
596	488
165	658
626	136
292	815
553	239
242	893
553	485
107	179
676	395
546	473
158	548
704	333
894	888
801	131
551	806
133	386
256	242
756	476
511	950
737	476
239	300
392	704
392	305
478	265
404	953
879	162
239	630
64	296
551	864
551	613
480	808
392	613
395	788
665	234
227	787
756	894
240	894
392	665
665	742
486	915
889	181
608	665
704	416
485	886
139	292
385	545
608	396
797	12
551	549
392	385
237	789
553	841
190	234
551	70
237	553
132	890
588	901
392	879
478	134
572	116
398	70
572	327
606	90
240	312
450	239
237	754
626	842
478	301
224	883
485	66
232	626
248	821
392	479
551	406
546	812
629	606
314	565
559	671
76	616
551	314
237	273
486	66
546	241
587	548
587	66
572	471
546	756
546	756
606	604
696	239
392	606
351	413
606	764
551	704
753	395
241	239
710	233
606	737
34	239
613	229
567	190
569	65
569	549
178	381
626	72
753	31
894	549
459	304
618	395
626	97
596	753
404	502
304	5
551	413
372	872
239	541
551	955
572	610
236	617
485	899
710	157
392	626
239	229
587	314
253	132
551	683
756	115
626	704
478	245
478	606
596	308
236	12
390	614
756	304
626	624
132	815
404	411
392	993
756	665
572	799
546	553
314	385
569	393
385	673
756	245
509	826
770	549
606	763
551	553
227	165
551	756
639	745
587	395
382	799
603	893
737	308
15	395
756	269
314	728
608	810
232	606
268	977
624	69
559	679
553	549
704	242
717	214
132	596
551	606
603	665
328	239
233	242
551	96
511	756
572	66
661	803
551	808
314	404
157	66
671	183
178	898
603	884
626	255
392	65
577	803
551	230
232	572
546	919
392	490
398	587
234	245
551	565
553	756
551	761
232	753
232	691
665	411
572	478
626	743
606	72
606	710
758	1007
356	245
655	234
559	480
65	895
408	79
567	895
812	27
273	486
790	615
553	116
606	178
764	229
626	191
704	385
621	686
480	891
606	177
551	240
629	242
546	572
626	476
511	486
572	134
230	396
639	53
562	104
356	395
551	150
478	488
577	756
569	593
551	307
551	629
784	70
784	35
392	704
764	318
229	968
551	606
547	167
551	266
222	890
237	763
406	54
395	239
132	602
812	239
894	295
77	134
553	268
237	587
629	390
471	359
475	294
803	134
553	549
675	891
302	134
572	603
753	748
559	246
232	704
748	917
406	567
236	303
237	629
873	138
392	784
1019	893
64	802
319	1017
478	179
567	753
551	753
268	239
551	54
676	234
551	888
551	509
246	720
553	603
626	606
392	596
567	236
551	895
704	810
296	602
655	66
559	606
237	312
237	106
704	35
551	65
551	572
230	486
629	486
808	106
387	302
237	396
551	509
227	188
421	547
551	738
387	588
551	312
572	132
753	395
181	236
392	167
237	167
626	265
237	66
551	25
551	244
191	886
468	405
401	239
314	753
488	890
606	577
753	369
392	756
704	753
559	314
392	755
559	271
756	970
551	239
551	69
726	69
181	447
562	177
551	868
602	131
132	241
551	606
392	312
784	65
745	239
406	239
606	615
230	263
737	90
385	234
237	634
551	140
551	240
756	236
553	300
191	397
551	676
79	893
572	754
551	894
55	32
551	253
546	639
165	752
406	70
104	66
606	255
546	242
675	239
567	180
404	27
572	603
551	131
227	161
559	756
475	671
551	745
756	177
546	188
606	842
611	188
191	753
626	239
626	476
551	754
404	864
236	234
133	1018
392	546
502	134
396	549
572	763
551	240
468	790
629	556
403	606
268	395
546	916
391	319
551	1018
392	810
240	53
567	333
753	228
551	566
936	353
639	756
155	683
887	188
572	411
406	385
237	132
490	21
572	242
387	545
133	872
926	242
603	558
603	894
392	312
551	486
134	739
392	893
551	509
889	312
106	255
325	234
70	955
301	630
551	551
551	546
253	152
457	89
335	686
551	888
158	242
551	596
392	97
247	885
70	250
606	596
559	80
553	227
404	7
626	66
478	179
333	245
551	395
639	587
919	395
661	320
230	600
626	812
236	32
133	234
551	139
478	170
395	53
791	177
301	396
639	884
108	912
572	395
551	482
551	395
551	551
753	676
553	810
915	759
613	229
403	482
606	917
54	894
559	879
396	893
392	236
385	302
551	783
459	895
797	239
551	239
665	554
392	756
398	511
240	386
546	81
551	179
478	895
753	396
252	242
64	589
64	483
406	343
25	509
132	890
208	128
404	295
551	392
626	668
572	460
572	567
546	895
639	346
239	491
366	395
54	164
494	759
1018	134
478	391
395	385
551	704
398	569
392	758
237	236
387	494
268	309
478	717
406	66
572	606
395	229
551	233
476	915
551	626
237	654
395	795
551	753
875	466
743	236
398	577
770	614
880	823
232	890
271	318
93	239
237	753
613	167
764	79
753	809
551	926
567	626
567	603
551	178
626	234
490	704
250	821
485	110
559	596
676	630
395	134
132	162
486	399
178	177
490	234
634	587
551	774
596	544
387	89
559	776
546	307
891	179
756	658
478	229
551	242
748	69
551	808
895	888
625	974
237	401
606	799
406	263
551	129
546	756
546	134
551	669
460	483
572	395
414	675
553	562
551	100
553	198
237	314
138	292
317	395
485	450
240	305
307	554
712	312
240	791
458	918
480	309
606	229
626	737
559	675
889	395
875	885
392	720
178	395
239	544
90	239
567	639
551	606
319	89
665	476
310	545
239	239
717	914
704	972
486	27
572	64
414	893
756	150
606	895
504	242
314	988
551	239
312	308
237	728
551	133
546	240
671	875
572	296
546	847
116	891
392	237
468	926
639	200
387	613
551	1019
807	236
547	509
476	255
553	486
551	232
237	889
626	603
551	406
626	183
546	567
696	242
232	54
626	395
486	177
791	242
596	770
132	877
572	65
116	907
232	292
214	395
606	584
54	474
551	890
129	604
569	178
551	180
572	395
129	107
271	895
208	463
671	548
791	239
567	812
139	178
551	549
90	397
748	886
395	393
468	511
587	203
553	812
232	737
551	872
385	422
237	89
572	391
551	626
551	881
392	872
551	268
737	416
237	549
629	364
764	229
551	245
132	70
363	404
134	374
551	867
387	572
753	780
546	634
387	572
606	809
551	312
704	177
406	64
237	395
626	587
268	239
165	883
240	997
496	548
704	888
240	211
460	301
237	157
404	146
230	626
546	587
234	544
139	239
626	756
748	239
551	397
553	895
237	234
392	572
230	626
486	245
569	966
353	229
395	235
546	546
330	476
551	328
227	572
603	549
626	486
406	58
186	108
797	756
131	912
547	255
784	509
546	476
268	239
577	1009
307	895
890	780
335	595
887	486
676	333
626	544
392	395
314	486
240	404
551	875
240	753
551	150
763	235
239	126
588	53
478	602
606	325
240	894
650	53
253	179
626	810
237	387
606	239
546	808
245	481
237	395
177	162
395	547
572	944
232	395
421	890
132	606
395	104
551	473
712	302
717	894
239	888
551	874
239	228
551	92
239	315
178	756
232	555
559	893
132	82
596	760
763	549
572	322
553	606
606	972
404	255
387	639
392	314
704	893
675	591
381	893
572	483
553	318
230	312
240	221
302	157
268	69
567	136
64	416
237	312
577	891
686	499
567	482
628	131
882	395
392	889
385	241
890	354
240	704
776	756
603	549
553	27
551	25
177	66
704	90
756	231
606	404
392	239
392	152
629	165
237	884
392	883
312	225
237	236
230	891
567	50
391	177
626	169
572	606
387	737
551	239
879	12
178	750
551	385
569	134
551	880
551	770
387	486
551	553
404	167
589	27
551	392
183	989
426	895
237	239
230	483
240	895
317	727
626	584
655	271
613	596
559	737
546	395
613	874
572	408
752	136
676	604
392	828
973	955
626	795
314	895
237	572
567	239
397	893
227	572
889	136
239	229
426	395
551	756
392	359
551	800
655	177
333	498
812	409
239	131
485	110
341	759
553	379
551	671
894	624
486	27
626	148
234	110
626	399
551	407
25	773
239	947
478	395
398	606
480	69
396	312
148	603
629	557
553	408
551	756
551	675
553	178
812	395
572	411
626	132
155	56
546	593
756	895
626	599
395	190
546	756
396	915
398	239
768	894
753	90
116	385
406	485
312	12
567	756
546	737
981	675
237	916
629	1008
237	234
387	485
569	763
404	239
613	170
392	314
593	239
65	245
406	558
704	79
485	756
606	894
483	63
551	301
392	587
546	629
756	64
237	400
396	895
606	786
559	841
387	395
246	549
756	239
294	395
396	810
730	476
567	183
233	66
392	64
618	318
808	897
408	178
551	237
132	665
551	572
54	395
551	575
551	134
241	136
553	242
64	299
551	756
66	893
551	626
756	391
230	603
473	589
720	333
237	132
704	900
894	234
551	330
572	888
626	71
395	666
145	99
572	490
828	314
655	563
237	753
606	509
312	399
634	587
626	132
551	511
551	307
675	89
160	894
480	183
392	239
784	236
569	132
312	915
447	396
546	588
392	25
626	353
483	672
894	391
553	188
139	353
756	471
385	128
170	325
240	304
549	472
396	353
398	224
546	411
559	1018
237	376
385	783
25	233
879	66
639	509
606	492
395	397
553	548
737	656
136	137
395	71
27	393
559	229
132	788
406	665
395	486
237	132
553	945
232	104
807	544
478	304
889	604
551	398
262	918
240	509
551	763
596	686
572	634
665	385
559	572
606	488
551	242
232	902
395	714
626	476
307	864
314	754
879	70
10	895
569	756
551	178
239	810
551	501
551	54
596	165
239	549
294	973
398	229
710	756
675	400
132	894
771	759
335	780
129	924
299	152
895	456
553	810
408	134
107	488
159	483
553	730
501	65
396	224
748	686
639	179
551	392
384	183
626	404
626	671
596	411
626	596
756	188
915	709
475	926
756	737
559	268
710	691
471	188
403	66
546	177
606	471
572	234
593	136
626	239
230	972
639	157
596	333
770	69
208	502
553	70
551	248
551	572
478	790
546	874
809	188
404	792
55	549
577	355
553	64
665	395
475	191
626	629
553	234
563	239
596	486
572	952
546	132
387	475
459	597
756	236
392	572
592	104
756	90
239	556
179	1019
551	551
629	158
626	129
159	890
572	408
676	245
551	551
478	134
655	643
551	239
551	483
639	842
784	634
237	15
837	386
551	889
132	696
546	763
183	599
411	605
1008	895
237	811
793	893
639	884
551	227
756	890
553	485
546	710
572	764
392	129
478	314
392	457
158	138
751	27
577	671
553	486
756	877
889	167
501	234
551	271
392	639
398	810
392	702
889	546
797	224
385	865
232	177
553	572
551	236
756	239
587	242
273	27
132	705
551	132
569	188
894	938
884	245
406	578
549	917
756	379
551	710
608	587
551	230
551	476
239	952
894	822
471	364
784	812
551	240
396	318
232	397
553	136
743	486
404	549
406	385
237	485
730	753
551	603
387	613
572	24
675	79
392	569
385	66
421	457
232	408
704	763
603	396
411	589
407	821
606	603
553	893
634	177
253	64
596	704
745	786
618	876
763	188
737	671
551	64
572	239
572	336
748	379
178	177
485	593
763	179
686	473
465	395
569	933
546	232
626	874
237	567
704	234
398	396
572	99
107	336
593	753
145	482
485	224
743	754
551	325
486	255
77	395
756	70
450	239
442	136
559	976
132	89
572	626
237	54
626	613
606	77
551	914
246	66
626	792
756	395
551	395
551	392
546	696
237	548
546	606
392	391
626	66
551	626
485	62
626	314
887	486
551	568
587	756
232	696
737	330
812	396
392	546
551	553
392	65
511	763
588	763
237	756
392	675
551	603
546	64
753	229
392	614
237	603
603	763
618	385
392	547
717	28
397	927
696	239
546	553
807	81
562	478
551	318
395	234
753	655
551	229
908	489
551	691
569	884
387	396
814	136
606	178
567	115
756	756
237	572
478	624
553	587
164	637
879	476
551	314
626	161
177	167
177	177
763	895
239	245
737	239
553	227
626	262
421	229
608	395
551	606
551	618
551	411
551	74
551	336
596	511
606	952
387	466
546	307
894	147
178	104
572	393
395	458
506	775
392	488
314	314
572	236
240	609
626	763
240	606
475	396
970	624
240	396
234	66
392	855
756	229
572	606
553	606
551	240
133	242
567	424
388	603
756	486
236	902
132	307
478	312
606	717
335	792
237	314
485	159
398	606
596	224
392	546
553	606
475	604
894	239
551	912
553	569
551	553
476	234
559	261
240	35
551	242
546	104
392	157
232	395
245	893
704	162
772	888
613	676
546	76
753	312
155	914
655	266
551	572
553	626
480	872
155	548
569	134
756	353
398	587
553	457
396	299
226	110
240	396
551	399
404	946
457	234
551	553
133	183
756	737
587	587
551	914
551	134
606	322
301	867
392	395
572	1019
756	308
421	245
639	615
408	1005
626	549
551	544
246	611
65	973
559	547
90	495
626	242
132	312
572	548
889	867
613	177
879	312
398	973
551	878
900	66
658	376
626	355
132	74
551	604
639	457
136	872
240	239
551	809
392	355
237	271
553	814
546	478
406	912
447	752
485	712
406	404
748	224
234	99
237	494
737	874
553	624
232	336
471	900
569	606
551	551
188	758
551	888
686	895
551	613
392	490
70	893
129	771
501	302
791	326
551	626
546	639
551	318
246	957
227	797
237	232
237	486
396	875
132	64
186	970
292	183
241	384
392	606
553	408
569	626
471	299
392	229
568	952
898	404
756	255
608	912
553	639
242	7
314	90
478	603
392	237
237	575
572	356
756	814
237	755
869	547
572	245
756	395
791	803
730	549
546	587
387	17
480	234
551	494
392	403
392	312
240	626
551	177
572	379
572	626
888	244
748	185
237	879
626	788
567	894
191	900
306	9
626	548
763	917
485	665
626	509
132	79
511	95
312	292
134	481
483	637
478	844
686	894
237	704
408	552
253	393
569	587
51	66
553	563
551	884
639	239
478	845
969	229
551	237
572	834
178	945
546	229
25	395
907	885
241	393
613	756
626	756
406	107
551	604
812	229
178	229
551	587
889	629
885	738
392	756
551	171
756	384
551	596
239	495
572	588
572	626
181	476
553	18
392	239
784	549
639	54
572	756
551	397
551	551
567	823
392	786
675	486
789	25
569	71
551	358
302	977
551	237
476	177
882	626
665	312
753	775
129	737
587	395
808	790
567	239
885	183
237	756
240	977
237	683
549	549
237	753
665	182
457	239
253	234
421	568
237	509
129	66
480	756
551	626
887	178
398	572
572	763
232	234
355	894
572	800
606	229
606	737
551	405
546	553
606	549
395	943
392	157
546	626
639	239
613	588
551	893
395	131
234	902
387	606
972	815
720	842
66	479
551	395
406	791
553	570
392	335
247	1018
227	569
65	585
317	395
572	242
551	1023
665	595
551	621
485	686
392	471
696	486
882	312
606	397
630	66
421	495
569	51
704	136
485	55
468	239
64	1022
406	686
570	790
229	604
416	554
396	895
546	770
242	177
263	314
178	702
659	874
304	385
596	64
230	756
353	788
392	79
884	312
551	242
889	314
395	353
233	476
567	183
230	704
404	229
473	299
140	655
626	177
756	888
421	255
511	895
553	944
753	242
398	395
271	89
233	134
240	885
158	756
553	877
248	239
392	914
606	753
626	604
51	729
559	35
134	167
304	46
406	312
132	473
626	133
639	606
237	333
421	442
551	893
241	808
629	66
763	426
158	759
553	396
730	386
553	239
551	551
230	136
567	606
639	5
626	177
733	305
596	883
485	895
230	662
756	318
232	569
756	395
403	66
91	790
546	476
132	895
551	613
753	696
392	658
551	391
395	885
549	1019
546	808
404	68
395	267
756	239
553	593
567	884
178	756
396	486
596	740
572	756
232	391
414	236
551	606
756	241
392	894
629	797
237	90
240	810
702	396
551	457
807	325
887	572
392	468
606	396
178	185
35	895
546	406
551	385
606	584
686	239
478	629
553	493
551	315
546	634
559	596
395	486
226	69
392	412
546	756
551	895
392	478
629	395
406	567
675	631
553	875
753	748
236	190
553	261
229	495
294	927
396	66
562	673
551	230
551	208
408	808
553	70
240	756
191	914
546	567
626	208
572	756
387	1011
547	955
304	167
551	476
396	69
551	118
392	234
790	104
551	549
554	927
567	598
237	398
733	90
603	671
239	653
606	756
233	874
191	932
606	587
237	553
551	637
392	704
546	395
894	815
546	626
613	314
551	478
551	604
485	268
240	683
301	239
553	89
551	795
894	457
704	544
253	317
546	240
385	878
567	639
596	131
190	66
551	139
626	1019
553	134
170	791
70	134
242	79
613	395
551	919
569	312
887	606
239	167
626	338
551	227
639	753
973	893
812	504
572	626
866	268
395	134
191	756
626	333
756	549
553	457
756	64
916	888
398	626
551	478
133	104
478	1005
915	234
717	239
485	737
551	626
606	688
958	322
639	756
64	138
603	64
485	596
551	895
404	895
392	240
894	591
97	224
392	480
546	72
551	956
392	886
1012	131
485	136
704	886
265	150
395	874
606	1018
546	567
553	416
587	473
879	421
314	763
551	392
686	683
387	387
602	952
551	925
608	895
596	745
181	234
572	893
587	27
717	764
406	756
551	236
237	12
546	312
572	756
869	888
551	756
551	77
572	756
326	319
551	312
387	242
376	333
606	385
408	549
551	387
626	763
178	819
53	893
572	606
606	566
567	178
587	675
77	875
546	104
569	608
392	665
764	974
191	976
553	307
606	924
572	178
64	27
551	796
506	810
606	981
639	69
392	812
546	629
919	895
551	895
756	10
626	756
406	791
387	872
398	893
551	236
104	922
178	733
392	665
237	190
551	229
132	893
551	31
392	345
553	879
485	70
919	574
593	302
387	395
546	471
77	914
242	143
385	893
551	266
551	239
577	665
392	593
736	131
414	50
551	178
551	162
551	626
822	952
626	77
392	399
314	131
401	239
268	234
237	813
553	138
756	476
704	396
132	606
551	756
551	884
551	639
763	231
572	53
603	177
392	919
549	79
572	229
237	572
551	665
626	118
606	476
165	476
569	403
363	25
230	395
230	312
551	795
589	152
132	606
546	319
99	474
613	74
107	1022
551	318
737	292
572	239
164	229
710	77
77	65
468	229
230	478
241	484
675	334
404	486
421	769
812	967
546	158
392	178
551	572
606	686
18	815
626	171
553	485
613	494
572	179
476	89
551	761
675	874
626	79
924	476
553	395
629	54
596	89
34	544
587	336
387	756
753	239
546	364
165	239
551	879
551	606
459	224
296	895
246	480
546	485
551	553
551	756
140	606
551	756
237	486
551	177
606	548
395	234
64	786
546	606
387	53
485	795
572	613
551	756
392	110
237	603
551	134
603	756
404	150
230	421
551	239
551	478
230	239
553	395
889	180
756	756
230	644
208	395
572	364
139	541
551	237
455	181
97	326
753	787
889	406
237	821
132	652
626	70
404	966
559	630
553	509
132	18
551	69
392	613
596	359
232	312
572	596
895	554
236	239
392	853
398	395
478	187
241	66
240	115
158	396
551	553
551	392
392	645
569	875
626	975
392	548
237	979
299	890
569	634
823	785
572	396
551	551
551	336
245	601
606	457
784	158
743	45
230	509
817	177
273	756
404	384
551	266
587	80
567	99
64	544
191	134
237	355
396	134
572	396
717	574
551	883
132	133
237	34
629	613
546	239
511	314
626	132
553	810
178	400
572	234
665	69
475	245
551	606
748	404
480	366
593	601
626	915
879	51
398	639
139	971
884	816
237	242
165	128
606	808
553	140
551	476
606	842
551	234
916	239
404	871
239	424
756	743
485	671
665	136
237	523
229	810
406	906
468	404
569	575
230	845
24	890
551	317
568	893
66	556
183	636
572	795
546	587
665	653
606	603
894	157
921	855
401	229
629	239
596	549
403	702
889	730
224	759
66	69
382	759
704	815
756	552
551	699
553	759
179	917
639	895
239	245
392	626
237	385
132	170
239	809
553	756
756	788
675	233
237	603
551	899
814	739
387	483
421	242
665	508
353	327
395	809
889	875
551	230
179	808
879	304
485	239
506	763
551	470
385	177
70	658
396	483
546	483
395	476
19	788
812	549
569	831
237	388
756	790
569	239
756	404
546	239
236	66
614	826
551	889
626	271
392	646
875	23
230	160
569	784
392	786
553	18
414	877
572	239
572	894
549	893
572	191
551	493
396	380
392	234
551	236
551	314
551	491
553	476
889	784
551	551
551	246
572	895
387	893
392	569
553	396
404	239
853	318
551	392
626	912
776	704
820	792
240	239
395	556
753	336
720	895
626	64
307	947
77	65
165	173
414	239
572	971
302	45
392	686
753	549
312	239
227	386
572	557
887	70
90	359
567	395
69	893
763	585
626	792
572	606
606	624
237	73
596	756
314	380
398	240
776	686
551	255
551	239
230	395
553	239
459	486
551	733
395	136
64	386
546	596
559	953
392	675
573	177
551	230
546	158
756	27
551	395
686	66
546	629
237	167
753	645
639	177
756	28
572	349
34	895
546	502
91	239
475	655
606	27
395	707
473	239
572	756
457	914
569	606
485	395
551	791
551	756
572	626
608	191
626	136
621	236
396	486
559	895
552	785
704	877
483	177
551	484
551	237
546	770
485	904
551	763
468	650
392	696
551	106
551	482
25	883
745	99
574	795
447	234
887	353
406	710
253	618
551	416
179	614
230	478
312	312
486	53
569	239
478	603
866	167
628	806
626	242
406	64
106	752
178	756
551	38
485	756
392	823
91	292
181	963
572	231
710	788
608	395
608	136
392	588
239	543
160	411
132	35
51	707
392	756
572	897
248	234
317	404
551	178
456	918
237	421
665	404
553	157
655	624
889	239
559	630
551	242
392	889
801	545
509	224
551	139
887	312
880	821
553	240
551	551
551	546
572	177
551	139
230	472
551	748
569	456
551	177
237	572
551	476
547	379
314	463
546	136
710	234
395	96
237	478
511	753
478	333
613	315
626	65
606	469
478	877
551	478
551	64
546	457
25	255
396	242
559	239
70	239
139	712
756	969
294	162
921	143
64	134
398	737
395	292
551	626
132	606
606	312
696	888
302	336
395	32
889	253
64	134
613	596
421	466
237	240
546	191
587	401
234	604
551	403
547	486
237	478
246	459
553	926
90	598
645	53
551	608
139	482
551	626
596	120
181	395
485	894
551	241
551	618
756	486
230	236
603	490
570	728
271	118
551	562
546	919
25	885
366	914
737	867
546	318
658	401
468	391
791	895
406	229
465	806
893	872
230	572
242	823
606	178
551	414
634	812
845	563
395	312
551	234
665	893
866	490
549	66
551	314
547	790
606	645
885	79
606	786
889	496
551	549
553	559
387	572
587	895
232	665
551	710
572	404
449	301
240	355
551	246
551	237
551	606
606	923
139	638
551	551
551	471
720	54
626	385
148	159
237	481
753	802
551	639
551	973
551	551
158	548
553	489
567	626
392	230
485	655
317	77
391	159
878	163
606	177
629	58
408	756
132	671
134	500
639	895
475	475
180	177
606	407
314	788
237	553
553	240
363	66
240	813
546	396
138	504
626	704
132	473
915	318
475	236
658	473
129	893
551	297
240	483
587	421
756	117
237	302
551	253
90	65
553	606
546	165
406	606
459	577
460	178
181	479
391	118
132	306
93	785
230	763
553	756
237	625
551	626
395	234
237	553
392	66
468	177
140	333
237	486
314	898
478	683
553	404
551	142
230	241
132	644
230	95
387	886
879	239
230	64
387	603
551	69
626	478
626	177
704	881
603	596
392	807
704	228
129	560
406	385
552	1005
820	70
671	895
242	48
468	54
879	485
392	606
639	501
665	395
572	883
490	738
237	634
232	894
686	798
385	239
480	64
572	484
569	408
784	587
756	653
756	549
551	553
551	753
553	234
485	895
553	408
577	66
230	404
559	606
894	769
404	883
392	234
553	486
387	559
132	488
240	242
395	255
596	970
551	916
55	239
158	754
606	756
392	104
186	587
621	177
889	676
763	584
756	419
551	398
392	237
879	333
132	912
889	874
730	314
227	539
686	104
704	483
629	118
25	401
317	385
756	895
567	666
551	953
406	271
894	893
553	624
686	299
1022	397
411	759
387	230
237	129
551	559
553	65
392	645
773	308
551	391
588	498
661	547
392	882
618	247
671	92
478	676
553	236
665	27
237	546
879	396
553	27
232	234
476	483
572	665
675	914
240	395
639	901
392	129
273	675
572	301
879	132
232	397
396	802
577	64
898	393
237	973
551	179
392	977
873	77
915	110
237	788
567	587
392	665
237	865
553	587
626	759
551	69
64	675
572	48
471	65
392	894
66	27
132	895
626	505
764	473
756	568
553	890
241	27
720	631
551	572
546	416
314	763
626	74
132	665
553	7
572	131
395	912
603	401
232	181
884	967
133	600
774	181
882	491
557	89
658	645
895	874
237	255
242	152
551	292
392	480
546	606
626	872
475	532
553	784
567	54
232	66
894	895
655	302
546	404
406	567
158	25
392	626
485	588
704	544
626	704
237	671
232	613
478	64
634	823
639	792
237	593
398	626
64	462
608	544
596	367
551	229
181	790
240	626
551	229
263	366
551	737
553	554
395	229
675	731
756	314
314	912
567	587
191	395
546	463
634	76
889	476
551	737
639	485
551	893
596	704
387	404
572	104
457	150
894	242
398	875
893	788
476	142
921	486
558	486
314	637
132	809
353	239
314	554
603	333
546	567
553	548
609	1017
588	568
621	404
572	568
411	673
551	639
255	893
490	385
553	596
812	890
569	90
553	23
675	236
388	236
569	471
572	406
551	553
392	240
665	355
398	842
335	728
596	64
763	231
385	867
398	810
551	133
307	73
551	606
593	236
385	53
551	463
567	812
480	758
129	459
551	76
478	1018
230	562
626	745
396	229
178	53
103	738
686	245
546	875
756	884
606	958
239	895
756	77
463	795
230	572
312	234
737	234
553	807
387	626
165	813
335	895
1011	134
128	32
459	296
546	893
387	626
603	545
263	895
551	626
551	239
396	131
563	810
551	77
395	27
236	821
577	134
587	356
756	391
64	787
569	134
551	402
626	142
551	106
314	79
387	671
304	211
696	318
676	623
704	894
551	392
626	710
553	239
165	188
587	471
753	183
553	606
645	312
90	486
559	575
572	645
404	791
355	66
889	177
894	893
395	872
408	1023
301	814
551	234
511	630
392	675
894	229
118	893
385	302
25	395
232	802
572	544
551	919
743	393
569	606
608	314
887	639
227	470
392	606
103	893
551	437
190	53
546	330
613	395
628	955
551	596
239	810
395	236
392	237
232	411
395	234
478	177
406	240
606	872
355	895
756	906
658	312
596	395
569	245
551	89
392	606
551	406
756	681
181	184
572	893
675	675
551	675
237	553
239	175
551	872
634	566
889	387
551	626
486	234
626	301
756	40
170	880
388	240
567	493
139	76
551	232
398	756
551	480
887	1020
393	886
613	756
241	196
551	241
887	809
547	877
132	493
696	472
625	479
546	236
392	639
872	769
895	585
569	242
396	57
753	229
626	613
246	173
546	387
764	790
546	236
587	262
551	236
843	578
613	1020
626	717
756	552
717	819
551	404
551	335
634	604
396	895
894	269
572	317
551	989
618	907
889	130
784	196
553	246
1022	494
546	791
139	764
388	285
132	509
551	603
178	885
392	812
237	606
914	893
704	314
551	753
890	393
551	554
468	476
606	994
704	198
178	756
567	391
546	107
395	12
901	531
488	76
546	134
459	393
229	888
553	629
572	759
671	570
64	76
807	733
356	914
271	599
253	702
873	395
551	422
546	691
247	895
473	523
756	771
387	378
449	726
626	239
551	239
639	537
139	895
485	888
803	53
629	134
712	236
790	599
104	912
132	606
572	630
639	46
132	655
845	228
139	753
887	391
164	239
234	914
551	390
675	341
587	717
551	58
677	758
882	395
392	655
572	924
626	895
396	895
808	239
253	31
546	165
551	638
704	239
756	865
710	894
473	578
551	165
568	234
551	502
551	771
546	639
799	874
882	376
107	549
567	64
665	234
398	465
546	748
237	875
756	486
606	488
553	66
546	399
392	791
483	76
546	236
801	150
237	312
553	606
70	761
155	239
737	509
551	65
756	307
553	225
392	895
506	756
551	239
606	808
882	503
392	271
626	756
551	82
237	53
807	655
312	616
241	893
756	868
551	551
237	577
626	476
395	385
551	596
887	626
549	885
392	224
237	184
304	601
392	170
486	1007
132	64
395	260
587	317
875	912
551	911
613	548
170	872
475	302
132	565
1003	916
784	604
239	631
165	787
551	551
763	353
603	885
626	593
80	1004
134	738
392	471
64	395
253	134
392	237
237	459
889	912
603	77
894	509
756	802
842	1002
136	300
392	756
485	391
569	712
406	665
629	64
551	603
710	486
325	404
392	788
317	486
944	720
639	596
551	69
232	626
240	268
64	236
559	264
181	15
478	606
395	592
240	395
392	28
478	244
325	509
237	476
551	408
551	613
572	246
395	707
704	404
398	603
551	973
551	575
478	390
553	890
359	407
606	753
629	395
551	562
572	191
392	406
392	808
927	564
895	974
292	955
546	234
551	569
398	314
186	730
635	575
546	385
406	159
712	769
764	12
485	355
551	572
784	603
232	488
551	344
237	887
234	893
392	546
567	366
307	229
237	661
551	384
606	606
396	708
567	797
392	665
551	239
551	292
385	548
704	391
551	392
107	318
165	763
553	74
551	572
551	883
132	312
889	691
551	915
132	461
406	955
134	66
211	578
603	333
743	671
603	12
626	921
553	756
639	274
626	717
64	245
157	872
392	891
392	618
408	480
478	358
882	759
675	691
392	624
551	878
546	549
730	395
397	890
737	395
546	136
587	704
889	665
608	239
181	301
572	603
567	606
551	506
395	585
333	239
551	237
626	397
227	312
763	233
551	704
471	242
743	564
551	478
572	406
588	302
763	470
388	2
553	606
392	236
866	890
572	395
411	134
626	764
421	395
551	587
553	177
626	27
355	895
478	756
392	841
551	704
553	634
551	423
237	737
572	618
632	810
596	89
634	895
784	152
65	885
178	323
618	74
392	895
263	549
568	637
77	239
875	436
753	138
392	895
478	606
314	167
449	239
546	363
891	167
392	753
763	400
551	756
158	895
240	549
387	756
230	629
139	842
237	606
551	596
551	843
490	575
613	177
253	606
567	894
129	476
686	239
230	239
596	236
551	104
511	821
64	325
485	471
406	32
395	578
551	886
639	335
421	943
756	847
387	737
551	213
551	385
227	229
312	288
353	821
553	739
551	763
551	294
388	812
756	940
606	271
686	312
553	585
25	142
551	457
953	255
501	395
392	486
894	234
490	457
756	890
237	250
