177	132
15	242
152	189
150	200
49	67
127	189
187	142
234	234
225	18
234	78
187	112
225	54
116	70
27	228
49	215
13	181
234	36
27	142
116	126
94	100
4	33
49	177
70	181
49	76
49	204
15	60
49	38
210	112
27	148
49	49
234	229
49	4
220	209
219	220
234	216
49	229
38	142
49	84
28	216
49	203
108	244
59	78
116	160
108	215
49	107
225	189
142	216
200	229
202	106
49	126
49	126
4	94
15	48
49	45
49	59
202	116
150	220
209	249
220	25
192	220
220	13
178	17
247	1
4	114
150	126
189	204
220	106
234	191
15	254
49	116
49	150
49	1
178	53
49	49
68	229
49	66
227	1
219	220
49	106
27	38
173	253
128	254
59	216
27	4
4	96
227	108
116	28
177	204
106	69
178	195
152	132
27	178
187	106
27	234
94	67
187	106
49	216
49	204
128	116
59	87
197	215
27	187
4	250
150	67
38	142
142	31
49	31
219	21
134	221
49	49
27	126
49	128
49	234
27	160
116	200
150	220
5	118
27	227
49	150
49	5
220	242
94	228
190	177
108	114
59	132
178	204
202	227
234	67
178	187
227	60
49	4
68	1
114	132
4	31
234	168
247	213
60	189
49	38
84	160
49	48
49	128
126	216
254	78
76	142
128	15
27	228
36	8
49	78
27	132
221	82
49	84
215	142
49	11
128	126
68	165
4	108
49	78
86	242
49	220
49	94
27	228
150	4
49	190
100	220
49	49
187	137
147	248
234	177
150	25
150	38
254	189
94	97
100	48
234	213
49	190
187	160
220	67
234	38
60	160
128	126
189	250
49	4
117	106
49	54
234	22
59	197
220	203
220	67
158	56
219	220
150	4
38	142
108	220
27	178
49	148
49	200
192	220
94	60
27	132
108	218
49	49
234	161
4	116
49	249
187	60
187	142
94	209
49	200
49	33
4	17
108	31
202	142
107	92
234	226
116	189
234	144
49	243
123	0
163	56
15	60
49	106
150	60
190	171
126	205
187	2
234	177
221	78
220	160
75	114
178	67
27	128
49	232
49	27
67	45
49	31
91	142
234	190
1	106
116	147
4	142
49	33
27	108
150	38
150	86
49	38
27	116
128	116
17	10
39	69
49	146
5	200
234	116
254	38
150	67
49	4
4	220
49	142
49	4
4	1
27	220
49	253
234	1
114	171
68	162
234	227
126	106
49	220
27	152
83	15
148	220
4	200
197	225
60	220
49	27
49	48
4	118
187	70
116	15
49	190
116	15
234	254
49	225
86	160
27	242
116	191
248	220
49	200
187	220
243	173
187	142
4	89
49	84
107	147
200	198
49	38
4	142
147	187
116	250
27	220
13	12
150	151
165	126
27	93
202	187
234	192
142	200
234	197
49	128
227	200
243	142
4	142
128	243
187	244
150	220
49	27
49	150
108	220
234	155
15	67
220	216
27	45
49	59
150	22
27	226
4	250
4	220
128	198
1	220
198	232
128	177
49	34
187	228
142	200
15	31
187	125
220	208
220	114
234	116
187	160
67	142
49	128
36	94
27	4
234	227
142	224
116	177
4	171
27	67
4	142
177	146
1	37
49	15
49	27
150	187
128	225
227	180
205	230
49	25
36	243
60	57
10	80
49	32
17	173
227	244
8	56
38	106
49	86
49	116
15	243
210	187
27	15
234	126
254	142
27	160
49	27
49	15
49	116
116	212
49	49
27	114
234	31
27	198
220	67
59	187
1	78
49	97
178	116
150	1
36	108
187	235
116	220
171	14
116	254
116	187
49	227
49	4
116	71
150	27
205	211
49	126
227	10
220	103
27	1
150	67
49	131
49	94
107	94
1	225
49	114
150	150
49	4
128	219
49	106
123	106
49	123
145	142
116	225
187	31
27	91
49	4
187	220
49	142
148	160
187	15
59	126
218	6
27	142
78	185
49	49
60	106
49	126
59	78
94	134
38	142
49	27
4	220
190	187
27	59
28	187
190	247
165	31
59	177
27	15
27	215
243	236
150	243
127	56
49	154
49	187
213	78
4	220
59	187
49	173
49	54
150	171
49	166
49	190
148	8
150	249
220	160
103	240
38	166
128	187
150	28
116	200
187	96
49	228
49	142
49	243
227	187
170	142
49	114
150	27
187	38
177	78
176	200
1	164
27	108
234	1
49	1
49	200
49	31
49	234
49	114
200	21
68	94
244	142
4	187
150	197
128	116
49	88
228	221
234	76
49	234
4	132
234	224
49	72
116	126
27	141
94	220
234	216
178	187
1	132
4	197
4	228
116	26
242	111
248	10
220	220
142	21
145	200
4	100
49	174
49	187
107	126
187	219
49	116
49	27
213	225
4	160
49	250
202	78
150	78
220	160
150	4
150	78
4	220
49	27
128	94
197	75
49	142
49	86
187	25
4	106
49	28
27	160
148	131
142	242
49	49
49	81
202	155
150	34
49	67
4	36
49	128
38	160
247	15
227	1
49	3
4	78
20	200
150	86
108	220
28	187
177	24
142	189
187	17
86	33
150	189
15	93
38	117
49	152
191	136
49	220
4	38
116	177
234	38
17	93
49	107
49	243
148	188
189	144
142	131
49	4
234	220
220	170
197	188
49	37
150	228
202	86
107	213
27	45
67	142
13	33
86	142
150	209
220	144
49	187
27	20
49	220
243	130
152	142
150	13
4	116
190	187
49	116
142	204
94	191
202	173
80	89
178	190
243	204
190	187
150	220
59	131
49	177
234	70
49	234
187	82
178	238
187	220
4	220
234	204
116	250
4	120
178	123
190	66
187	220
209	160
150	126
254	31
49	198
49	49
128	145
49	168
213	160
49	243
49	28
150	146
243	13
49	4
228	60
243	142
59	22
49	163
187	142
116	58
213	232
108	200
150	4
60	17
36	134
234	40
49	114
15	170
220	125
116	221
178	21
234	142
177	33
49	38
187	114
49	78
49	150
234	142
60	153
202	187
49	106
49	160
150	123
150	116
49	38
15	38
202	116
4	1
234	166
27	116
49	150
4	114
234	142
1	161
64	252
4	200
150	180
242	96
94	161
150	131
150	148
202	213
225	142
248	214
49	33
128	146
49	211
234	139
187	213
4	171
126	182
49	247
97	215
254	72
234	187
106	204
197	220
49	142
49	243
150	27
49	1
94	31
48	5
234	108
247	243
31	216
187	148
150	190
27	71
107	142
128	220
178	33
59	118
215	142
247	79
225	142
247	1
49	234
32	200
187	22
116	142
107	142
1	189
49	142
17	48
187	184
248	142
254	166
49	168
49	230
126	31
27	234
27	22
150	59
49	138
150	150
234	201
187	0
27	86
234	22
228	56
116	52
116	8
36	142
60	53
145	189
220	137
254	243
49	234
27	87
106	2
220	229
247	225
49	216
234	225
254	118
190	187
49	215
126	146
27	178
234	216
27	242
116	200
234	108
225	188
128	187
114	230
243	69
49	60
84	243
150	94
4	116
4	247
142	153
94	249
202	220
243	45
150	248
114	177
126	142
49	68
49	49
227	243
4	234
234	187
49	49
49	49
48	142
27	220
49	177
146	153
202	177
190	197
27	132
116	79
116	142
187	209
234	234
187	112
142	3
219	242
254	67
108	142
234	15
108	166
220	56
126	5
220	31
15	182
178	67
152	181
49	4
142	240
150	191
15	70
49	222
49	4
198	204
49	243
49	78
220	78
116	219
254	198
4	94
234	142
4	147
25	204
147	177
27	180
27	86
234	38
234	221
150	1
234	117
86	86
126	174
220	40
254	78
187	43
107	160
150	227
10	203
32	33
234	116
234	60
165	204
4	72
116	160
49	1
227	187
49	108
33	31
27	39
49	197
49	78
234	220
59	200
27	132
150	107
249	101
150	27
49	218
234	243
1	108
126	106
49	3
49	94
187	220
190	53
49	186
49	21
220	106
28	114
114	236
4	36
27	21
189	160
15	108
220	132
67	37
108	171
49	40
234	15
32	221
126	34
31	240
49	108
49	187
27	33
128	180
202	65
139	204
152	198
116	97
5	176
225	132
68	160
27	89
49	190
49	164
116	78
49	220
197	123
4	254
128	21
108	31
150	59
49	27
190	227
4	203
60	229
254	78
4	4
112	171
150	15
53	220
200	239
177	132
49	128
86	254
49	127
49	148
59	3
178	160
38	200
187	108
49	107
178	65
49	127
60	56
220	155
116	189
49	27
4	187
247	108
94	111
234	250
150	1
116	244
202	59
27	227
234	60
187	225
49	116
203	216
100	220
49	49
147	187
220	225
150	220
225	173
20	31
247	213
227	26
49	153
108	25
36	220
243	203
1	220
49	33
150	234
150	24
108	11
150	106
4	127
49	220
49	166
220	33
49	15
116	114
116	228
49	220
94	221
178	244
49	32
49	195
234	227
4	224
234	200
49	232
49	49
107	142
4	59
116	253
116	235
128	1
227	142
49	243
150	166
60	144
38	186
4	227
49	116
234	72
27	106
150	76
27	97
59	160
33	34
60	48
202	47
4	108
38	142
49	27
150	59
114	142
60	220
160	64
20	114
187	76
187	81
49	108
27	234
254	56
4	19
234	243
86	142
86	173
152	177
49	53
178	169
220	225
49	86
27	31
1	160
142	63
99	106
177	142
234	243
187	220
128	187
4	146
49	188
94	249
49	114
150	21
150	234
27	145
228	224
49	184
116	126
150	60
27	138
53	243
225	87
220	142
128	24
150	160
1	229
116	117
49	177
225	76
4	248
187	22
4	247
128	142
49	187
150	48
220	118
234	225
187	136
150	116
234	69
5	30
49	56
178	187
94	59
220	218
220	249
49	59
198	101
234	127
49	114
91	142
150	76
59	221
234	37
49	71
177	229
27	227
234	100
108	82
49	49
59	82
60	106
107	215
4	142
49	49
4	220
59	225
254	67
128	59
234	161
152	243
235	8
220	173
116	213
4	38
227	126
228	254
220	101
5	143
202	126
227	142
107	187
49	27
210	31
187	126
4	225
150	200
150	142
248	38
234	100
254	200
94	177
213	244
60	189
86	142
116	33
248	187
187	177
4	123
49	234
4	225
225	67
49	221
150	1
222	87
116	31
187	249
49	116
116	67
49	172
3	71
4	220
38	191
155	146
126	47
1	60
220	142
220	78
4	234
177	98
244	31
49	49
31	169
147	148
49	123
49	145
150	142
150	78
178	224
38	142
49	225
49	30
49	195
202	220
49	146
49	220
94	152
187	242
116	15
128	116
49	49
234	116
254	33
150	220
49	126
49	160
150	126
225	31
91	87
202	242
86	100
234	22
49	215
49	118
142	33
116	67
109	118
27	116
116	152
33	33
220	142
116	108
202	234
116	142
4	234
126	236
187	114
190	31
49	86
59	148
197	220
150	190
227	225
116	243
178	220
187	142
27	248
59	187
4	189
27	128
15	222
150	254
234	254
27	220
27	184
150	227
107	116
49	190
105	78
1	1
190	142
60	220
49	187
49	132
150	116
38	242
213	215
145	31
187	195
187	200
150	107
178	253
190	5
202	116
126	243
177	101
4	17
49	128
108	142
49	53
49	243
225	33
116	54
4	198
49	106
202	192
49	49
220	135
94	189
49	27
49	49
205	93
27	228
234	200
118	71
234	187
58	31
234	225
49	142
60	106
49	56
27	234
27	174
150	142
27	81
227	33
114	106
187	187
27	234
20	173
225	225
49	114
187	11
27	202
36	78
128	94
4	216
254	189
49	150
177	142
254	138
4	116
150	114
60	200
128	48
184	89
213	220
116	71
28	254
128	254
4	4
187	187
49	234
49	17
49	86
234	126
220	78
171	198
1	216
116	45
178	142
156	160
227	1
147	142
49	33
150	126
142	200
49	152
49	0
68	200
49	142
126	81
27	27
49	1
49	114
128	53
220	118
187	78
128	127
49	106
234	45
4	218
165	54
49	177
49	177
116	229
248	60
49	4
49	106
142	39
234	164
234	131
150	4
48	70
49	48
91	22
190	73
116	220
234	123
150	27
49	142
49	202
15	220
49	150
33	200
4	118
225	78
187	125
234	187
116	112
13	176
178	72
187	187
220	67
150	229
243	99
59	142
53	243
49	190
94	76
108	31
187	60
178	234
142	250
178	177
103	200
190	114
191	160
247	142
234	187
243	71
49	150
49	49
49	227
59	229
49	1
247	112
49	146
107	200
49	116
225	21
220	160
36	106
126	228
27	190
220	142
234	142
220	177
234	116
49	126
60	67
128	255
100	87
27	142
126	144
54	142
242	200
145	0
107	220
27	126
13	250
4	159
234	94
49	4
65	108
234	220
187	191
247	177
49	27
116	219
60	106
143	146
220	188
107	243
86	67
128	91
116	177
150	20
178	1
49	4
116	126
27	187
116	189
49	234
254	218
27	209
145	203
1	225
114	221
108	235
228	8
4	108
59	216
243	142
220	160
190	142
15	146
187	15
49	131
27	129
254	229
100	201
68	86
234	33
150	211
178	190
116	72
4	123
234	86
187	24
49	49
190	169
67	92
107	243
49	116
187	93
49	49
29	67
27	234
197	54
227	78
27	191
49	123
202	78
248	103
165	127
28	78
27	142
49	150
238	160
150	200
220	78
234	142
123	216
116	251
192	106
136	142
49	227
49	190
187	198
56	198
4	189
165	15
27	234
49	243
190	216
4	107
187	126
49	13
107	254
177	33
150	248
49	33
49	49
116	78
4	128
128	69
49	4
4	4
49	184
31	169
17	243
100	132
116	243
4	116
178	4
142	18
200	96
4	254
165	69
4	36
49	142
49	36
5	169
234	197
114	13
33	87
15	108
142	242
38	38
49	189
1	220
17	56
49	128
227	220
60	152
49	116
254	246
20	138
49	128
187	126
187	142
91	21
234	131
147	197
148	242
178	47
150	33
49	187
107	190
65	31
4	118
128	142
84	146
49	38
234	102
49	187
189	34
190	204
49	128
126	106
177	12
126	216
49	128
26	106
60	189
49	176
116	30
49	202
107	187
49	191
116	67
49	86
76	142
190	187
150	176
49	148
220	191
28	242
150	87
225	249
234	106
220	5
49	114
220	220
150	248
49	31
49	66
94	160
202	204
60	254
225	177
234	215
49	191
27	87
4	220
178	74
116	5
94	142
1	15
150	142
198	11
150	234
220	31
150	234
49	160
49	142
4	125
254	244
215	31
178	38
49	142
27	128
49	249
49	142
1	140
40	200
116	78
128	76
116	94
165	67
27	209
116	89
150	48
126	177
227	177
60	243
165	108
15	220
108	226
4	220
220	142
27	4
49	187
219	21
49	187
234	195
49	166
4	78
234	187
204	146
225	142
176	21
128	31
49	108
27	76
225	33
142	138
49	59
128	142
197	142
92	204
189	143
49	86
49	94
150	227
150	27
150	160
49	190
4	86
213	142
108	45
234	137
220	160
227	89
107	184
49	108
142	208
49	106
59	192
150	114
4	209
27	255
254	177
27	116
48	182
202	234
220	145
94	220
49	116
150	227
53	225
128	56
114	200
49	254
227	15
125	232
49	150
31	146
4	165
150	60
187	226
225	244
49	60
49	106
107	20
4	203
150	199
202	69
103	38
49	171
49	234
49	47
220	31
190	135
234	106
4	189
27	242
187	187
27	28
116	17
49	200
234	142
20	116
27	76
49	38
142	166
145	242
49	1
220	253
150	126
38	131
206	229
27	107
189	3
15	221
49	177
4	54
116	142
187	160
78	229
234	190
152	189
4	225
150	152
150	67
126	58
49	68
225	189
49	187
227	38
234	60
80	171
4	203
49	49
116	94
219	22
234	243
142	200
27	247
67	11
97	106
86	220
49	49
150	100
49	189
150	187
4	107
107	234
27	4
1	189
49	4
59	229
210	189
202	234
227	242
187	53
49	49
94	54
248	220
220	31
116	60
220	25
49	180
49	166
227	142
107	225
49	3
49	100
190	187
49	200
126	142
234	76
220	118
94	142
1	15
114	253
128	119
220	48
49	84
4	5
49	225
187	152
4	17
27	142
187	131
234	242
165	87
49	234
114	177
142	204
49	27
160	106
202	171
68	25
248	166
33	160
234	13
38	135
234	187
116	142
59	244
49	38
27	1
49	87
49	53
53	48
202	86
49	190
126	189
116	189
86	36
59	114
67	142
49	178
36	173
15	142
220	31
27	116
94	220
150	198
49	187
49	20
150	33
178	127
178	203
225	70
15	243
126	244
27	67
190	248
40	22
177	78
49	224
4	142
150	187
49	116
210	229
100	142
84	242
116	15
150	244
116	33
59	96
4	171
59	21
67	25
49	249
118	157
1	243
86	60
4	116
147	254
49	94
227	72
134	201
94	187
227	31
128	247
135	31
4	126
49	118
150	160
49	177
49	243
150	22
148	220
49	38
49	78
59	69
27	116
22	216
1	106
49	220
150	187
49	190
49	187
220	31
49	126
191	67
49	243
114	13
4	228
177	63
126	242
180	225
247	93
49	142
59	53
60	180
150	1
114	200
68	182
204	87
213	220
49	54
1	229
59	188
4	142
128	200
49	49
190	249
49	150
126	22
114	21
150	76
27	234
202	191
4	234
59	114
49	27
150	60
187	225
227	32
27	215
150	142
27	187
254	142
187	228
49	235
227	31
150	156
49	116
187	56
238	225
126	78
243	160
59	220
220	132
244	87
27	192
49	202
13	31
234	89
86	132
108	76
49	116
49	33
128	254
4	15
234	22
4	177
76	25
54	78
38	25
116	142
49	200
135	106
187	243
150	227
220	22
15	126
227	103
180	142
27	114
49	150
150	83
142	78
49	254
49	220
49	27
160	44
234	146
49	187
4	86
33	166
60	53
60	38
243	56
116	66
49	89
107	114
234	60
94	166
116	220
49	143
10	13
49	234
150	168
49	3
152	71
128	116
78	200
107	211
100	143
49	60
27	234
234	116
187	21
49	220
202	220
103	215
126	33
227	191
49	20
116	189
225	142
27	101
142	142
33	198
227	142
220	13
107	86
103	229
5	54
36	197
15	242
145	106
1	45
148	143
168	106
107	187
49	215
202	114
20	220
36	31
220	177
91	130
4	234
107	5
4	36
49	166
116	191
118	250
116	28
49	96
49	116
187	142
49	254
202	142
27	132
234	36
67	160
142	69
48	52
27	86
54	142
234	9
128	59
114	195
234	234
38	200
225	103
116	220
220	120
108	21
107	36
4	187
180	220
78	166
164	142
227	81
59	45
114	145
126	106
49	150
150	248
107	177
190	160
58	93
27	220
228	106
49	205
49	234
240	229
28	160
68	180
27	110
27	180
78	31
234	36
49	49
49	1
189	78
20	189
103	189
4	197
227	5
150	225
27	234
220	71
116	53
116	17
49	147
187	91
108	242
67	204
86	15
17	220
123	44
4	191
94	243
248	108
1	216
49	38
49	187
27	68
49	177
4	78
49	123
27	220
4	204
1	219
116	147
49	27
4	142
165	142
108	57
225	244
49	1
116	142
68	142
4	1
220	67
49	150
248	177
4	15
49	130
31	44
60	220
190	106
118	200
49	60
49	4
118	144
17	249
4	214
234	16
27	107
202	1
49	4
234	36
116	187
220	243
215	204
4	106
190	15
123	243
27	38
150	1
89	106
27	180
209	160
94	215
249	78
94	220
187	142
108	160
150	228
105	142
152	177
142	229
49	4
4	228
160	39
49	49
227	189
49	126
58	74
22	166
150	220
195	69
225	142
177	249
234	254
227	200
59	187
49	220
4	189
49	225
27	93
150	78
158	67
60	148
187	200
94	187
49	116
234	75
25	89
49	248
27	15
187	177
150	147
202	126
128	45
116	216
192	38
4	215
49	132
116	126
4	229
97	92
49	152
49	225
49	15
116	33
49	4
49	86
220	216
49	244
59	126
177	142
49	135
116	59
116	243
49	126
202	180
215	90
249	78
49	66
103	160
116	118
49	209
202	15
165	67
234	67
234	86
49	49
54	142
140	131
234	106
49	204
27	67
4	217
36	25
15	32
209	208
107	17
36	60
210	60
126	157
150	60
249	142
49	142
142	33
49	171
4	86
213	200
4	173
150	123
103	11
49	116
49	150
49	216
49	49
128	220
5	33
4	225
180	142
49	220
94	94
4	18
27	187
234	116
128	1
4	192
187	177
234	243
234	234
150	220
173	132
150	27
243	177
234	187
197	142
107	254
49	94
220	243
190	126
128	116
103	45
234	28
150	4
4	243
190	189
27	189
114	120
76	200
234	116
173	31
142	12
248	123
187	15
49	200
78	166
49	87
49	49
4	160
86	116
49	25
150	220
27	116
238	216
67	189
4	243
234	108
49	71
202	234
49	142
4	249
49	1
49	116
27	68
195	161
160	50
49	190
67	184
234	59
234	200
49	202
180	182
107	60
116	220
67	132
49	211
27	242
49	128
27	236
248	76
49	191
187	76
234	160
107	114
49	26
142	25
202	218
49	178
187	142
242	18
209	31
27	187
4	78
213	17
36	112
49	76
49	60
49	126
49	160
27	21
4	61
49	229
178	187
49	116
150	142
150	72
86	135
67	161
12	87
225	76
150	202
83	229
187	160
107	60
107	116
145	191
15	146
49	60
107	243
225	204
234	13
49	148
254	166
15	220
94	160
38	216
234	191
1	66
49	13
225	142
103	67
49	234
178	189
70	106
49	160
53	220
20	254
49	225
59	118
49	243
4	225
227	160
28	17
178	92
202	187
49	187
234	169
234	31
4	106
177	38
49	56
4	73
234	28
114	170
81	67
49	17
4	83
49	230
49	49
150	60
100	33
107	135
60	221
27	213
213	198
234	209
178	234
27	44
150	60
150	38
150	160
49	60
243	78
150	228
160	146
27	108
94	225
4	142
243	170
187	8
86	116
243	118
116	177
234	67
49	59
4	202
4	220
97	173
220	13
187	33
27	147
4	225
134	106
69	69
244	142
49	234
27	221
49	244
27	242
27	31
116	187
94	53
254	24
150	234
213	216
49	1
4	114
27	78
190	1
68	226
49	202
225	48
116	176
116	213
178	12
150	114
187	177
49	31
107	108
15	225
191	236
49	254
4	84
17	254
187	221
3	207
49	220
49	4
13	47
49	53
4	106
28	22
220	177
202	140
213	38
107	248
49	31
27	60
49	114
190	142
49	106
60	172
49	187
49	21
228	96
187	25
49	107
86	28
150	31
243	249
234	54
27	4
86	81
197	232
150	69
49	200
70	31
116	126
5	25
234	234
191	142
4	227
49	146
60	87
86	142
53	142
128	189
53	118
187	213
150	219
49	106
227	191
221	56
86	56
27	247
49	191
234	165
49	27
150	187
116	160
227	78
67	182
4	78
178	4
225	33
249	208
4	187
190	142
220	8
91	31
126	95
227	248
60	225
49	51
105	26
49	67
220	177
27	234
234	128
234	254
4	89
116	221
86	177
86	103
187	5
220	38
178	196
27	248
49	177
49	228
60	76
150	213
177	200
116	118
234	142
94	220
116	143
49	204
235	118
1	248
180	5
67	31
254	69
254	67
118	229
150	11
150	178
1	220
200	132
150	90
49	27
27	59
49	49
213	98
116	48
4	91
49	250
49	254
234	108
49	31
187	78
187	209
1	33
116	84
27	187
49	220
81	69
49	166
225	171
248	160
178	142
107	219
49	244
100	142
49	208
49	48
215	173
178	86
49	142
220	250
150	56
187	10
200	31
49	45
150	234
59	33
190	56
187	118
187	112
145	142
49	107
49	31
190	132
234	176
49	166
227	213
49	178
20	58
150	44
49	243
17	220
126	216
107	99
220	89
49	150
86	17
234	116
187	5
49	220
225	87
4	142
38	33
49	189
126	171
1	72
49	150
150	33
116	25
202	248
116	56
178	1
59	231
49	142
220	177
49	234
220	92
49	15
4	128
4	176
234	224
150	227
48	54
15	145
49	106
4	13
27	210
4	142
187	142
215	204
49	160
49	142
78	242
49	17
227	217
187	125
49	220
168	184
116	71
28	142
75	78
150	86
225	177
49	150
190	220
116	187
225	182
227	177
164	253
78	232
100	91
49	60
187	220
49	68
169	93
114	225
225	72
150	143
49	144
152	21
116	38
49	4
27	142
150	27
27	160
60	137
49	136
147	103
150	27
243	244
116	177
187	220
107	60
49	202
234	116
49	4
116	76
15	33
70	132
49	114
38	200
116	15
49	122
177	204
202	142
86	142
108	54
49	33
225	21
190	142
49	186
209	208
38	106
4	200
27	178
59	48
187	126
1	220
27	234
27	197
86	209
202	142
150	33
142	11
234	106
107	190
27	15
187	182
49	49
83	106
4	215
209	176
178	4
202	202
49	56
150	116
177	244
49	49
49	234
1	244
114	142
220	189
4	78
59	87
1	187
213	67
67	101
150	22
234	86
108	67
49	215
108	220
49	231
187	142
28	225
100	216
49	27
142	160
49	220
68	225
97	220
60	92
49	150
49	44
49	142
150	190
190	187
234	72
4	21
49	17
187	70
49	126
238	160
128	243
118	106
15	244
49	142
166	87
60	137
107	202
187	78
234	116
60	180
28	249
49	255
126	254
220	173
49	150
107	116
177	112
49	234
150	106
27	31
49	70
116	74
20	38
142	89
127	211
234	116
15	170
22	242
15	31
27	142
49	189
123	76
202	89
150	101
187	152
54	200
108	142
244	37
190	8
49	27
49	67
4	204
190	242
27	160
49	49
72	99
187	166
210	59
4	215
178	200
59	187
234	142
49	148
49	45
49	131
4	142
49	191
100	78
4	67
100	160
60	129
27	209
59	78
27	234
38	166
150	131
150	243
49	177
27	38
180	225
4	227
192	38
49	106
27	142
190	60
125	106
4	227
49	150
150	198
49	87
116	116
49	148
220	106
126	249
94	216
15	38
234	33
59	166
150	227
116	12
254	70
107	136
49	4
49	142
43	220
116	58
49	178
142	69
126	56
27	177
249	160
248	54
36	243
225	132
15	132
178	4
49	136
248	180
49	86
150	161
202	190
166	37
234	242
94	114
103	117
114	45
108	106
49	49
13	67
86	106
126	177
103	58
4	116
215	142
20	89
187	192
60	225
187	209
234	126
190	114
186	142
142	226
220	70
187	142
49	116
86	114
4	33
49	136
49	63
49	54
190	38
189	229
254	114
165	33
86	138
49	107
15	33
49	86
86	187
49	15
59	229
247	30
114	67
49	66
49	225
49	220
49	114
49	150
49	36
247	60
116	46
197	218
187	148
49	150
4	187
49	27
86	197
27	27
49	142
225	173
177	67
49	178
220	216
215	106
94	148
114	209
49	53
254	106
107	33
107	217
49	33
49	108
49	160
190	243
187	5
150	17
60	93
114	58
94	230
49	27
234	33
234	187
150	142
15	189
27	116
116	187
178	59
27	107
254	45
20	106
202	118
78	200
114	31
27	116
49	86
86	70
150	234
27	190
38	224
49	28
243	177
49	34
145	173
49	49
220	164
49	6
100	145
94	187
49	220
15	191
177	69
234	164
67	215
49	1
60	186
147	243
150	128
150	4
49	38
150	94
4	189
249	200
89	229
49	86
4	126
220	220
36	94
15	5
108	242
27	27
243	13
49	234
53	242
220	33
54	142
33	160
215	31
27	142
150	4
147	189
234	145
225	166
49	187
178	142
126	123
25	14
202	15
4	78
126	254
220	142
49	150
186	33
114	160
234	171
114	153
91	171
142	160
123	58
49	83
49	147
26	106
150	94
49	27
247	171
187	244
116	220
177	146
177	38
59	187
116	189
219	220
254	114
123	225
234	106
49	27
27	234
72	21
148	114
49	142
103	189
49	1
15	243
49	40
86	45
116	143
49	142
128	213
4	173
49	197
60	71
187	142
49	234
1	31
114	106
219	200
49	118
21	11
128	38
49	126
15	87
86	116
59	174
187	225
27	220
27	187
187	146
4	126
49	220
49	4
236	224
4	17
244	87
202	143
49	200
150	114
173	142
49	126
134	225
116	187
220	96
190	225
49	234
150	142
234	200
220	131
131	87
59	21
234	227
49	128
100	15
150	228
67	118
114	78
76	56
187	242
49	31
234	38
110	239
190	38
116	118
6	166
49	229
135	87
227	221
27	142
49	4
234	142
190	142
59	187
103	189
116	31
4	204
49	190
59	3
27	94
248	198
49	49
15	142
228	243
200	250
220	225
4	21
116	220
49	107
5	58
49	150
94	220
114	79
49	224
49	173
150	21
15	229
187	37
243	208
38	230
49	128
187	108
49	150
49	86
197	38
49	116
27	116
178	60
107	67
112	106
187	187
202	225
59	65
128	116
139	78
49	234
49	131
150	94
189	31
59	59
49	220
1	106
234	177
178	184
187	250
234	91
1	123
190	94
107	60
173	31
243	204
53	84
191	22
150	22
142	160
43	70
150	142
27	242
116	177
94	17
4	106
254	177
49	27
234	67
17	114
49	200
116	142
116	38
254	177
49	220
142	31
68	120
116	65
160	198
225	6
15	142
178	228
202	94
187	191
227	38
192	220
197	160
27	89
187	198
86	120
4	254
49	59
208	82
114	221
191	250
187	187
234	200
49	49
234	243
1	91
147	78
228	142
150	20
128	1
49	142
177	87
4	4
218	189
180	118
190	92
150	106
128	220
187	105
49	60
227	60
131	195
60	200
145	26
107	202
225	38
187	103
4	189
234	132
107	229
142	189
33	87
116	220
234	114
58	142
60	142
200	171
49	27
234	142
142	131
49	45
4	21
160	80
150	126
225	142
187	80
116	67
91	60
4	20
190	34
220	78
116	91
220	67
114	125
178	106
49	114
107	195
228	243
49	60
220	67
150	187
219	177
4	220
166	125
145	221
142	157
180	220
116	1
248	254
142	240
178	215
27	4
150	25
4	187
108	160
126	189
202	187
49	60
225	200
68	116
234	94
49	248
187	187
116	116
123	208
49	114
36	116
197	45
197	249
187	131
39	184
71	71
142	52
187	160
150	71
220	215
49	4
227	142
49	1
4	202
234	160
187	127
49	118
128	76
59	233
68	234
177	200
173	131
234	103
150	187
1	191
126	78
247	160
165	40
145	54
36	59
27	202
49	67
86	116
108	78
128	160
187	207
150	4
220	33
49	221
202	83
4	147
32	142
243	177
27	31
4	38
49	66
107	67
28	197
150	4
107	45
165	31
67	166
118	31
187	173
244	142
49	101
187	200
51	142
187	189
178	138
103	127
150	62
189	132
128	15
60	8
190	54
150	68
27	220
27	142
128	220
32	225
219	22
150	187
49	228
66	2
114	191
221	101
49	211
187	225
160	92
247	45
27	4
189	106
49	128
27	1
150	174
220	61
59	15
177	25
187	214
220	114
27	250
27	254
27	200
1	209
49	60
49	106
4	118
247	220
219	216
49	249
49	189
150	5
49	116
15	123
178	112
49	128
27	33
49	142
17	177
27	106
49	78
49	92
234	106
234	142
49	198
27	22
49	234
128	78
49	31
8	142
70	142
150	242
219	200
4	65
220	160
49	234
128	198
190	249
27	142
150	249
116	220
142	230
234	86
4	142
225	71
49	132
49	142
114	243
180	142
49	116
78	253
128	190
234	116
49	48
123	92
86	128
228	195
234	142
49	250
107	31
145	78
116	227
67	78
220	13
1	53
49	177
49	116
1	93
178	4
100	84
170	250
187	216
60	231
150	229
49	49
234	192
234	160
59	243
15	34
128	1
150	116
49	232
142	33
187	142
97	32
100	126
67	249
116	106
202	177
150	234
59	15
49	31
4	114
49	189
49	49
49	220
17	48
49	1
234	242
150	116
150	13
191	160
49	178
116	187
231	56
49	234
49	102
178	67
187	56
234	86
4	187
49	177
38	198
86	142
1	131
49	67
135	200
48	21
227	71
49	142
219	142
3	31
150	116
49	228
60	144
49	49
49	150
49	4
150	27
108	225
49	116
15	142
202	234
49	60
48	80
220	76
49	235
27	191
150	59
177	70
4	244
49	114
238	76
32	45
128	128
126	0
107	242
150	97
234	89
254	87
150	108
4	190
4	67
126	123
107	108
165	155
238	64
70	87
4	168
27	242
49	76
49	21
49	38
27	12
49	142
49	116
27	87
190	54
234	170
59	46
150	160
202	5
49	105
17	142
209	71
107	31
49	225
168	229
15	166
147	74
187	25
234	203
54	250
49	174
225	153
116	60
1	220
48	73
150	140
65	153
27	38
150	56
49	4
118	106
234	229
27	78
49	142
114	225
114	200
27	59
116	103
234	220
215	171
49	177
58	87
249	229
27	189
27	147
128	119
227	200
150	209
190	244
9	18
150	33
187	38
150	116
163	160
150	4
86	60
247	160
49	108
27	234
49	187
150	177
49	27
178	220
48	200
234	94
49	220
234	142
76	229
38	80
49	4
76	142
248	114
187	64
68	238
220	216
177	106
49	116
142	25
84	220
220	145
220	38
70	142
36	227
234	116
142	176
202	70
187	148
156	167
116	116
228	78
49	190
220	142
228	38
150	59
25	93
234	24
142	160
134	53
60	142
234	116
116	100
49	224
116	87
150	5
197	126
59	132
49	173
49	27
4	177
187	38
126	142
70	236
150	27
227	225
49	189
150	213
190	152
187	114
220	26
150	202
46	33
27	175
178	147
27	234
49	106
220	145
67	37
94	226
49	86
67	142
220	182
76	25
49	253
116	187
32	38
15	189
49	150
150	100
150	232
118	69
202	31
187	108
38	82
100	108
49	130
107	142
15	114
49	70
49	202
150	4
180	200
190	116
150	220
202	248
94	249
49	4
28	60
123	204
49	234
190	187
49	142
70	204
27	177
60	209
27	53
108	173
227	213
49	131
187	221
187	220
1	24
28	48
67	25
49	71
49	69
190	187
4	142
128	1
86	200
15	219
150	106
28	220
49	160
187	221
27	219
178	128
247	142
27	247
178	219
49	202
4	243
4	1
165	177
59	31
187	108
234	59
123	132
116	117
49	49
116	169
49	3
49	206
4	114
150	234
4	48
71	21
150	116
215	89
227	166
234	187
67	146
150	59
220	78
27	187
242	111
178	26
49	4
38	215
49	200
150	1
227	187
27	254
27	97
187	24
107	101
33	64
187	31
49	142
142	56
220	232
53	188
187	44
36	219
45	200
142	131
4	232
49	27
145	56
54	106
17	220
4	5
107	22
1	1
220	11
254	220
49	171
107	76
190	101
27	152
86	160
236	200
59	106
187	220
4	220
187	224
27	219
137	37
27	190
49	1
169	110
243	45
27	171
178	198
178	116
116	254
27	183
142	142
234	142
49	187
128	22
49	108
116	220
213	33
202	171
49	94
220	243
49	94
187	10
15	169
49	178
4	187
107	68
116	48
49	189
234	142
116	116
28	142
49	86
4	33
202	116
234	142
49	27
247	67
202	248
4	15
220	114
187	189
78	78
94	103
49	94
49	49
203	78
1	187
32	92
4	164
234	254
116	204
94	15
4	215
60	220
94	239
178	94
49	227
49	86
15	243
15	189
49	91
126	78
248	5
49	15
49	38
49	27
105	182
4	1
178	234
150	120
126	148
49	24
187	78
94	114
49	17
187	177
4	234
27	146
43	177
190	244
197	54
189	56
150	150
116	204
202	215
220	54
150	187
150	1
49	210
17	142
234	187
97	114
220	54
134	180
107	117
178	81
27	220
49	213
227	148
234	187
4	116
219	189
225	170
187	108
202	208
197	175
49	152
220	142
220	78
178	128
4	234
116	78
197	173
107	91
49	21
150	11
49	9
100	106
147	176
15	220
49	114
67	161
49	75
234	116
49	243
71	69
4	254
227	152
190	142
27	60
150	173
202	171
202	126
59	229
49	15
243	205
220	184
94	187
166	111
150	187
4	228
116	142
248	220
220	142
202	60
67	132
94	44
4	15
1	15
116	187
67	31
107	234
49	221
219	203
220	70
59	220
126	74
107	43
4	31
49	49
116	33
27	229
86	207
254	216
165	220
150	118
200	222
234	187
67	142
145	61
150	103
114	67
173	31
4	116
178	142
151	226
152	142
116	67
38	67
234	1
150	191
49	18
49	142
150	59
49	249
128	53
69	87
49	116
84	74
227	180
49	53
49	107
254	250
226	11
178	81
202	248
107	25
103	143
128	146
49	111
49	187
49	142
177	250
27	236
187	229
49	254
242	111
234	31
38	244
227	220
227	70
27	220
86	247
4	142
49	91
187	254
108	126
1	232
150	177
140	225
220	193
187	78
4	173
189	31
150	78
150	225
202	48
59	229
142	78
20	142
49	128
107	114
248	220
1	100
254	250
17	33
27	31
234	105
220	160
49	86
220	142
49	4
177	215
209	200
178	227
187	189
134	189
53	80
150	177
220	38
166	106
116	220
68	243
178	190
49	27
70	142
49	128
202	48
150	146
94	228
49	32
49	31
4	128
49	27
67	160
126	249
49	1
49	225
116	182
234	142
234	114
49	27
150	4
150	187
128	67
