179	228
870	818
317	790
273	121
237	29
925	1012
600	613
590	631
925	135
934	951
859	79
570	270
595	298
634	744
999	484
213	118
115	742
850	29
179	432
0	475
733	987
317	445
634	951
190	641
795	79
371	748
237	578
870	328
169	659
999	698
986	237
634	83
870	851
0	597
290	484
445	578
597	512
840	141
677	721
500	772
677	951
486	505
806	454
467	568
500	453
742	338
0	748
381	149
733	389
302	770
475	298
315	544
973	473
580	475
273	398
270	659
749	360
1018	349
999	169
600	475
540	945
520	659
271	1011
986	860
721	246
381	668
806	917
733	229
973	512
381	677
0	819
733	1011
242	552
540	322
986	158
999	1000
657	338
334	967
540	42
580	951
237	340
477	61
395	954
0	540
570	883
986	920
489	740
631	854
246	544
859	276
395	687
30	84
21	142
719	435
870	419
634	246
870	246
870	381
29	572
158	659
934	349
289	826
910	546
0	870
237	216
0	298
590	704
677	298
317	840
340	805
920	158
759	659
578	84
540	279
986	157
677	833
934	329
237	578
796	570
206	394
95	14
0	890
0	670
14	28
67	250
986	632
395	578
1000	578
389	308
395	973
733	925
870	544
733	644
210	86
242	689
890	118
890	989
762	677
381	582
749	934
328	302
0	435
986	721
0	934
999	570
616	259
0	652
315	805
951	661
61	570
412	967
733	578
528	795
818	379
634	475
951	404
967	983
475	725
818	559
1005	29
654	315
954	329
317	338
0	121
0	883
870	277
677	202
360	123
123	441
954	719
733	999
29	329
634	291
677	748
677	954
282	169
806	489
570	118
634	597
674	142
61	951
445	654
381	1007
986	514
951	951
779	788
317	790
123	466
0	344
387	725
546	719
237	854
308	915
31	578
127	89
376	201
29	475
509	66
41	512
986	883
674	164
986	61
0	403
733	270
552	135
359	843
540	322
477	951
0	659
420	721
703	951
604	951
951	321
613	826
634	732
580	237
412	149
883	893
435	270
210	555
899	276
500	142
317	237
590	824
644	475
0	394
570	532
29	59
46	419
237	668
131	951
540	79
762	339
123	915
883	329
578	338
657	169
840	21
644	616
59	659
928	270
890	412
500	604
317	757
870	250
540	659
634	875
644	526
526	824
79	941
127	246
0	951
540	578
158	470
669	237
733	1000
749	137
445	677
0	733
317	493
796	543
395	890
317	467
360	951
329	398
242	748
805	805
0	475
644	582
237	748
870	1000
500	597
634	75
329	374
127	254
151	1011
61	237
315	30
59	851
733	2
925	100
61	282
285	544
870	983
669	157
174	742
317	34
59	441
540	642
705	493
282	875
79	1015
412	315
899	428
0	194
0	808
229	330
540	721
118	84
910	165
317	246
669	796
329	158
677	252
870	600
0	387
796	799
279	514
890	987
134	142
157	371
870	890
389	840
630	951
870	237
654	329
0	749
744	469
0	405
297	457
75	334
898	362
516	606
540	540
317	634
634	915
540	514
967	33
258	578
590	883
507	854
483	305
395	103
654	898
0	840
179	630
986	951
95	659
540	84
677	475
540	669
724	951
870	634
359	15
381	934
450	344
733	26
317	722
528	302
818	686
285	25
934	863
0	634
14	1019
986	95
870	409
0	201
317	135
254	500
999	61
870	951
237	595
762	705
158	765
0	850
806	942
67	30
0	590
931	622
870	123
443	725
634	246
61	449
540	445
528	590
420	915
0	300
0	26
33	659
516	936
0	158
920	238
796	29
528	590
467	533
634	897
986	748
317	118
634	570
951	82
544	659
0	634
0	810
954	302
790	321
329	833
500	481
375	43
0	933
237	371
677	761
190	402
733	285
796	659
526	886
0	532
999	237
317	123
500	987
916	298
30	712
445	707
818	15
762	250
500	968
540	654
634	1000
748	748
61	475
1000	840
317	79
606	84
707	403
395	910
0	913
420	308
698	740
509	780
190	563
733	169
697	493
79	951
328	475
103	84
237	270
477	15
749	570
242	986
855	467
142	878
870	190
190	705
634	707
698	59
105	1004
657	201
677	1000
237	169
870	402
986	739
0	749
0	733
806	597
0	572
644	237
883	1021
55	285
870	236
580	270
484	578
516	404
840	552
467	210
103	883
85	14
0	0
475	983
484	865
580	14
540	237
411	493
999	954
61	376
790	826
590	951
870	158
127	808
796	135
578	246
212	951
677	202
899	818
986	995
806	986
806	979
425	774
721	271
84	915
986	237
500	435
721	798
669	698
0	127
733	604
954	933
999	588
290	59
500	950
977	206
110	105
580	103
986	119
317	475
0	689
0	493
461	748
951	1019
733	119
0	540
174	610
237	411
669	689
870	412
542	881
395	849
0	999
870	158
616	348
79	565
597	971
0	237
475	252
677	994
317	118
931	404
986	210
0	661
934	79
242	898
677	142
796	810
252	826
616	659
475	59
654	552
668	805
674	59
669	570
590	840
174	570
977	951
420	951
509	426
999	705
870	362
870	559
762	237
951	993
600	838
870	317
0	330
870	719
540	1014
1018	351
360	237
381	772
302	475
237	951
0	359
190	173
630	475
570	917
818	968
677	33
733	951
749	840
61	969
95	875
934	986
950	619
179	719
870	721
475	951
110	158
360	984
570	951
924	435
123	552
317	395
677	854
329	933
850	986
677	84
317	183
59	435
1019	181
733	805
733	565
870	348
0	290
0	540
682	230
977	118
749	165
475	597
0	450
677	29
1000	57
445	1000
475	493
110	457
977	951
634	600
370	118
14	42
883	874
733	951
977	237
412	740
762	270
779	949
634	677
1000	105
707	924
540	677
151	398
29	526
733	237
190	445
317	659
500	955
0	971
360	457
0	315
744	186
1011	898
986	659
721	234
546	344
139	863
500	338
285	201
0	29
0	237
540	387
317	954
105	357
540	677
0	870
806	458
317	338
634	593
250	436
0	986
870	902
0	206
677	475
360	505
986	282
1000	222
733	123
870	201
870	986
509	23
806	986
89	546
477	477
947	201
87	719
477	475
200	29
634	756
381	986
798	568
733	42
500	475
0	840
493	497
733	1018
179	826
420	1011
634	979
953	854
360	826
749	349
883	955
806	237
139	654
237	514
169	346
733	250
395	87
200	237
445	721
733	489
190	680
258	979
381	154
0	721
246	138
0	0
123	494
237	119
986	453
634	586
870	673
870	42
246	917
500	951
540	840
870	719
870	951
925	118
733	527
749	87
477	298
870	500
818	828
412	526
999	840
634	818
1000	83
870	951
0	180
870	118
475	693
806	118
749	135
290	951
790	61
526	578
395	1017
1005	883
890	271
870	748
349	329
0	79
237	246
0	477
282	158
123	1004
934	435
395	951
677	986
420	123
634	763
540	259
151	164
954	123
899	597
972	748
61	376
818	360
733	748
808	971
540	798
435	50
375	765
899	986
59	961
733	790
0	661
0	420
540	833
381	951
157	329
677	684
818	238
796	712
79	631
0	323
986	79
954	30
53	923
360	79
0	870
317	357
0	201
977	502
733	934
317	309
1005	159
179	748
762	79
634	475
258	721
475	578
412	41
0	677
413	995
317	707
870	493
540	725
372	951
883	222
947	493
426	273
790	61
381	33
352	306
317	457
0	947
0	578
379	568
528	544
543	765
87	680
806	951
0	580
677	475
709	169
0	157
875	193
317	590
0	951
0	190
733	696
634	61
477	133
338	28
0	118
870	659
0	788
259	149
246	270
890	237
551	995
540	257
59	532
395	77
986	728
634	634
925	954
279	285
540	113
159	748
986	951
237	237
0	327
540	805
654	149
317	677
540	951
420	504
0	225
0	372
0	359
986	453
790	93
890	840
540	578
540	578
733	372
954	412
0	246
0	228
1005	898
157	67
540	237
475	289
744	590
389	95
540	805
190	769
733	237
870	435
986	123
0	796
806	475
677	955
0	419
488	986
870	568
749	865
437	45
0	105
143	220
254	986
190	270
488	677
87	250
677	526
317	127
317	1018
190	532
1005	883
687	270
0	840
500	606
986	748
75	639
371	467
317	141
883	518
190	20
237	225
360	352
413	826
0	986
0	477
359	915
898	893
250	641
812	966
317	954
75	808
721	493
762	79
920	597
0	578
762	138
696	1013
796	610
954	1000
381	273
870	273
85	244
317	194
634	432
574	818
840	725
677	51
0	590
0	540
870	285
934	654
744	483
798	828
540	716
818	741
0	61
733	328
0	246
270	208
420	266
0	142
270	404
237	105
634	1019
784	142
590	158
840	443
870	610
173	259
840	403
818	133
999	540
395	910
210	14
317	1019
634	237
767	79
954	642
934	281
801	658
0	920
999	559
999	617
744	627
669	79
0	627
0	317
690	104
317	1018
475	1003
0	818
540	719
475	967
733	277
445	475
870	5
0	634
206	121
630	229
317	475
146	308
733	317
237	330
796	338
123	60
540	951
689	661
542	289
590	501
0	513
79	364
273	15
381	577
41	148
540	206
151	49
445	298
328	659
127	661
0	237
0	329
526	1019
190	349
79	546
705	951
0	954
381	237
540	119
395	359
462	933
0	779
142	220
559	489
540	334
0	231
282	126
395	246
733	677
450	1019
0	387
0	870
0	29
0	127
206	441
317	61
237	493
953	933
818	475
664	883
317	677
686	721
796	457
540	661
500	237
0	481
540	67
302	763
317	123
302	973
242	61
127	840
317	432
118	118
0	403
870	677
951	893
986	246
540	158
570	135
540	677
285	570
0	0
317	540
624	595
173	659
748	295
0	493
889	947
500	526
540	555
371	828
677	934
103	824
127	597
806	1005
540	475
330	176
61	329
999	668
190	48
317	657
1018	493
238	917
484	847
540	417
59	951
317	119
381	578
634	677
420	29
986	351
0	938
888	951
317	796
477	590
360	954
246	642
840	105
540	818
733	657
796	475
420	158
721	427
986	310
445	597
445	970
420	1000
818	696
0	1019
334	79
677	672
677	900
870	229
258	986
123	840
29	1003
493	298
874	413
0	951
890	593
317	287
29	498
271	402
138	851
1000	991
790	174
733	454
317	788
818	1018
870	805
910	951
0	986
0	344
818	987
360	898
420	883
0	445
0	528
851	712
890	1004
681	917
1000	748
578	201
733	493
349	604
677	237
317	435
237	446
689	799
185	492
317	525
317	668
194	951
157	176
1004	257
475	329
582	930
733	668
899	580
0	489
540	493
677	712
999	443
733	876
733	540
806	907
540	552
381	61
475	951
540	282
431	872
493	753
500	582
29	951
677	241
0	733
733	1004
317	237
0	475
0	441
475	979
587	480
779	965
0	87
105	805
0	500
0	290
733	164
677	237
0	590
420	721
762	237
1000	453
0	652
0	749
420	630
291	987
677	249
0	402
986	51
300	142
453	435
951	364
540	457
540	546
165	338
95	513
733	246
986	143
0	413
986	883
910	506
0	913
986	687
954	889
0	661
540	819
149	473
359	631
790	315
954	698
733	360
788	670
190	680
123	751
954	285
30	769
0	1000
237	513
733	568
770	171
328	768
67	719
372	467
395	540
634	237
762	563
329	536
317	360
719	712
61	693
317	266
237	539
890	61
420	329
540	435
317	740
27	986
808	729
580	788
840	441
0	788
484	1000
986	83
237	659
0	714
669	475
237	613
721	826
0	55
870	167
317	123
733	840
190	402
999	158
986	419
954	338
890	366
0	604
654	380
986	237
733	805
123	493
850	659
420	565
526	14
540	298
477	668
687	257
488	540
475	597
0	851
443	246
954	212
669	631
179	119
123	688
190	1
540	654
644	840
870	157
733	513
986	435
0	118
79	142
420	910
29	765
719	30
634	648
440	149
488	475
0	79
190	986
634	973
677	986
329	338
986	400
850	59
951	100
824	435
477	384
0	705
697	329
818	302
0	201
477	546
0	999
865	403
934	673
790	82
870	812
158	427
954	513
657	659
890	130
804	951
733	833
0	127
0	698
0	1018
154	951
796	123
540	1000
744	59
593	755
749	258
317	151
237	668
484	555
296	910
968	277
0	999
420	340
851	153
899	677
87	1000
634	570
528	824
889	29
0	854
359	475
0	707
514	915
818	237
634	721
329	565
540	477
322	748
890	237
570	578
920	105
435	473
887	250
570	435
677	114
0	850
1000	475
222	441
749	1004
634	540
920	409
870	114
0	419
528	792
329	149
934	646
999	46
238	506
883	696
322	580
733	61
285	655
733	210
509	631
748	597
721	59
0	279
381	956
540	951
190	398
212	672
477	765
445	509
631	100
151	435
0	403
672	682
317	809
237	597
317	222
159	118
237	79
322	352
528	721
540	349
870	338
477	118
733	174
0	826
600	457
705	169
634	805
657	118
749	790
883	565
317	228
237	951
413	135
580	951
540	261
790	194
749	151
185	475
790	169
999	1018
138	588
285	917
986	475
677	237
528	979
161	707
500	118
934	485
61	630
317	1011
528	359
808	951
934	237
169	726
779	805
270	595
590	1000
509	237
677	257
381	951
870	475
206	95
677	493
0	934
445	677
360	200
237	118
0	329
127	552
237	590
669	762
0	190
968	210
1018	597
360	500
690	118
672	135
0	917
733	870
317	630
475	95
381	330
210	843
749	578
420	403
672	441
749	796
559	249
883	493
540	123
0	210
840	270
796	879
630	597
0	973
677	475
101	493
986	712
634	118
686	222
0	540
590	967
634	677
285	631
0	151
634	118
733	242
0	37
580	672
420	957
477	500
528	403
540	158
977	883
0	424
806	412
540	111
806	947
475	199
167	915
317	123
0	954
0	951
246	435
565	939
273	169
590	698
372	37
634	859
590	338
634	540
453	725
883	270
570	169
657	431
634	404
0	7
790	59
669	338
634	337
540	370
528	135
870	782
3	493
389	314
317	954
0	1011
634	986
483	898
381	493
696	256
999	546
870	986
805	434
528	631
1018	527
395	328
634	527
677	893
475	118
986	61
749	719
237	185
883	122
475	957
445	431
677	149
954	805
15	719
329	57
705	425
173	475
669	246
986	1011
0	540
386	135
0	93
317	84
634	467
75	493
317	622
238	805
246	933
11	951
669	677
796	308
654	578
540	610
80	779
749	578
899	570
977	900
0	590
317	279
509	273
677	514
840	951
500	312
540	690
733	870
590	430
578	725
66	402
0	733
139	377
669	475
986	805
677	475
999	883
139	432
986	221
328	654
733	677
967	996
733	507
634	41
883	1011
681	158
890	805
986	118
290	237
317	634
139	115
115	123
0	928
578	883
0	420
784	739
317	432
329	210
664	659
123	435
677	237
0	806
818	157
600	432
87	1017
0	0
237	475
386	222
954	740
376	740
934	386
194	805
169	1019
790	246
0	634
634	421
883	546
999	986
317	913
0	870
677	206
854	256
968	658
870	75
951	129
999	416
372	105
883	413
526	757
29	270
634	806
509	404
0	780
1018	167
395	620
0	833
733	156
910	532
890	986
644	197
796	1000
123	29
475	810
870	883
934	824
540	437
84	502
59	941
986	837
634	59
578	748
818	475
405	344
597	805
951	765
360	493
412	590
238	544
917	741
360	59
677	282
0	790
733	988
986	246
381	951
389	767
500	551
475	95
190	840
962	887
733	677
360	951
712	645
0	677
804	156
0	123
0	33
477	229
920	88
669	398
445	158
317	668
0	0
552	748
133	486
0	279
317	174
986	513
450	516
677	178
540	840
977	677
796	416
285	604
445	659
329	854
733	228
540	909
634	512
733	870
190	100
634	890
733	279
237	951
169	338
677	932
443	687
540	55
366	805
317	597
540	986
190	123
328	362
0	540
372	340
634	604
790	677
721	79
889	230
190	477
123	374
677	443
540	856
0	484
437	1016
790	840
677	504
0	445
570	840
870	296
381	270
0	158
910	14
840	308
762	986
317	119
934	514
890	370
0	677
546	893
317	435
870	118
285	169
395	500
954	118
790	29
420	29
0	540
986	983
0	7
0	0
0	962
951	338
453	543
179	833
317	951
790	950
317	322
772	915
796	498
883	713
349	201
222	971
600	257
328	1000
999	1011
0	738
450	889
899	954
161	457
870	779
890	986
870	748
360	689
634	360
420	475
840	949
796	224
634	790
606	118
986	769
0	123
986	765
733	806
733	642
360	222
795	951
0	317
0	986
870	854
986	721
1011	329
0	642
509	41
721	951
372	502
179	539
127	677
528	854
123	988
0	769
0	986
612	59
0	954
445	75
477	165
317	115
540	806
450	779
206	270
1004	417
749	242
123	597
0	951
721	535
590	712
500	285
0	854
677	389
634	812
0	578
677	237
0	441
1000	493
686	441
634	659
986	840
169	597
733	158
477	25
200	270
395	165
765	466
516	544
540	697
374	402
206	400
315	1011
890	986
0	920
0	254
677	1005
796	659
0	435
379	475
41	84
986	237
475	270
329	597
806	917
570	475
445	329
0	870
540	659
477	349
174	657
61	475
366	493
677	748
1000	696
237	334
986	435
580	179
951	121
870	600
285	338
298	833
151	270
0	221
733	733
246	833
762	890
528	123
0	360
796	951
477	808
669	330
779	413
870	664
360	443
834	100
733	302
523	362
287	485
0	526
475	263
41	493
806	84
270	404
190	791
790	840
644	968
477	420
0	748
634	420
986	237
445	1000
389	532
677	142
317	289
475	902
850	420
237	840
359	246
486	696
762	315
317	15
453	142
410	402
540	526
762	349
924	753
568	306
185	483
733	179
733	610
0	135
0	785
859	15
580	179
1004	597
590	527
808	493
580	826
475	298
677	226
456	725
395	604
186	1012
689	165
0	539
870	979
540	573
270	118
317	808
934	475
986	400
0	539
317	409
824	668
0	661
859	30
870	475
93	951
677	122
486	206
359	338
395	696
999	565
450	403
870	634
317	210
870	105
322	475
540	84
644	668
890	740
0	870
999	99
870	477
925	986
578	720
954	167
79	838
0	169
977	578
951	544
818	493
677	402
445	951
870	796
420	951
799	398
790	883
677	1000
870	157
580	526
733	898
762	986
870	986
0	158
733	1019
749	748
999	630
824	158
426	399
907	659
279	689
634	475
762	986
61	933
137	869
167	721
790	697
721	437
290	95
570	30
0	1000
317	323
986	606
0	850
604	362
790	954
528	954
590	1019
0	979
0	669
317	840
819	708
0	1011
733	484
445	413
630	51
883	270
749	178
0	127
0	634
816	300
395	578
677	612
870	590
642	979
733	317
986	29
127	540
420	568
0	589
475	222
0	580
190	493
0	749
0	67
445	578
381	475
55	475
516	616
61	237
677	338
231	475
237	713
445	372
859	167
127	756
677	237
870	642
664	14
790	580
733	951
206	915
669	101
999	75
698	118
0	659
237	158
360	672
259	719
669	805
282	951
925	590
206	826
190	568
61	402
395	35
818	570
823	297
157	627
0	748
285	178
237	826
762	413
0	631
237	79
0	435
118	94
864	889
796	158
883	748
799	951
395	399
977	181
951	741
559	237
954	412
237	169
870	392
1011	741
796	642
127	986
528	642
317	75
578	805
790	951
832	222
631	951
190	360
0	0
372	707
790	508
796	917
115	732
0	384
395	194
733	819
467	142
713	435
934	237
981	951
899	204
0	149
883	597
528	810
0	677
514	774
1018	590
289	374
677	179
580	910
0	402
317	968
999	237
395	552
986	951
634	697
677	696
590	921
954	734
420	570
0	986
169	642
317	142
733	75
634	237
951	338
570	780
386	360
151	513
570	828
121	892
477	721
1000	398
634	925
0	634
947	513
796	475
759	524
0	174
445	158
287	201
986	954
634	805
381	475
733	29
540	818
634	513
237	380
317	513
951	505
237	613
0	806
677	619
242	636
500	83
0	920
190	475
509	630
61	29
0	445
540	445
250	505
1005	246
790	118
317	329
0	540
317	705
237	971
167	765
870	475
420	951
317	457
677	659
475	183
237	38
493	216
179	30
634	121
526	263
411	403
457	441
951	969
540	518
343	256
733	118
395	475
66	135
475	26
0	540
733	475
986	872
986	546
67	460
0	600
317	898
0	986
285	157
254	296
859	883
475	951
796	632
92	82
870	669
999	839
133	951
484	237
1005	613
395	889
317	788
999	805
559	533
237	435
317	211
657	971
29	59
999	631
475	604
540	616
237	642
677	135
157	649
445	118
870	252
477	294
509	617
317	158
0	721
371	164
420	29
95	210
0	435
854	338
29	951
322	315
634	509
27	122
254	934
634	237
870	103
840	475
201	362
484	158
360	246
424	696
158	933
749	445
634	696
806	372
424	871
0	477
986	201
237	481
540	31
999	796
733	952
237	642
600	435
372	329
237	84
762	308
677	348
110	951
123	805
677	372
0	484
590	727
123	840
395	568
951	71
290	690
709	968
870	276
381	762
796	151
400	189
190	804
190	968
528	291
733	285
0	597
404	805
540	707
500	570
796	315
258	782
500	318
317	174
698	544
475	210
570	578
824	597
540	374
784	840
677	237
0	744
212	343
0	733
977	61
258	936
733	870
435	765
986	456
329	1021
317	317
669	285
634	893
329	659
796	526
540	762
540	475
59	661
270	918
719	951
246	439
11	158
634	915
634	905
0	818
733	749
0	833
237	783
805	791
0	546
59	828
317	450
282	210
818	698
669	755
634	367
1000	359
0	986
597	348
0	210
329	966
0	158
0	3
575	164
317	806
986	29
971	582
194	169
677	777
806	668
796	5
818	237
317	979
206	419
372	84
237	29
493	513
103	961
317	374
733	634
654	840
540	590
252	403
733	833
570	5
488	167
360	14
657	475
0	477
749	206
30	720
329	785
644	874
0	387
677	578
526	201
824	610
733	1011
317	951
61	1004
477	29
540	79
0	242
317	677
986	237
273	951
0	190
0	933
540	863
610	560
381	631
806	475
395	659
266	228
0	687
870	677
540	484
0	210
733	246
0	381
870	951
687	565
951	769
17	723
0	934
677	169
677	289
169	678
870	835
454	118
317	748
986	360
796	659
246	338
445	398
590	565
790	329
870	552
796	513
870	164
317	899
805	306
0	242
886	642
360	721
870	641
698	779
910	597
870	687
359	475
790	796
733	601
733	726
174	256
0	340
475	826
934	118
784	284
237	590
772	779
944	513
597	917
349	458
999	677
840	59
206	805
890	338
123	496
733	986
870	570
733	402
806	984
270	135
899	59
954	50
749	659
1018	915
910	459
1000	59
544	933
475	411
934	920
986	985
916	246
762	277
389	413
484	721
61	705
818	552
669	968
863	387
669	466
677	883
360	270
899	705
329	826
559	425
0	180
0	473
475	374
297	687
999	17
634	883
412	1011
61	851
0	947
968	435
0	445
870	1004
190	528
475	929
412	808
634	261
733	934
0	933
489	128
748	42
213	967
190	634
157	590
986	329
317	477
670	289
713	748
733	999
0	887
634	237
818	322
0	150
733	748
986	246
999	634
123	402
540	818
0	317
158	364
721	1011
744	246
669	500
334	485
634	360
285	114
925	123
999	362
870	616
669	597
477	334
954	742
924	502
237	512
334	238
941	659
258	582
282	270
721	924
749	167
317	59
0	285
0	733
986	475
297	222
29	42
467	530
142	858
634	526
0	632
986	721
0	570
552	93
540	359
0	788
634	689
0	689
0	59
0	907
968	597
237	740
693	805
677	677
317	698
105	435
317	559
317	788
677	149
634	578
412	570
986	500
1018	597
986	493
1018	741
733	26
317	279
669	41
748	748
87	242
540	316
986	512
790	873
540	698
677	719
0	870
0	338
765	805
899	493
334	330
329	725
580	360
190	978
359	119
381	669
870	765
659	82
285	597
540	1000
870	493
986	748
870	317
488	806
540	914
229	691
578	659
733	971
986	841
540	500
285	565
733	690
0	597
0	590
237	270
477	578
999	445
733	1000
372	498
540	951
412	26
824	933
986	822
762	677
475	983
317	151
540	748
669	986
0	372
484	883
467	118
986	135
565	957
925	527
389	475
733	692
29	631
733	158
395	546
254	59
0	805
677	604
190	883
0	413
123	59
59	41
59	805
328	237
61	95
0	457
61	285
562	493
796	145
317	59
634	208
1018	759
0	986
0	934
657	289
677	792
677	157
17	748
360	435
954	988
457	979
488	420
934	878
616	874
158	826
0	29
677	796
17	552
79	187
808	707
500	246
870	840
27	851
796	179
420	483
395	951
782	432
951	84
796	851
0	674
812	237
934	951
246	362
317	321
0	411
477	986
61	420
910	883
237	783
317	360
169	659
95	403
733	762
190	111
677	570
772	631
360	805
0	317
360	840
395	445
0	540
540	924
43	712
149	294
395	951
669	500
475	83
237	659
540	110
169	270
87	883
412	169
570	84
677	600
790	823
201	951
677	833
119	164
317	360
540	840
0	968
540	936
0	123
805	402
721	804
174	721
0	822
631	481
986	834
818	285
999	769
0	733
500	158
540	934
634	588
75	29
790	619
749	364
0	898
870	951
317	818
596	843
0	135
165	854
634	613
677	696
123	550
514	933
0	118
514	725
967	30
0	742
302	576
540	916
317	360
749	986
870	178
818	493
925	953
870	951
115	151
317	721
999	986
250	830
733	543
0	123
0	851
934	920
0	61
0	317
762	1000
0	733
986	951
61	769
0	610
509	971
317	677
0	0
0	696
733	118
0	475
999	402
242	475
167	298
760	270
634	983
420	150
634	500
977	677
570	246
285	1011
0	493
0	610
445	910
87	725
744	788
796	282
540	530
669	359
733	329
237	169
634	437
870	951
733	986
317	657
634	677
0	910
0	151
61	59
0	540
246	785
164	298
475	951
762	457
137	951
590	863
395	308
206	461
285	103
61	441
475	222
870	118
0	806
762	29
395	26
123	329
0	246
328	965
5	43
270	248
100	1019
445	237
445	578
317	954
806	748
850	578
850	744
23	79
79	169
0	840
890	210
360	951
806	924
254	661
805	220
79	329
477	690
174	118
680	723
395	270
0	801
540	477
178	135
532	270
540	677
870	749
139	475
790	372
634	748
379	141
870	999
0	0
317	33
315	284
634	748
462	951
29	874
317	677
395	805
898	597
317	977
840	493
0	79
285	30
420	951
733	475
582	434
540	707
657	604
317	742
279	831
351	668
475	435
242	306
59	14
748	270
0	273
721	51
693	276
634	151
986	271
87	824
445	973
1000	239
762	237
528	770
677	659
169	169
0	657
992	362
543	164
564	659
658	238
509	659
395	457
237	721
870	619
190	968
0	209
840	725
840	788
237	475
237	616
748	951
0	721
450	937
870	65
669	890
450	118
440	413
986	698
317	105
41	512
190	949
951	493
657	916
540	246
546	951
237	840
733	166
322	334
883	141
872	43
749	376
87	933
0	500
0	322
509	818
590	748
1000	14
1018	578
954	403
317	475
870	758
540	869
790	381
509	475
61	237
0	410
29	748
285	29
0	934
15	178
317	11
870	634
627	469
870	917
796	246
907	329
733	870
889	706
677	934
0	498
0	118
0	445
290	590
986	851
27	951
600	1011
986	719
796	986
0	317
0	360
475	631
285	947
59	158
748	467
0	712
329	687
721	689
151	169
0	861
14	573
968	142
453	369
0	0
719	933
986	237
597	659
75	420
46	642
0	149
0	926
157	413
334	475
79	933
334	951
593	338
130	765
954	209
870	84
870	441
986	321
169	514
978	30
540	1019
762	967
642	270
154	696
634	358
395	654
276	987
0	426
395	381
806	475
954	883
870	673
0	580
540	986
287	257
900	721
0	934
870	805
540	349
578	933
733	169
733	540
796	854
61	427
246	149
532	971
0	532
634	157
123	289
0	151
0	237
1005	270
0	733
870	139
790	435
477	591
127	748
890	61
0	59
889	3
395	630
0	400
395	398
540	986
0	808
677	786
818	420
772	420
123	936
317	996
79	270
733	238
273	123
265	536
457	460
570	631
360	582
540	719
317	29
898	987
870	872
634	986
718	229
190	883
850	833
677	118
119	352
677	481
977	631
0	118
669	806
950	329
0	139
980	237
808	881
883	833
61	237
870	909
677	597
302	951
123	475
0	532
0	966
0	475
870	853
951	209
398	427
167	826
920	514
475	289
540	139
668	915
1000	475
0	419
0	330
677	493
818	123
509	585
951	565
870	659
870	285
0	23
782	622
400	578
1000	613
0	493
733	427
395	540
540	659
420	23
733	951
986	26
0	644
45	291
721	991
677	237
237	475
890	721
733	169
59	597
246	309
194	151
237	595
61	721
733	334
540	883
753	71
445	493
986	302
329	875
75	35
806	5
634	51
733	874
951	33
484	71
322	924
242	986
540	893
317	435
475	805
669	597
190	854
951	1001
986	164
986	978
179	649
677	552
669	986
317	721
0	875
0	627
237	578
453	270
596	95
808	951
634	500
733	630
61	338
317	315
925	570
890	67
749	282
689	910
0	475
475	493
445	237
409	330
59	568
475	951
986	951
237	250
578	514
435	158
870	242
0	84
744	979
733	321
237	722
870	142
0	66
317	913
0	934
677	252
870	657
818	910
898	321
127	477
677	61
190	169
282	512
733	489
925	986
475	467
580	805
26	854
634	945
733	477
749	71
870	425
302	950
254	284
419	118
986	917
246	170
986	105
570	788
475	374
0	540
0	540
0	426
732	186
708	765
796	89
851	67
169	187
114	457
986	121
0	934
870	603
790	230
697	165
634	237
289	367
0	413
317	910
246	951
252	719
749	199
889	51
61	493
79	979
0	435
677	915
79	748
317	119
237	21
157	419
0	913
237	1015
477	962
190	597
169	376
758	917
634	840
721	712
540	457
328	237
570	893
870	338
999	395
445	659
317	441
883	57
954	604
796	84
762	229
806	840
0	164
242	23
986	597
0	570
395	883
733	968
986	967
951	573
190	256
1004	719
317	978
500	237
986	98
590	475
677	810
381	285
705	748
386	563
329	951
453	883
118	869
0	0
590	273
387	833
689	659
798	883
0	216
540	739
540	951
540	338
634	356
749	169
749	251
270	118
79	158
900	578
61	30
279	173
721	642
349	619
733	527
29	475
0	435
986	246
92	409
565	955
749	493
677	349
317	29
977	983
237	616
475	951
590	682
0	302
445	854
540	677
486	158
759	805
796	824
0	322
548	149
290	580
213	500
400	50
237	59
570	153
654	414
732	228
733	717
733	677
381	854
735	306
389	971
677	833
395	805
143	329
317	403
127	669
818	385
986	105
634	285
329	189
669	642
870	237
0	925
677	435
317	788
732	631
139	659
898	378
0	951
798	883
420	711
677	933
578	172
870	870
322	705
634	580
0	229
237	206
749	443
0	61
0	118
0	677
570	25
580	951
580	555
630	777
0	258
0	59
123	210
237	289
870	1000
762	437
511	362
840	223
0	254
914	398
139	577
642	951
0	986
824	246
317	951
677	330
250	364
634	344
762	79
1005	318
359	857
840	908
237	158
237	270
749	934
0	114
420	270
200	158
524	729
173	763
254	435
317	285
520	851
630	915
381	475
632	493
127	379
890	237
954	502
947	951
254	53
151	840
677	493
0	441
0	889
381	869
79	403
237	79
634	631
986	500
317	322
834	158
464	597
526	138
634	477
870	796
1000	376
317	381
75	489
61	302
246	30
870	850
590	59
934	659
870	285
790	951
78	52
0	677
317	812
954	59
500	222
174	338
634	1000
733	290
806	780
317	951
986	29
544	336
840	725
194	398
540	164
744	578
986	360
540	173
158	270
500	61
151	416
169	13
634	413
0	61
317	29
65	987
0	493
237	210
514	14
26	712
0	317
677	123
0	29
733	938
733	11
634	578
0	527
698	668
951	909
445	432
546	51
84	513
677	681
934	270
677	270
719	597
0	201
0	329
0	465
818	173
317	137
762	532
578	270
870	51
237	896
500	237
0	505
986	59
420	951
61	285
95	805
0	640
0	174
329	826
870	138
578	595
317	544
883	514
475	67
395	14
634	246
999	484
0	526
246	951
806	850
381	82
934	970
920	951
634	169
634	677
872	924
870	338
317	555
190	1000
445	570
395	721
0	334
604	631
144	951
818	79
0	445
818	514
986	532
37	826
733	870
0	432
898	158
540	188
317	910
540	1000
559	164
634	677
317	806
139	971
149	67
634	951
749	59
934	606
0	291
23	1000
590	332
237	552
733	951
899	500
0	0
986	849
237	951
951	467
669	238
296	484
0	808
634	597
409	427
420	698
986	500
317	360
669	986
194	728
570	199
762	360
0	317
590	67
600	14
381	509
806	986
190	595
194	206
870	93
999	29
322	986
895	544
0	818
46	524
913	696
0	289
733	668
0	890
445	679
1005	898
500	237
590	659
630	642
420	951
733	745
290	898
395	951
954	659
500	29
540	528
580	1011
500	419
0	437
749	329
540	690
0	638
516	238
0	652
87	360
999	381
559	420
87	796
818	458
806	374
0	559
600	578
475	951
924	413
0	285
15	403
540	604
0	861
0	344
951	628
237	947
190	361
297	270
0	929
349	237
169	348
540	237
578	909
870	317
0	279
0	634
290	654
870	634
237	824
749	29
677	15
237	142
237	93
317	180
790	477
0	334
237	102
123	475
0	123
1015	565
986	721
381	617
87	105
78	653
634	456
477	279
246	469
748	361
954	532
824	7
644	349
570	840
0	526
796	69
0	951
0	934
317	412
971	833
359	246
475	169
169	338
824	910
285	475
127	951
0	405
0	951
733	870
762	475
0	540
986	493
360	194
806	79
721	947
634	915
870	165
103	550
237	742
395	169
733	29
0	500
0	338
123	135
840	14
934	118
105	544
634	135
634	338
733	317
317	290
870	818
721	968
999	317
748	250
372	909
290	920
445	622
733	936
488	526
475	493
1005	238
372	631
634	826
61	201
0	14
381	445
0	796
0	209
733	986
66	951
0	475
954	276
87	302
61	951
0	282
1004	467
870	493
317	403
954	910
733	59
279	986
570	929
634	237
590	659
297	607
796	475
237	220
986	79
317	536
488	118
681	951
889	854
386	402
1018	774
445	774
119	513
242	475
75	668
0	578
61	329
669	167
315	924
818	105
237	237
806	672
127	934
0	348
677	783
954	59
669	290
61	83
435	403
317	237
435	416
61	467
733	615
477	477
733	578
103	552
677	526
540	211
0	811
707	425
733	395
0	513
616	126
317	532
477	748
910	122
733	774
139	612
870	616
999	420
372	237
870	634
317	26
986	793
169	1003
0	954
634	818
475	329
669	883
395	372
362	452
0	870
334	419
123	978
677	986
1000	220
0	71
237	59
190	796
1000	324
749	986
349	480
317	570
0	949
934	780
0	139
0	475
733	559
634	258
322	654
733	526
854	84
123	883
151	237
733	971
360	349
999	864
749	951
851	597
169	184
859	604
967	169
986	979
540	1005
540	544
986	530
748	259
634	951
840	555
677	285
733	118
870	135
808	759
540	142
317	395
910	933
790	338
669	289
61	640
179	616
0	546
733	876
796	804
395	61
870	796
61	1000
237	26
540	119
317	790
317	741
127	951
850	403
279	986
285	206
399	874
526	854
0	199
634	869
509	973
986	550
79	1003
194	204
3	951
604	289
627	769
231	526
954	493
631	352
174	578
237	968
317	398
721	642
477	833
509	279
0	677
329	403
61	578
0	51
194	374
0	59
1005	359
677	696
420	427
1005	169
634	893
968	572
780	220
29	403
532	805
317	386
114	435
395	677
0	105
733	899
0	123
118	330
381	540
634	246
725	164
870	467
929	805
158	673
317	791
467	493
0	518
707	951
721	544
999	642
381	500
0	83
749	513
450	419
552	374
634	987
400	118
540	917
254	552
317	954
634	555
668	921
0	572
381	979
0	29
677	201
733	677
419	222
475	582
0	282
870	430
669	328
870	79
366	238
767	475
677	221
322	309
0	317
381	435
870	1000
0	500
29	475
540	527
222	118
706	805
818	352
0	405
796	475
806	604
450	528
1000	246
925	528
317	329
870	528
0	420
0	386
532	73
721	578
445	315
317	317
677	833
986	760
890	641
75	157
477	916
657	869
259	951
806	467
634	484
818	246
138	435
806	986
677	854
559	951
499	44
733	167
127	659
677	808
0	951
986	951
420	590
0	328
0	762
190	532
796	597
986	123
359	59
948	641
413	435
883	404
677	493
818	826
130	427
40	475
371	893
986	118
381	970
273	883
1004	153
986	329
0	87
246	297
475	544
475	437
0	478
669	338
87	500
870	570
806	796
733	570
87	149
0	616
317	475
431	712
317	1021
0	986
0	160
435	270
254	703
0	526
578	801
0	237
157	356
105	951
34	661
271	14
806	659
484	532
796	158
999	381
733	616
456	578
0	79
818	148
733	805
317	246
458	448
749	105
317	29
986	689
475	481
790	540
634	282
818	237
749	528
954	705
634	420
0	317
237	105
379	329
322	979
578	763
883	765
526	973
999	270
677	246
634	697
381	898
317	668
654	251
87	475
540	597
733	395
0	540
484	857
762	477
475	411
0	79
999	79
883	414
540	290
853	237
123	544
0	765
528	657
634	475
190	595
934	436
66	222
913	344
744	118
951	933
151	493
540	206
977	933
840	250
0	500
360	597
420	237
681	933
578	951
349	270
0	870
317	540
0	631
0	951
0	961
622	610
475	759
677	101
509	805
151	817
578	374
360	920
528	689
840	917
475	244
590	659
277	661
677	986
999	250
951	298
925	668
123	71
986	306
986	330
1000	271
489	851
900	524
755	697
951	774
17	951
540	540
493	208
290	526
999	893
360	489
806	890
273	59
986	804
123	59
61	356
999	3
669	570
999	954
934	789
590	539
986	551
986	329
246	305
818	732
1005	1019
270	740
246	421
788	270
999	677
733	419
721	681
237	951
475	45
889	544
0	420
15	915
15	270
317	198
762	475
999	82
808	413
0	805
500	443
762	796
677	805
29	19
317	540
986	707
590	873
500	917
475	756
445	158
0	14
0	0
733	322
290	484
986	246
119	238
453	359
870	883
548	237
87	854
151	920
221	1001
887	838
0	194
500	883
475	748
0	870
634	762
1000	659
381	758
334	833
190	115
0	454
634	360
580	954
790	374
689	467
157	955
890	570
733	986
0	467
677	23
123	374
590	805
61	851
179	951
475	696
733	158
317	15
395	475
302	808
426	532
744	169
237	967
500	100
920	186
0	604
634	604
540	740
372	269
1005	622
634	445
1011	196
475	661
0	119
516	673
285	779
420	484
634	445
634	367
677	983
0	986
0	281
986	461
634	370
749	629
123	883
317	540
322	477
790	951
634	590
642	329
744	237
194	329
733	79
0	346
372	167
870	233
733	920
254	242
475	169
999	33
29	748
733	840
762	978
190	158
634	35
0	14
677	460
237	659
500	29
634	851
61	657
500	475
824	698
642	951
634	29
998	805
805	402
351	604
0	634
21	597
546	951
806	620
812	805
123	119
0	222
853	118
890	237
986	14
0	634
1000	641
322	721
450	121
559	564
540	796
0	677
597	613
317	158
634	951
889	298
883	502
790	528
0	805
237	329
934	590
412	475
435	32
194	135
93	435
540	181
664	133
0	157
372	289
999	590
103	398
634	449
762	559
954	237
633	793
528	238
317	951
317	297
986	552
749	121
246	893
0	381
570	712
29	246
395	1004
258	590
540	967
420	475
395	298
870	687
395	721
954	142
749	194
864	1000
677	986
0	250
0	246
225	680
139	600
317	334
634	158
0	488
870	617
167	951
934	302
338	502
986	167
790	677
677	182
977	996
185	210
1011	165
986	169
146	613
669	61
986	951
174	26
0	870
597	209
977	854
61	907
475	947
540	334
721	883
634	84
986	349
395	540
0	883
87	256
105	154
870	445
890	689
488	883
182	165
597	536
317	402
785	493
677	812
677	570
540	613
986	951
669	669
772	654
899	812
590	210
934	748
540	329
500	987
93	30
190	505
475	606
540	677
870	151
0	659
169	158
0	953
762	661
798	589
540	169
986	371
0	762
334	95
954	680
475	951
951	338
304	119
0	544
0	540
0	796
254	979
733	870
0	924
796	951
317	138
900	978
103	489
190	947
169	158
454	71
733	361
986	51
999	767
190	1000
634	705
445	977
986	225
61	435
238	398
141	81
633	824
732	497
0	805
328	103
0	237
359	84
246	436
0	381
634	237
870	493
540	153
806	467
808	493
540	212
381	546
79	270
798	302
796	298
0	669
934	721
600	659
554	338
0	843
526	30
237	910
818	135
197	748
0	540
475	735
514	631
578	250
151	698
669	484
749	52
668	765
237	732
870	493
0	910
698	164
0	890
890	926
540	462
290	968
968	1013
475	321
870	285
733	780
445	500
420	475
59	951
999	659
986	123
742	33
29	979
986	765
398	362
863	826
657	225
796	528
631	158
733	657
475	201
317	52
677	986
733	34
0	237
889	138
23	220
445	762
0	394
733	127
870	462
634	677
0	242
999	435
818	502
15	536
317	105
1000	493
634	620
870	698
686	1011
528	95
158	765
840	493
0	445
749	986
246	929
237	748
721	374
986	748
0	27
999	489
317	597
0	634
27	570
0	540
951	493
89	493
540	890
381	951
254	402
890	302
0	250
237	79
790	810
285	29
986	356
986	721
999	693
677	728
749	169
806	157
806	951
596	915
570	344
29	978
677	272
0	223
532	582
644	105
749	59
338	915
664	464
61	403
285	805
201	513
728	633
0	237
179	951
870	450
677	282
477	659
790	238
328	873
616	833
634	735
677	79
967	289
0	762
286	250
445	273
372	237
840	348
317	190
954	359
870	441
237	916
721	228
149	3
707	739
317	613
733	420
790	790
796	590
790	475
395	854
687	861
338	613
590	696
0	489
317	689
0	500
59	939
983	979
334	578
870	254
951	493
648	35
968	67
334	435
273	100
0	597
631	838
0	237
167	955
540	475
790	869
249	513
840	229
532	861
1000	1019
986	435
29	659
828	481
986	514
1000	612
762	270
790	1000
41	352
0	225
634	634
173	597
659	513
590	617
733	796
986	237
334	840
733	475
237	475
634	493
634	359
420	616
874	158
733	445
540	570
0	934
749	484
488	559
139	900
810	898
59	951
246	582
945	416
870	758
870	915
0	118
784	578
0	477
864	1017
540	654
237	475
733	602
0	237
0	878
677	57
0	139
733	748
0	67
445	427
381	559
654	443
870	395
489	805
733	475
934	887
0	633
677	115
514	1013
634	540
689	951
0	381
870	374
597	769
29	142
317	29
590	435
237	118
805	71
0	67
317	59
139	238
806	445
986	123
733	477
600	411
870	285
0	338
790	600
29	597
29	250
677	222
669	237
75	237
174	79
677	169
1011	661
395	765
0	340
0	0
395	372
115	435
677	513
0	127
977	477
79	992
668	356
157	237
947	544
118	997
61	157
677	475
61	680
870	118
246	118
886	725
110	151
843	826
349	158
669	951
334	158
197	654
0	725
413	158
925	779
0	630
389	338
977	984
552	425
285	805
0	806
0	475
954	79
677	941
103	402
237	661
733	270
0	493
190	285
744	457
883	21
0	467
475	344
540	875
412	590
796	513
372	951
425	164
395	831
445	986
540	707
237	539
317	597
796	291
435	930
668	851
733	954
749	59
488	834
317	322
986	360
790	1000
790	677
986	66
158	565
532	384
0	110
516	468
360	359
242	238
469	887
317	475
616	619
870	475
899	669
115	237
870	854
190	851
483	338
0	201
190	869
0	552
669	613
749	539
634	285
677	539
15	270
528	570
29	984
540	565
762	559
593	443
818	420
0	317
806	954
977	835
870	796
359	346
445	402
834	411
870	707
749	578
0	967
190	936
890	597
552	524
705	158
986	246
698	741
0	818
443	169
190	818
954	402
149	238
395	659
580	953
1000	389
634	475
395	374
713	966
762	359
570	751
733	870
360	951
870	318
379	475
190	528
733	475
870	222
657	748
261	237
983	403
634	779
413	902
934	360
540	329
540	597
79	142
0	0
669	600
59	719
540	799
677	238
317	1018
986	178
237	229
853	84
489	659
484	118
666	475
329	641
705	435
907	329
947	563
317	115
500	123
808	118
0	799
0	338
431	60
669	808
934	402
237	79
395	843
1005	670
87	532
677	402
870	250
0	733
61	413
890	840
237	748
186	356
61	546
925	687
317	1000
669	523
475	289
954	441
0	372
477	145
445	103
570	1011
540	989
986	285
540	967
634	951
237	389
389	270
934	142
238	336
806	910
677	967
951	1019
127	427
475	550
0	229
600	668
475	604
475	30
818	840
0	338
570	94
890	158
445	526
0	909
290	386
1000	514
0	677
277	951
870	798
317	634
762	642
139	721
634	194
721	604
654	883
634	376
0	782
315	82
933	164
677	979
658	805
169	158
733	138
477	693
870	330
1005	954
677	118
420	338
890	840
910	826
762	181
445	570
677	212
750	222
951	435
55	42
334	826
0	285
158	270
627	851
0	237
870	1004
634	59
0	540
139	721
705	59
890	321
381	15
194	7
87	705
733	445
0	501
634	141
0	59
677	169
790	441
231	951
658	398
317	907
677	590
475	551
677	276
762	114
669	169
889	705
883	513
317	289
290	644
634	934
890	308
334	467
0	15
273	886
374	42
238	979
677	270
338	875
399	246
749	338
395	190
870	597
151	237
0	0
819	659
0	270
749	952
0	725
414	402
806	544
360	59
1016	305
0	930
889	826
420	119
29	578
0	54
420	725
0	475
105	308
986	719
516	40
590	659
194	329
0	597
0	435
898	332
870	291
744	768
540	951
0	1000
634	237
733	934
0	669
733	540
719	951
1000	475
475	586
630	642
590	138
0	279
317	412
698	329
395	808
870	674
237	1021
0	612
27	67
634	158
0	322
677	809
0	169
0	947
634	237
389	238
762	370
420	169
772	546
179	748
237	79
824	95
285	951
951	210
34	270
118	135
782	883
677	528
562	30
818	578
516	812
475	753
951	276
475	118
806	513
169	502
322	951
634	67
0	870
0	358
677	435
74	270
237	59
413	222
395	435
677	528
190	78
477	158
435	917
285	910
677	657
890	194
790	149
528	201
317	738
61	544
0	488
634	30
0	79
123	51
840	1021
0	361
0	0
133	309
254	654
322	528
0	151
669	201
1004	250
389	30
833	826
315	748
806	119
445	986
285	192
540	951
590	338
634	951
870	403
475	384
290	119
523	883
977	920
123	244
954	532
237	416
0	446
654	698
870	159
35	1013
733	475
246	277
445	493
190	176
951	84
0	834
870	544
634	75
59	1019
395	540
870	246
395	840
540	206
477	824
488	157
174	79
540	459
986	933
677	460
201	493
788	165
805	156
677	30
372	123
411	641
55	431
475	810
634	544
0	419
115	157
677	419
420	329
55	718
475	1004
285	597
986	493
139	897
733	349
1004	308
733	532
151	712
123	951
593	206
986	644
540	334
237	120
733	986
0	748
0	790
840	565
677	349
317	475
395	14
360	853
0	578
329	805
749	338
334	578
322	915
870	420
565	220
986	237
0	59
0	721
762	475
677	590
45	175
870	951
381	164
0	983
349	837
0	986
840	613
733	642
167	420
707	712
445	360
883	613
0	502
0	42
962	840
634	381
540	818
528	151
0	634
540	167
87	820
475	233
450	741
118	321
590	962
634	954
954	96
721	767
770	661
237	178
899	869
317	475
642	951
540	826
806	352
413	121
61	237
91	493
334	398
246	740
634	874
317	840
29	808
986	399
317	169
574	477
488	719
733	559
95	402
749	379
0	26
360	889
426	49
1004	659
317	289
123	951
883	595
395	712
951	83
870	819
484	435
169	270
804	595
29	510
951	460
0	748
934	370
127	237
934	237
445	594
0	597
93	960
0	568
123	782
630	883
677	721
103	169
733	489
790	790
600	779
677	808
733	677
540	475
475	457
0	986
870	190
733	254
890	238
808	579
395	986
322	228
570	951
733	954
669	677
552	933
634	947
806	810
870	149
317	735
986	201
59	672
317	951
968	833
631	915
951	541
440	238
748	398
360	696
890	174
445	119
953	199
360	493
870	818
475	84
986	84
796	493
540	680
680	659
590	123
790	14
475	826
721	1019
317	973
381	329
237	475
329	951
273	840
500	597
420	805
920	616
285	721
359	475
669	509
668	238
432	546
169	737
540	526
634	29
395	277
977	242
590	1000
677	44
403	250
237	493
200	308
200	654
1011	955
29	111
0	733
733	123
149	805
818	466
597	384
999	818
954	7
634	61
26	460
790	240
0	986
540	360
123	725
246	413
733	644
644	241
686	907
0	986
290	306
999	954
360	947
1000	67
228	348
999	933
677	512
0	237
540	237
570	759
475	947
477	250
986	721
0	282
883	65
540	500
870	178
733	788
489	118
95	512
677	178
986	798
398	833
528	374
206	59
61	768
0	322
110	379
986	30
246	957
75	690
109	642
696	961
796	769
986	883
634	540
0	590
395	201
1011	270
420	389
850	898
0	317
698	15
677	890
420	657
395	796
540	887
784	118
999	865
559	748
273	657
540	883
744	246
528	513
279	796
412	195
790	540
1000	353
796	875
634	30
127	15
0	61
0	282
389	59
0	544
733	190
213	141
733	818
733	540
110	420
634	169
254	758
1005	179
870	630
386	798
552	164
540	784
986	346
0	840
87	87
509	864
0	489
870	890
475	597
381	840
721	513
0	774
285	570
590	969
870	237
526	696
889	748
634	372
733	540
381	933
733	588
642	350
934	796
642	631
475	30
381	359
360	863
0	246
87	130
574	721
986	246
733	947
719	90
870	870
951	533
593	570
237	826
540	462
600	103
934	907
883	387
677	986
951	544
790	570
634	725
237	642
669	604
0	0
883	119
0	375
733	212
796	389
540	61
528	828
733	154
0	533
1000	759
733	712
570	1003
218	917
600	315
317	954
0	190
0	725
749	372
0	110
0	475
986	270
733	158
445	532
796	941
366	951
381	806
540	861
540	270
0	484
512	289
0	135
999	634
999	29
677	169
142	164
954	721
157	514
328	748
500	371
317	806
59	164
999	169
733	138
733	403
0	762
677	59
484	237
0	270
359	951
733	875
395	500
409	82
0	59
317	398
806	672
634	338
0	873
237	475
0	123
677	986
986	157
360	454
796	779
44	314
0	0
488	1019
677	597
528	869
317	535
0	381
338	805
999	488
61	811
29	967
0	222
669	669
934	915
317	135
762	677
0	790
1005	889
677	233
360	654
30	276
500	619
400	42
445	360
477	590
590	154
840	489
237	50
395	853
290	672
693	1019
395	169
806	757
317	1005
445	796
149	501
677	760
762	1000
659	833
986	412
431	135
808	631
644	414
733	805
0	59
237	951
588	917
796	854
317	395
870	435
657	105
488	250
127	673
668	270
237	532
0	420
0	700
540	805
634	652
338	805
999	795
634	661
334	118
395	634
0	317
762	348
600	915
733	578
0	806
258	954
806	950
790	290
0	34
237	165
934	783
733	705
273	305
0	338
840	403
619	99
0	445
540	838
540	59
762	590
600	951
229	338
484	951
61	285
174	920
516	968
540	167
709	887
285	420
403	1019
870	346
445	466
634	925
23	883
540	524
317	206
381	84
719	613
0	854
633	169
1005	986
620	237
677	979
677	892
733	808
426	493
0	712
634	285
796	967
951	854
0	600
951	933
796	590
317	540
0	859
169	597
540	302
500	298
0	661
544	659
590	158
899	744
890	242
317	39
661	961
761	169
381	788
762	20
669	752
677	79
0	986
285	209
445	329
986	951
677	654
689	780
381	697
158	338
103	93
0	289
453	7
0	540
733	289
395	457
526	748
947	979
246	774
0	805
221	947
11	659
721	779
317	986
804	1019
999	883
371	840
0	340
580	252
246	673
237	840
493	199
0	403
664	169
475	398
870	634
75	237
169	158
540	477
0	210
986	809
677	719
733	865
0	578
257	57
0	477
580	50
475	785
597	270
870	677
733	22
317	669
360	246
883	338
917	805
15	457
770	649
805	402
689	43
477	851
371	907
420	329
570	270
819	135
242	475
237	282
334	555
0	552
222	917
870	634
834	893
986	158
806	519
139	477
762	59
431	59
395	574
291	244
762	677
986	61
0	899
733	999
317	608
0	677
349	158
578	612
0	142
0	954
460	833
540	14
123	402
962	59
806	954
870	52
986	84
698	338
237	257
317	114
435	854
0	237
634	157
360	218
954	151
0	705
395	698
279	587
826	915
0	899
986	273
890	1009
0	190
677	118
808	878
322	917
0	951
977	805
190	986
194	866
285	962
634	951
634	591
0	387
475	597
0	57
0	733
0	254
986	1000
796	135
925	539
127	698
201	202
92	123
0	59
733	677
381	666
883	513
0	237
883	158
115	344
67	493
500	524
986	865
0	475
883	338
0	677
677	597
733	317
493	715
677	799
733	806
29	642
718	435
634	749
790	213
290	285
733	954
237	659
951	861
0	413
590	572
500	979
1011	826
0	979
744	659
951	250
814	220
544	402
597	164
190	739
552	51
634	445
413	84
791	1019
540	334
381	200
59	597
677	427
597	696
190	475
194	475
445	883
689	723
123	951
237	672
669	1000
246	164
317	403
758	14
677	285
733	822
282	951
317	540
951	42
360	29
677	668
593	951
29	1011
282	951
242	673
977	237
317	677
110	805
338	544
870	597
493	933
870	910
733	389
279	986
237	29
705	997
254	445
669	635
870	600
0	118
317	403
0	519
0	222
475	949
477	805
590	989
540	677
0	475
590	457
360	420
83	344
157	67
0	222
282	246
435	84
677	500
744	459
91	164
238	805
950	627
317	873
890	359
1000	951
634	169
818	897
718	389
733	717
947	555
475	142
890	883
967	494
0	986
317	315
0	516
285	169
840	861
475	493
677	954
317	237
600	475
179	741
322	604
870	109
0	29
0	721
712	933
677	477
677	986
677	1012
317	725
308	659
0	127
395	514
733	59
237	142
951	118
899	1003
733	677
61	298
677	590
61	657
870	951
677	61
951	659
0	285
796	668
570	544
475	785
124	649
707	346
951	256
317	597
229	712
87	14
29	873
349	277
228	659
0	158
296	954
315	907
762	435
790	578
999	910
762	616
986	246
237	246
61	169
157	403
11	237
570	51
457	951
986	539
158	308
0	328
986	582
0	59
87	762
360	169
634	657
0	580
200	118
285	546
850	420
872	748
282	164
237	133
237	578
677	302
677	526
788	95
953	712
540	496
170	560
999	540
1005	59
999	484
733	61
818	748
677	875
0	493
169	168
707	694
910	967
338	348
190	552
0	237
61	805
986	329
237	143
986	238
0	33
0	705
986	404
317	785
733	833
790	951
317	338
1000	475
103	493
0	654
0	762
986	420
317	270
697	14
0	680
0	254
749	673
851	158
317	394
40	1000
0	0
732	854
0	419
297	199
677	89
709	986
986	21
475	725
139	576
672	164
475	704
977	61
870	61
693	712
986	270
0	796
252	212
634	630
359	270
237	467
317	179
999	933
528	578
105	330
237	735
986	659
359	118
317	634
604	906
29	514
528	420
118	441
0	279
616	564
765	493
360	183
317	201
634	597
540	1021
237	250
633	967
420	413
806	828
0	833
634	139
634	677
317	547
628	536
725	741
0	859
285	493
796	788
790	986
733	445
402	741
634	806
381	118
868	951
669	954
733	870
999	282
114	973
951	997
0	695
190	677
0	412
237	883
950	270
634	634
570	951
169	191
790	883
900	329
634	338
732	588
412	597
317	105
528	532
317	713
115	250
403	222
500	475
212	329
819	460
0	158
237	173
749	659
920	204
0	115
237	707
0	1005
890	986
749	118
329	300
634	616
540	435
167	226
174	761
360	1000
381	699
870	850
173	597
528	233
329	300
194	578
120	222
0	322
850	986
360	590
246	612
190	118
677	986
317	881
500	157
29	95
242	562
677	467
540	725
634	759
0	540
225	374
0	863
169	544
540	201
0	790
450	986
801	95
870	604
221	250
540	169
681	441
748	833
420	119
509	883
986	577
242	544
733	644
749	986
677	412
796	237
779	933
733	467
317	240
590	388
749	193
954	748
420	606
934	59
818	210
0	677
578	270
194	506
317	57
375	413
105	673
445	349
733	677
540	257
285	329
291	201
728	824
540	374
986	493
237	887
721	79
509	285
514	748
870	540
736	493
190	259
597	398
359	78
17	493
870	951
338	135
0	967
59	898
798	59
669	951
733	174
0	477
526	595
870	271
149	951
151	475
0	968
733	317
0	417
0	913
317	179
890	1019
0	570
0	1019
127	986
630	597
123	135
677	857
630	898
870	805
317	899
870	723
669	237
749	818
634	484
0	0
800	805
123	951
925	289
17	987
285	951
46	578
290	237
151	29
947	30
317	555
237	951
0	123
644	361
947	425
317	270
317	748
951	869
246	604
167	246
46	329
890	270
870	467
934	546
934	765
500	951
0	317
721	951
151	933
242	173
790	123
986	1019
986	898
395	851
986	578
317	360
889	271
329	873
475	158
590	668
454	777
0	677
590	725
0	151
590	869
824	270
0	338
552	765
138	595
123	826
951	805
634	237
634	951
634	105
395	806
677	145
870	15
317	796
55	659
445	840
790	669
669	660
644	475
634	61
23	923
677	851
79	398
475	866
733	826
818	986
237	881
806	477
360	201
758	854
762	453
999	677
986	475
0	174
237	493
870	824
0	898
374	298
0	544
514	979
597	298
190	379
169	992
419	765
61	590
733	317
818	67
123	659
719	65
509	79
317	749
0	870
559	40
796	69
246	809
928	266
328	435
139	270
0	229
317	677
432	329
0	0
381	851
900	725
951	338
677	294
677	824
0	973
0	973
395	362
190	513
709	1011
934	69
61	902
677	604
597	228
500	270
689	668
870	915
0	475
0	360
593	696
349	14
445	194
796	475
540	540
733	270
426	933
788	933
270	118
317	920
669	744
677	158
806	411
360	555
381	302
1000	968
677	237
381	360
0	62
540	568
0	416
489	951
986	590
632	84
870	725
0	570
616	951
61	1019
500	456
0	416
790	783
859	315
61	338
733	630
0	317
540	61
818	121
213	954
420	865
424	300
850	677
634	360
796	344
677	53
435	338
87	237
317	630
840	668
698	158
317	79
0	749
157	411
0	934
190	540
317	552
412	769
954	123
0	1005
634	590
788	298
733	838
954	898
493	449
578	1011
273	512
174	121
934	484
818	360
669	445
59	228
634	673
587	165
890	153
548	578
842	805
127	119
0	475
317	951
999	270
870	123
123	59
114	597
540	947
913	246
475	680
0	123
669	883
167	67
157	668
435	493
158	871
246	201
445	570
698	883
762	250
702	705
733	3
630	788
954	1019
0	951
733	934
634	426
938	832
0	1000
540	123
989	352
840	475
190	659
590	1011
30	251
540	237
123	201
634	169
540	118
870	883
796	954
749	986
445	947
237	657
110	951
634	805
570	915
246	512
246	493
317	544
806	250
604	118
597	854
790	118
226	374
986	887
486	719
669	222
317	630
870	142
689	976
705	595
806	237
870	475
570	493
1019	513
237	590
733	634
861	99
767	95
179	29
127	600
540	75
285	883
742	544
759	893
500	951
127	555
0	513
526	883
0	420
0	805
475	951
796	748
399	759
634	677
634	237
279	659
0	29
578	246
677	502
934	788
951	969
770	774
317	427
818	513
677	854
0	1014
360	250
733	870
133	951
870	634
818	748
338	142
66	961
254	796
540	475
670	565
0	79
123	119
986	315
540	237
279	500
590	436
0	246
540	779
246	642
540	979
10	619
986	951
477	329
399	79
783	398
381	644
0	59
157	895
317	277
644	103
0	475
967	338
634	951
733	570
630	861
890	201
237	493
0	237
489	670
59	854
677	578
0	999
870	712
578	59
634	659
677	951
0	237
580	578
395	237
185	475
435	843
59	826
475	883
395	748
477	237
79	546
119	489
0	951
59	552
329	543
669	118
0	934
317	954
570	118
395	631
790	493
677	832
677	986
870	317
590	29
119	289
546	929
790	805
475	951
870	100
870	237
0	169
290	79
705	668
79	344
475	352
61	338
0	920
475	59
317	869
457	659
986	633
806	853
87	270
0	0
273	118
951	597
634	1019
246	308
986	986
968	544
317	955
0	270
420	748
389	961
29	951
954	971
381	79
317	35
642	951
1005	641
634	489
951	995
677	760
597	270
634	677
524	298
0	329
733	475
475	588
237	873
669	513
999	712
0	748
66	951
870	317
118	480
790	654
246	289
870	15
620	890
796	173
381	719
237	782
0	412
123	907
806	597
0	360
237	67
657	403
141	99
0	389
445	986
851	158
840	483
634	493
840	398
580	1004
317	859
910	413
179	552
34	532
115	917
890	898
999	890
1019	362
0	317
634	973
790	873
540	441
237	257
238	71
328	123
420	237
500	338
733	840
0	733
669	677
11	784
0	721
677	158
806	994
317	27
317	15
749	698
961	506
158	480
0	986
616	259
883	748
0	75
190	640
0	796
0	910
570	59
1000	238
633	840
123	323
0	279
254	982
0	71
0	395
540	677
973	111
0	859
103	741
796	961
395	840
0	349
628	693
986	570
851	513
475	597
540	338
127	986
0	426
161	475
870	968
540	237
796	979
149	158
870	362
285	936
540	75
870	540
0	190
762	413
850	1000
0	179
499	808
934	144
733	302
238	696
435	1
0	244
986	590
0	118
889	398
870	149
870	951
282	854
0	317
67	597
123	118
719	613
890	276
532	118
634	237
242	986
733	540
796	80
644	565
559	560
870	1
0	300
890	528
477	308
870	805
790	329
870	979
0	898
876	105
634	799
103	527
899	119
381	61
859	118
870	157
977	157
488	398
540	570
185	246
317	270
475	748
0	1013
733	951
445	461
242	212
1016	987
677	338
179	29
634	564
169	1004
302	883
634	270
0	951
762	732
951	826
677	967
733	600
540	237
0	832
604	748
883	951
986	437
796	600
7	256
546	467
999	475
29	854
795	951
270	826
689	953
213	61
395	796
721	135
317	540
540	889
0	710
749	412
527	43
870	779
488	221
0	824
61	883
634	597
381	630
634	206
334	475
961	207
360	570
999	220
95	915
475	951
488	61
870	145
540	338
475	298
317	634
677	597
733	951
411	250
540	954
686	475
991	932
0	546
954	206
79	502
360	334
0	518
532	532
540	158
782	246
870	986
936	883
986	105
725	118
578	229
0	509
796	276
0	462
951	196
29	913
360	1000
870	1000
279	758
190	157
317	1000
0	55
317	565
934	420
0	578
721	659
733	1019
916	84
516	265
934	40
179	951
739	826
477	654
898	493
0	0
0	669
925	30
910	475
0	477
526	1019
540	578
840	1019
925	661
29	642
237	526
317	477
412	707
570	707
237	298
395	973
669	82
338	502
634	360
445	237
540	445
0	237
477	413
0	29
1017	41
986	530
986	641
349	282
540	123
151	467
103	46
540	164
0	570
977	610
721	732
360	469
0	118
322	748
435	414
634	514
277	338
329	869
395	677
634	889
165	687
977	840
1017	475
733	619
999	613
0	828
552	435
0	872
920	120
138	300
644	298
0	934
677	29
237	226
61	659
870	489
677	306
630	79
500	909
149	822
114	187
317	59
733	954
798	154
977	574
986	103
167	668
677	987
359	805
677	59
986	158
179	951
1018	237
127	76
677	907
55	350
677	467
870	372
279	270
138	259
46	475
169	661
0	808
977	1021
475	270
317	934
559	840
818	462
796	672
237	512
733	986
677	986
285	654
317	254
634	600
748	659
890	910
285	343
317	486
237	951
190	398
590	725
1000	597
61	95
934	954
169	826
0	568
381	812
0	588
796	910
285	668
883	493
634	528
870	250
174	1004
200	942
934	237
986	995
500	613
271	338
713	955
986	427
484	552
634	677
870	582
870	796
540	29
951	841
540	934
317	681
0	359
412	883
870	540
169	457
762	597
986	475
395	613
507	951
986	951
237	578
157	833
360	954
488	228
477	986
890	238
0	890
317	732
749	118
0	552
1005	796
0	840
934	866
0	115
540	174
1000	457
0	973
0	298
719	513
986	270
359	865
0	190
395	285
201	493
677	83
733	149
634	338
0	733
580	457
812	92
445	298
954	59
907	887
721	541
0	840
475	951
169	951
634	103
721	920
733	285
317	475
709	238
488	1011
381	570
67	659
796	194
851	978
285	659
850	226
456	201
788	338
677	953
500	932
237	14
0	0
758	187
246	329
509	59
403	321
834	59
580	578
954	95
317	317
733	409
540	604
644	329
890	1000
0	237
934	242
61	644
34	513
661	544
986	14
597	971
279	475
870	66
818	149
986	986
733	190
540	942
733	273
677	933
954	1000
0	733
237	826
733	174
0	42
317	513
870	61
999	933
954	915
870	328
67	118
317	328
733	206
174	403
600	486
1018	118
689	154
145	467
475	59
0	237
622	1019
578	1019
477	246
523	696
659	513
237	546
604	452
677	628
477	222
329	441
0	154
749	290
925	93
445	489
889	475
986	707
677	475
0	977
634	488
1004	951
986	79
322	910
790	692
870	1000
0	413
174	532
689	613
445	986
0	540
0	402
297	597
488	250
749	824
317	29
890	951
475	30
426	986
59	338
749	668
870	544
173	282
317	790
395	412
317	707
0	735
270	466
499	257
142	780
139	818
818	67
254	69
61	981
0	493
123	959
733	986
0	424
0	1019
801	441
0	105
389	805
733	950
0	872
749	30
0	669
954	604
634	270
677	59
273	435
15	164
119	857
0	967
0	634
951	441
705	642
986	338
0	212
282	951
749	805
237	874
540	328
540	559
254	79
237	565
929	430
59	973
733	344
602	1019
762	420
669	475
61	285
540	920
158	216
190	467
765	891
242	780
733	732
702	883
302	270
420	779
475	693
237	597
934	533
664	237
381	721
951	467
986	696
381	819
0	190
999	317
237	273
540	270
477	228
733	951
329	78
0	597
804	441
748	661
677	989
951	513
951	894
119	642
0	344
790	712
285	420
977	986
79	883
870	999
870	1018
840	79
0	123
0	237
395	61
237	310
749	828
161	696
910	951
600	14
633	91
0	712
840	951
870	317
570	181
800	833
445	75
352	659
0	83
0	805
0	362
634	75
340	851
940	951
127	854
834	788
796	748
570	79
870	489
870	725
1000	697
389	427
600	578
395	718
329	725
285	526
986	721
0	41
0	644
999	572
0	954
0	934
395	669
500	79
934	348
290	282
762	689
634	883
805	659
733	840
840	833
0	381
540	889
698	875
123	185
30	164
403	493
578	374
951	146
677	796
620	578
634	659
733	441
317	986
824	402
29	532
677	475
870	466
190	344
934	315
475	473
597	696
386	500
818	237
870	951
500	630
986	329
677	59
986	552
748	270
634	822
0	582
420	229
475	933
883	59
349	532
677	677
461	182
151	854
634	748
899	883
445	475
580	986
669	796
559	590
634	540
0	95
0	372
302	298
528	600
634	721
302	59
634	328
0	285
733	840
890	179
600	384
992	320
524	555
87	360
870	805
986	622
1000	269
246	99
790	256
0	131
477	617
360	467
360	65
186	493
381	95
733	659
359	687
801	544
0	613
59	979
818	530
0	749
630	622
870	698
0	951
0	910
983	14
0	954
395	1009
634	661
246	199
445	149
95	613
977	84
806	951
420	1011
634	780
509	886
246	765
812	270
540	540
870	915
744	336
30	210
484	270
913	910
796	992
677	404
420	951
477	696
578	220
870	317
590	910
749	890
806	748
870	169
509	449
890	231
540	725
698	435
634	817
477	796
0	346
870	317
0	254
118	757
540	953
840	475
317	420
0	360
61	325
412	475
0	242
237	475
1018	250
420	898
1000	933
500	951
954	527
788	344
79	851
855	748
167	719
317	493
999	282
0	33
762	738
169	951
600	59
398	993
514	512
0	613
190	850
317	818
0	788
477	246
228	723
749	1000
329	712
999	381
158	765
0	420
590	441
733	934
627	597
999	194
850	158
733	659
61	374
0	237
0	870
634	951
806	851
546	344
733	29
870	445
103	744
540	270
0	920
669	721
870	687
0	204
634	652
79	631
790	263
242	744
733	986
540	59
762	59
733	986
237	551
0	477
40	642
570	1011
360	237
190	11
630	201
916	118
528	955
237	169
870	808
477	105
381	748
0	951
659	659
954	887
954	164
634	1011
796	816
59	212
237	475
840	527
590	169
850	769
744	833
748	631
290	509
733	712
221	951
1004	41
285	79
317	457
0	457
328	420
733	634
174	149
151	948
399	742
808	402
317	246
748	619
870	59
0	779
733	540
383	672
790	273
1018	315
677	705
477	105
475	748
634	135
1000	270
0	634
546	893
528	250
749	493
590	799
986	854
379	541
870	329
0	237
790	1000
953	59
119	187
733	986
631	861
578	176
806	900
889	199
934	237
986	119
456	274
302	257
185	435
999	634
540	616
669	300
509	507
270	330
0	796
381	256
986	338
317	387
75	721
733	334
690	951
0	779
540	413
578	789
999	721
0	246
986	967
79	978
986	165
477	597
806	158
806	840
514	562
0	524
824	475
279	483
870	43
616	613
669	986
1004	805
526	493
271	441
475	513
748	84
749	528
500	924
910	201
857	530
190	299
819	493
475	493
812	828
279	986
634	719
634	55
381	185
61	954
322	687
349	475
870	246
634	61
0	840
509	590
698	539
951	1019
540	352
634	528
883	933
570	142
222	460
412	270
749	947
317	680
721	489
0	570
818	475
79	915
540	441
634	677
127	169
698	222
59	222
0	514
986	659
270	289
169	887
0	733
806	466
762	75
758	826
381	854
920	955
435	659
540	573
540	580
317	29
634	338
951	233
870	254
540	784
744	435
87	740
559	565
190	360
977	925
818	402
11	237
317	473
999	67
0	854
620	493
317	669
749	677
657	457
890	951
500	123
29	259
103	570
127	795
317	222
0	500
29	246
381	711
0	907
0	999
151	826
174	237
317	659
951	30
634	659
870	846
285	435
0	425
174	206
372	237
890	149
509	712
790	135
435	1013
500	250
526	854
0	805
500	590
55	246
1018	986
0	500
540	169
654	250
34	398
118	118
29	475
784	398
237	917
0	0
634	796
285	419
169	732
329	493
372	916
0	865
999	749
279	329
634	114
578	169
986	437
169	435
21	951
986	630
0	242
954	118
246	833
634	681
103	779
237	59
721	169
29	740
349	779
782	1019
317	82
0	79
986	713
445	840
762	951
89	135
870	540
668	289
883	951
818	237
475	118
951	270
38	942
0	582
870	252
546	481
139	306
582	1019
951	673
590	329
782	595
748	118
870	677
669	11
456	237
169	327
222	739
890	315
951	344
925	866
798	371
644	179
733	237
0	796
796	237
986	559
119	565
237	951
689	359
686	493
986	448
240	183
29	441
0	17
139	934
0	728
67	201
870	806
977	169
718	518
317	986
194	237
540	348
0	733
0	475
733	381
477	169
127	698
403	673
634	475
630	512
139	252
360	59
103	690
824	338
29	627
689	661
677	41
870	477
0	812
59	719
954	1019
0	237
317	540
808	951
870	986
790	951
790	641
0	806
445	664
475	483
540	818
986	61
578	338
0	389
151	597
386	359
677	328
870	250
426	158
265	270
1011	270
1005	59
779	384
709	169
0	543
540	322
0	544
103	398
420	788
59	118
302	979
412	329
677	338
0	668
733	141
190	95
273	389
489	186
986	740
762	712
728	35
934	475
733	721
634	194
79	617
139	953
237	523
0	634
806	514
1000	779
1017	435
634	403
381	669
634	790
899	723
540	123
986	951
0	634
412	475
818	744
677	578
0	119
733	61
0	812
883	1015
590	246
0	334
237	838
0	733
194	552
23	238
246	565
477	785
733	475
761	320
0	75
477	834
477	915
237	619
917	805
221	590
317	285
317	851
707	435
934	340
999	475
514	338
149	493
634	237
395	589
677	95
925	270
484	169
634	826
273	334
796	210
999	890
0	0
733	732
475	260
379	118
870	822
0	933
540	1003
139	934
604	951
420	840
453	142
110	493
668	199
0	329
0	29
986	61
677	475
412	315
445	477
1005	389
445	237
870	570
783	222
395	644
0	677
986	915
334	338
796	698
677	986
850	744
317	413
0	435
270	204
123	270
0	61
412	992
934	473
143	186
0	985
237	602
818	159
616	169
0	0
395	372
546	696
916	324
67	118
395	677
713	748
890	15
75	349
338	948
749	46
489	951
762	218
986	544
237	425
540	570
644	237
1005	61
0	0
55	1018
329	597
457	951
489	343
0	1018
273	59
886	915
317	7
169	374
733	604
634	493
526	1013
0	67
329	1003
657	748
279	707
420	657
890	986
1011	725
733	979
634	677
890	237
0	158
840	206
669	200
986	546
317	719
0	364
381	661
504	425
7	192
0	762
29	276
441	691
972	951
475	481
360	270
870	634
0	799
167	805
164	42
258	721
733	934
0	578
593	951
477	578
190	500
724	201
186	118
870	796
0	201
721	550
677	494
0	805
986	118
742	805
657	698
352	199
477	435
934	851
123	533
242	659
360	713
870	659
661	933
705	725
317	951
634	477
477	986
733	707
237	837
712	438
818	164
0	389
360	668
749	389
677	360
15	881
679	435
870	270
59	329
0	82
516	506
118	979
870	334
540	237
644	612
986	613
133	805
475	613
796	986
61	475
0	951
477	251
840	467
728	748
349	872
540	29
818	79
409	338
951	530
818	460
661	230
329	597
719	158
317	986
677	194
870	123
317	79
426	951
242	289
634	87
986	947
883	659
578	398
733	979
317	349
372	149
0	934
870	739
157	389
0	761
493	493
889	330
0	669
0	246
426	118
889	21
977	796
950	1011
237	1014
540	916
237	435
840	560
0	570
973	485
0	733
413	7
0	951
445	681
123	546
779	748
634	222
59	59
290	915
677	951
1000	843
890	898
968	578
445	105
489	441
999	951
1000	427
317	854
317	119
540	951
0	622
818	169
1018	767
540	677
0	733
818	237
570	338
317	954
986	420
509	204
328	167
532	435
317	719
540	532
870	590
749	61
237	951
544	20
349	840
698	712
870	790
432	449
23	526
500	123
733	790
578	111
696	284
580	951
559	50
17	951
954	220
851	416
733	79
973	917
733	30
270	513
123	210
925	883
424	951
951	244
254	951
790	524
733	741
0	696
61	285
677	413
540	105
790	883
540	949
818	484
883	169
359	475
796	194
570	544
317	279
634	951
749	464
870	1004
21	435
450	680
317	277
883	546
0	475
306	336
597	693
456	721
242	986
951	33
0	475
0	940
733	811
728	650
127	950
870	169
790	500
317	256
552	725
371	118
540	642
526	947
890	987
0	1004
273	740
870	600
361	158
677	360
578	338
0	833
634	419
986	469
0	597
657	530
540	798
986	659
0	237
890	237
237	419
