375	494
369	74
407	243
323	226
323	308
368	45
368	476
110	494
391	98
336	224
321	345
391	100
391	358
320	494
121	510
97	126
373	472
391	373
267	436
97	100
391	107
404	136
40	183
391	99
219	202
471	494
74	223
391	450
372	411
100	413
407	412
407	453
391	74
458	286
329	48
98	100
328	336
100	422
100	269
369	110
219	508
126	26
114	212
388	134
388	489
389	410
410	466
391	391
369	204
349	269
369	123
372	17
375	23
373	254
391	342
412	483
110	451
371	323
391	451
58	256
115	120
451	248
337	126
111	54
329	212
404	415
371	72
212	52
373	88
391	283
391	69
329	90
369	484
328	308
391	411
110	323
98	328
326	242
407	267
404	453
107	369
219	153
404	445
107	412
479	61
369	407
107	451
328	348
212	2
388	74
391	450
375	45
269	266
107	486
110	69
472	450
405	78
368	404
466	269
391	119
111	375
337	266
375	457
369	334
391	21
369	473
327	256
450	214
339	74
391	120
407	400
370	255
391	407
369	329
391	110
368	323
107	408
466	45
82	183
100	320
400	72
415	416
331	147
486	193
331	475
345	185
110	374
240	13
99	342
368	107
110	100
110	204
332	499
369	287
368	219
110	451
412	494
212	23
410	255
391	375
391	483
121	453
98	295
107	483
391	369
375	266
391	119
74	44
224	269
74	224
473	450
110	110
328	90
375	44
460	223
466	289
368	85
405	269
368	72
101	266
391	85
64	25
410	454
388	369
460	148
326	494
369	283
89	300
339	219
119	217
401	209
227	250
323	185
466	508
391	102
331	142
466	306
101	224
368	97
407	85
108	429
391	259
219	61
391	368
369	466
368	389
368	121
389	40
375	204
80	272
472	85
368	407
327	149
391	150
102	328
451	269
121	451
82	266
370	209
267	259
120	151
388	369
45	253
100	40
370	67
74	45
110	422
451	44
89	426
368	45
412	74
407	320
412	451
85	23
479	466
48	226
388	327
349	224
110	72
369	478
405	404
405	504
369	292
212	222
100	334
391	391
99	280
405	466
391	120
110	308
410	74
74	217
391	259
89	219
74	85
389	473
451	230
372	89
404	277
391	45
401	147
464	40
95	494
391	326
110	256
333	266
282	292
328	494
333	450
391	431
226	259
98	501
391	489
326	422
405	375
209	261
389	451
368	27
74	72
96	256
126	308
369	269
97	451
389	323
391	368
83	269
99	472
374	44
74	450
323	419
69	74
464	45
323	256
100	479
388	349
411	350
391	186
61	254
391	226
323	42
100	74
391	99
391	412
404	126
371	256
375	494
259	12
74	453
100	203
323	88
464	46
99	119
100	242
368	74
391	47
391	111
100	132
391	368
479	261
99	408
465	261
453	245
74	308
391	224
269	189
107	466
391	369
389	100
323	219
472	420
391	45
328	40
403	408
98	280
33	148
100	74
389	110
107	369
285	299
209	287
327	486
126	74
410	74
368	126
494	269
98	451
100	479
401	269
107	412
110	121
368	369
224	224
448	44
329	328
388	259
391	369
410	250
388	321
471	448
389	308
391	328
328	323
391	111
99	410
107	87
391	472
391	409
334	451
224	269
221	286
466	228
466	213
323	220
94	45
391	98
466	277
405	328
391	466
369	329
68	269
458	480
73	212
206	267
328	261
391	111
336	131
391	479
107	369
111	305
388	375
368	74
391	391
391	100
391	286
368	107
100	256
98	224
212	492
375	240
404	44
111	308
404	46
107	100
375	120
411	212
391	238
483	23
339	450
412	73
368	479
391	54
100	20
400	451
111	406
107	349
391	412
391	480
409	23
368	88
368	111
391	368
486	150
336	281
473	209
411	243
407	74
410	131
375	74
369	471
375	332
411	479
266	437
369	428
107	142
323	437
107	323
368	261
97	469
368	43
370	452
69	42
121	219
487	287
414	269
107	23
391	369
121	450
373	498
391	100
391	242
107	110
368	494
99	131
369	292
90	508
391	119
107	308
391	132
391	100
483	224
107	484
389	123
412	500
369	448
107	118
389	375
369	245
40	8
479	209
391	64
368	54
401	209
391	100
369	224
339	451
369	260
479	222
107	224
265	151
391	407
368	224
323	209
369	209
110	219
323	13
368	404
320	448
74	453
111	401
391	473
224	266
450	48
494	150
368	204
98	494
407	411
323	44
332	74
375	62
224	253
391	450
110	453
107	339
209	354
23	318
369	224
107	54
115	323
391	117
400	334
391	486
372	373
64	308
391	40
369	23
368	74
110	29
391	107
323	269
107	369
375	407
209	219
370	400
369	40
107	212
370	219
368	462
369	74
100	213
391	121
118	95
391	323
369	326
375	67
414	224
389	120
479	448
107	409
494	45
375	99
414	450
107	289
391	451
222	142
391	368
391	391
464	344
111	488
391	333
369	405
323	250
391	405
411	2
391	256
411	250
405	321
110	323
323	73
120	224
120	240
323	74
375	132
111	434
200	157
369	342
121	308
348	266
107	110
471	46
99	74
120	336
44	3
107	267
100	131
245	308
332	100
288	439
100	132
107	121
332	470
127	82
74	254
107	249
466	426
326	308
100	242
100	342
107	74
100	323
479	429
391	303
391	121
107	77
375	23
411	450
391	375
375	334
408	466
368	121
98	45
409	484
401	334
224	147
209	264
269	359
368	370
74	266
369	108
234	256
326	479
110	254
110	407
373	255
126	224
391	99
491	167
322	74
391	361
456	483
323	147
110	59
110	298
110	245
126	466
404	185
391	375
391	368
369	369
448	44
44	44
368	120
388	342
503	289
391	121
110	23
107	260
323	451
110	237
107	74
391	455
323	54
85	267
404	130
391	320
391	248
369	401
79	212
453	494
391	401
391	224
74	262
375	412
391	122
321	349
323	74
100	188
256	256
109	210
123	426
369	13
391	131
370	349
123	242
40	250
368	307
391	411
274	151
212	95
473	45
74	130
404	253
196	286
121	416
135	147
451	219
451	48
412	144
391	494
107	256
261	151
123	45
333	328
209	185
391	410
450	80
391	333
405	308
110	74
493	131
411	118
332	422
369	64
23	298
368	224
372	48
107	97
391	466
120	25
370	334
404	375
375	266
237	224
372	349
118	121
74	147
391	354
368	23
370	224
404	473
111	375
344	44
110	276
391	245
448	23
369	407
342	213
107	323
391	334
391	204
369	44
368	219
369	40
391	256
391	375
110	109
391	222
349	91
453	266
391	107
74	212
323	212
99	473
348	130
111	82
391	321
410	140
110	320
74	242
110	404
391	344
74	245
407	411
348	23
391	483
102	74
375	432
203	429
389	110
222	224
369	308
212	41
484	269
391	44
375	193
107	103
473	245
339	308
323	74
261	442
369	401
79	17
391	323
391	107
479	451
391	368
266	245
224	308
479	417
334	212
368	213
391	219
368	422
375	240
74	258
369	224
400	126
391	204
391	45
212	45
102	44
466	269
110	473
369	213
334	74
370	323
375	46
391	45
391	491
391	223
110	74
103	323
107	375
388	412
391	217
458	209
486	130
329	46
473	224
333	116
368	74
373	410
391	240
368	132
369	494
100	119
334	219
369	151
44	28
391	401
100	224
391	369
374	308
204	31
64	287
391	209
328	479
333	344
415	266
323	82
110	178
391	107
368	222
100	303
196	45
466	416
454	259
368	222
44	140
499	224
82	46
99	453
411	474
111	339
411	224
494	224
100	40
391	111
391	334
107	136
110	132
411	361
401	23
123	48
369	261
111	226
410	337
369	15
100	266
209	453
96	320
391	455
98	308
407	85
389	337
391	323
120	449
410	269
100	318
407	45
401	45
122	255
375	410
375	16
123	422
120	123
375	453
212	422
391	388
58	250
375	413
100	222
369	334
369	479
405	286
375	452
74	308
391	368
484	240
375	451
219	293
111	466
212	259
74	254
107	100
368	224
82	266
107	45
369	479
99	100
350	242
479	350
391	337
224	256
391	113
410	74
368	87
120	224
375	411
74	259
209	28
410	74
391	453
110	209
368	107
370	427
339	74
466	224
111	310
368	217
224	224
369	450
323	121
323	453
256	255
369	453
375	27
74	259
479	447
369	148
107	224
110	269
110	212
391	100
121	44
400	46
453	59
391	103
391	388
323	212
391	369
368	409
368	473
219	132
98	450
107	47
107	324
74	29
388	102
368	45
368	224
405	23
391	204
118	323
110	15
388	451
111	79
391	203
100	450
74	223
401	329
389	224
375	412
368	83
123	348
123	260
453	224
391	120
388	328
100	412
110	410
391	410
388	482
466	92
410	494
375	479
121	508
391	412
111	72
370	100
110	293
473	224
368	310
369	327
368	410
391	47
388	323
328	137
450	243
110	203
100	213
391	373
69	422
402	88
453	9
391	323
391	410
368	311
500	224
391	219
369	466
391	323
368	100
391	269
107	373
323	74
72	250
388	328
472	275
124	245
224	266
404	344
405	334
74	21
368	323
224	26
121	84
401	120
110	404
404	494
73	15
368	71
368	426
370	250
107	224
120	203
369	100
215	224
391	473
391	259
61	151
221	185
99	212
107	100
345	224
107	148
102	193
110	323
477	126
388	127
255	23
391	328
323	266
473	339
404	209
334	328
375	224
391	409
391	493
115	471
100	120
107	74
412	451
370	80
123	494
391	323
94	224
323	243
341	384
323	337
369	131
375	289
408	20
391	388
407	74
374	126
321	79
391	245
391	402
334	308
328	71
256	25
111	224
412	256
371	375
404	240
391	391
107	219
391	375
111	150
323	416
323	45
108	95
391	100
110	455
450	494
334	118
370	48
369	266
368	451
107	323
108	453
100	479
454	204
391	58
391	323
224	9
196	224
391	429
375	254
405	281
370	150
479	430
391	142
375	450
451	216
479	438
210	483
116	242
450	212
449	44
375	412
391	110
323	126
369	334
389	484
494	240
107	219
391	369
224	23
99	45
103	269
323	54
388	348
328	64
335	308
100	493
100	220
368	217
111	323
212	224
391	74
369	111
368	107
224	256
368	107
110	74
391	226
391	371
410	323
391	224
323	269
343	451
124	416
401	323
323	256
100	473
116	123
368	323
107	74
391	44
410	74
224	431
100	339
404	323
331	261
369	323
388	321
410	209
109	323
74	89
126	340
100	336
72	25
404	100
404	411
67	282
100	323
74	483
107	330
391	100
391	54
107	224
389	389
323	263
391	323
110	47
369	40
410	224
110	118
404	260
391	409
339	453
108	419
342	209
391	226
323	450
328	344
407	99
368	266
391	367
368	477
414	337
369	186
370	123
107	72
100	417
391	259
342	483
100	23
389	224
369	375
473	466
451	147
389	349
320	131
375	438
64	77
107	466
370	240
315	308
219	42
389	374
100	222
451	429
256	25
368	45
120	29
243	256
391	391
98	457
44	427
234	130
375	473
389	131
457	23
391	401
407	61
372	121
404	16
405	224
374	222
453	492
96	40
100	85
337	183
391	326
348	416
389	44
212	217
368	25
391	266
391	332
328	489
391	111
100	245
466	28
391	114
391	337
410	494
373	411
256	256
391	373
407	266
368	152
391	369
327	240
224	132
107	101
328	132
391	226
121	470
391	98
369	323
375	256
121	308
391	40
391	407
368	369
368	127
322	450
404	401
391	110
369	409
388	275
72	224
368	369
110	323
121	147
484	20
115	74
368	28
461	267
308	359
391	308
269	151
107	224
74	224
472	95
126	466
209	253
368	73
45	274
389	494
391	321
107	222
334	3
391	23
391	404
323	254
110	240
391	150
391	212
368	61
107	332
100	409
391	369
107	23
473	471
391	100
69	450
219	23
45	266
266	130
114	323
107	474
29	147
329	151
120	80
375	411
69	266
110	308
388	407
99	212
114	471
415	77
121	321
391	126
391	195
391	328
334	74
323	216
107	266
110	74
407	20
97	100
406	354
473	451
412	40
391	266
212	46
410	243
407	212
323	219
40	286
333	212
107	373
201	17
368	212
405	401
407	453
328	321
222	286
375	142
111	371
118	486
391	227
391	212
110	266
411	201
389	310
405	379
73	224
100	120
453	256
342	74
391	83
126	266
369	266
391	110
99	450
404	409
401	448
391	116
100	262
401	256
54	44
121	256
118	308
123	132
99	287
391	375
118	308
219	23
472	44
479	448
368	132
224	267
98	102
391	369
402	209
224	162
370	72
344	51
391	454
391	368
224	266
391	85
73	150
245	258
375	123
389	100
453	148
369	479
120	450
111	224
400	336
107	224
391	370
391	323
368	372
477	45
100	209
107	438
74	227
391	61
326	348
391	224
466	509
491	45
405	407
321	503
474	429
391	242
391	374
471	209
111	463
466	44
196	494
25	287
391	407
334	323
110	242
370	256
107	405
438	435
126	348
98	473
405	64
334	308
368	331
266	23
107	74
44	23
412	224
100	323
403	238
23	150
100	334
391	12
410	74
107	212
391	473
375	334
107	466
107	257
323	123
43	189
407	204
100	266
110	126
107	365
391	23
494	302
117	260
494	416
219	308
323	74
328	269
99	466
110	452
375	473
324	323
107	85
370	334
407	21
389	450
409	245
391	412
110	403
370	121
369	303
368	368
74	212
391	451
401	44
450	45
369	74
476	150
107	336
116	450
320	74
481	224
479	67
126	149
375	48
391	368
107	479
374	311
405	172
479	308
368	78
85	417
100	470
235	256
100	250
85	40
69	418
391	323
391	469
374	407
126	510
479	449
389	121
404	466
479	245
100	269
407	212
209	83
411	64
323	224
120	482
46	250
111	121
494	257
479	82
391	321
488	224
450	224
412	320
368	389
375	372
368	334
388	407
100	336
108	330
100	72
369	73
69	435
74	224
107	44
391	224
125	224
74	224
369	494
500	243
323	302
100	212
391	473
370	429
391	83
454	289
321	256
409	277
389	333
391	209
404	479
391	372
488	29
391	158
245	422
391	404
391	369
407	422
107	224
74	15
121	285
334	224
44	255
333	256
269	141
321	197
44	185
323	472
401	240
411	342
404	74
407	422
111	466
391	473
74	212
451	448
368	256
369	334
368	405
111	123
405	308
391	479
212	281
400	224
368	74
120	219
375	224
107	373
391	411
391	368
97	479
88	224
331	320
110	258
100	28
120	469
99	465
370	44
126	74
374	472
391	475
212	45
391	112
224	269
391	139
391	329
405	393
391	44
111	199
74	224
488	224
107	401
484	266
368	98
494	224
391	40
100	212
99	2
74	256
110	256
110	406
328	23
473	473
335	237
96	466
391	323
410	323
107	85
375	217
332	451
405	407
400	64
375	240
100	102
375	224
391	463
107	401
391	369
479	85
391	267
219	245
329	427
107	47
334	473
391	122
391	89
369	219
462	416
368	450
107	177
100	339
118	269
107	212
100	219
98	401
368	326
368	369
103	494
126	274
99	492
404	74
85	308
369	409
110	323
237	224
107	100
45	1
391	69
110	23
99	199
391	97
323	48
369	369
132	12
472	471
323	448
109	342
369	115
100	337
369	147
368	484
100	234
410	480
334	470
100	328
126	493
369	269
18	142
368	348
323	212
111	44
391	107
108	89
479	74
111	323
391	116
372	224
110	328
391	101
107	119
321	209
391	107
391	116
391	405
98	74
388	211
391	13
369	324
88	132
192	130
412	40
369	28
107	405
391	74
107	79
110	410
107	187
64	44
370	82
329	124
389	74
391	107
391	77
121	256
79	142
99	85
391	107
407	121
107	409
391	126
107	508
375	448
100	238
413	473
368	78
473	73
114	142
100	349
267	315
99	85
369	118
74	212
110	266
375	132
98	266
107	125
391	110
109	40
391	361
121	245
368	375
69	185
368	83
391	209
391	482
369	410
391	202
406	223
391	320
368	256
368	107
122	224
202	9
126	219
371	375
391	245
69	451
101	258
391	289
100	49
369	332
224	240
90	178
473	74
120	147
453	157
111	74
125	202
405	269
110	224
368	342
228	147
414	120
369	323
391	369
465	353
327	216
370	407
335	118
412	473
391	308
389	215
256	308
412	426
375	98
451	88
391	111
223	42
391	27
391	323
348	429
107	401
391	331
470	224
224	20
388	334
110	100
473	417
389	410
391	131
97	411
391	494
368	224
323	250
334	74
74	250
389	410
374	255
107	45
96	450
323	456
368	44
219	43
401	269
470	256
391	224
97	126
473	450
61	136
450	487
391	388
369	407
132	142
212	16
199	416
391	323
74	212
464	224
107	49
111	120
375	202
107	369
391	85
323	40
329	12
100	410
323	78
368	479
391	369
349	142
391	391
391	216
499	285
209	136
401	451
256	15
450	442
107	470
321	74
224	142
121	450
391	108
110	122
107	111
391	224
391	114
74	450
111	328
479	124
368	28
473	66
369	337
375	323
405	429
107	125
370	400
412	458
45	131
100	287
389	40
242	245
388	110
110	375
269	261
64	259
479	342
110	375
323	125
334	48
369	375
110	99
213	243
391	306
218	147
391	185
336	422
100	222
328	323
375	407
368	17
412	130
370	54
391	323
375	224
391	199
107	212
451	185
328	311
405	123
411	147
107	237
368	371
107	389
124	74
97	320
323	256
391	451
103	465
405	494
368	266
448	90
110	494
332	253
334	328
370	374
74	83
391	369
401	251
391	308
214	48
98	89
203	275
373	237
67	45
89	224
473	451
391	46
46	23
391	391
391	227
391	100
336	50
258	429
203	426
100	44
204	256
126	494
473	432
111	23
369	100
79	95
391	326
212	503
107	185
126	48
61	256
391	389
107	255
368	416
107	321
372	74
391	368
479	224
258	142
391	391
404	79
388	222
334	40
323	494
391	344
107	118
334	285
68	87
224	12
203	302
100	327
391	504
401	453
209	48
404	401
494	308
88	90
334	451
110	100
99	339
69	245
107	118
391	44
111	466
99	448
369	334
391	100
111	371
368	40
369	15
479	417
389	64
509	238
334	120
375	209
111	494
391	107
391	388
224	308
224	256
391	74
391	323
23	8
323	74
391	103
90	42
391	30
336	40
369	308
391	451
121	396
97	426
256	20
391	109
74	60
391	74
74	260
99	334
201	361
405	43
107	45
323	82
116	192
391	107
100	181
323	490
40	28
391	269
74	393
98	224
100	259
473	61
321	64
405	264
336	254
451	266
410	142
111	412
411	323
453	147
199	40
336	6
391	100
405	224
391	120
369	29
391	224
100	412
107	410
368	99
348	224
479	40
85	436
25	360
46	136
237	44
391	121
99	453
391	475
334	462
391	332
107	243
110	224
391	391
391	339
391	494
323	504
494	256
110	473
453	203
69	269
96	224
45	422
209	44
348	453
391	458
286	20
370	7
74	224
389	79
335	74
391	110
325	451
479	242
84	44
209	186
453	45
409	472
74	450
391	323
391	110
371	61
405	219
121	219
368	269
391	254
368	118
412	323
375	323
479	429
95	242
369	451
69	20
369	375
323	361
323	194
466	132
100	463
100	223
85	224
320	130
391	110
405	108
391	323
107	102
369	204
69	224
371	69
100	80
404	45
337	74
391	323
389	100
369	72
111	494
330	209
487	23
110	151
391	110
391	116
107	204
453	193
368	344
411	310
74	261
111	74
107	202
410	23
405	321
100	327
494	44
100	367
402	326
451	308
323	212
74	137
375	479
410	256
369	323
120	44
107	342
391	123
368	250
126	361
73	287
110	100
369	175
100	95
389	95
100	125
222	300
375	411
391	494
391	473
323	308
100	422
374	375
412	344
391	407
100	410
333	61
391	110
368	97
348	212
472	510
368	462
375	472
269	240
329	266
391	107
107	107
223	204
85	242
391	1
224	25
74	85
472	73
369	48
110	245
391	332
126	494
74	267
110	323
405	227
344	266
470	66
111	213
391	368
74	247
375	334
391	74
336	354
404	451
369	334
202	206
391	407
391	209
402	123
411	226
404	100
116	32
334	26
121	473
328	118
98	239
121	212
370	45
375	83
224	269
409	23
103	413
100	328
388	308
407	408
216	494
323	427
274	158
111	224
388	12
224	40
368	107
479	69
391	308
126	281
458	20
336	72
121	266
391	302
494	424
74	45
69	147
368	388
410	61
332	219
8	150
201	128
404	315
213	308
369	256
375	224
391	48
484	46
400	100
474	219
391	85
44	250
374	373
369	111
368	116
391	388
391	391
391	64
329	323
368	85
110	100
25	282
107	375
411	204
473	95
401	182
391	121
334	90
107	212
411	450
100	212
323	212
368	310
110	412
368	494
348	131
391	185
369	127
391	219
410	240
452	219
107	103
391	82
391	471
89	48
126	212
209	224
369	118
329	484
116	226
369	87
391	368
120	44
405	40
323	321
369	323
452	219
100	214
391	287
410	323
115	224
401	186
100	223
391	212
374	504
237	256
391	204
370	361
9	422
107	100
333	323
74	74
404	254
332	85
483	421
116	484
213	266
68	44
391	253
74	448
100	343
114	224
349	508
74	223
391	422
224	396
108	137
74	72
375	502
391	74
48	240
370	115
327	40
368	44
391	416
411	489
375	473
391	83
323	224
410	453
74	85
368	412
74	177
411	224
375	323
107	437
323	212
100	183
391	448
375	266
450	448
411	226
391	466
110	472
391	369
401	343
389	209
469	266
375	29
391	120
391	295
389	224
473	158
375	263
107	412
64	240
99	323
453	147
98	466
344	74
95	178
323	54
204	44
375	348
479	74
391	110
391	293
2	435
391	332
391	391
370	404
206	224
110	202
320	321
334	197
348	277
404	45
100	334
342	74
405	325
100	74
327	354
74	256
375	410
452	137
111	110
391	100
107	473
99	328
100	217
410	313
391	342
375	100
375	74
74	203
479	11
126	74
110	56
107	412
334	245
368	326
407	242
110	289
224	44
44	46
64	202
340	212
116	23
126	243
97	348
375	473
224	148
479	256
102	308
368	74
391	458
401	224
391	319
391	292
391	354
388	427
391	69
100	323
391	54
368	110
223	250
368	97
99	410
484	234
375	212
411	344
100	100
119	74
54	285
479	308
100	74
388	494
334	499
404	334
402	74
74	199
368	29
473	44
54	139
332	328
107	15
323	45
375	254
391	253
411	48
111	142
126	256
260	429
368	414
368	336
110	83
375	224
368	328
391	368
391	368
391	323
451	17
368	182
100	78
323	479
110	427
99	323
412	469
107	49
407	432
391	375
411	44
373	27
401	23
375	224
110	23
391	109
405	375
72	185
100	334
245	28
334	25
391	111
323	251
494	224
411	119
389	412
369	90
391	178
334	272
479	224
391	472
401	204
111	185
99	247
368	372
407	401
507	269
473	220
391	98
369	242
375	323
391	368
391	40
323	29
370	185
466	426
368	334
391	391
369	328
405	224
100	220
391	308
391	369
370	98
323	64
391	203
391	334
389	5
375	274
405	411
328	450
110	263
110	89
410	263
391	209
110	475
412	339
328	451
391	368
334	285
389	483
74	186
111	473
110	450
44	240
368	89
391	453
100	44
374	226
391	369
391	108
120	472
111	71
391	224
407	100
368	162
99	415
448	259
391	88
375	131
74	151
126	224
74	482
74	203
370	81
98	100
100	10
391	100
107	260
74	40
64	224
323	451
391	370
453	427
389	348
405	79
391	369
44	17
334	308
110	224
337	455
473	494
375	126
391	148
328	120
368	344
369	307
107	404
323	45
391	369
391	107
344	185
369	369
369	412
369	224
107	437
224	131
218	150
407	450
269	6
450	46
111	86
411	248
391	411
410	261
274	282
368	454
391	224
414	45
391	453
368	107
323	74
389	209
391	78
388	224
470	219
119	492
401	323
375	219
391	479
391	396
388	339
199	147
391	48
34	245
391	224
391	282
71	185
222	178
476	9
337	270
410	120
320	141
375	323
391	107
328	23
323	185
368	323
107	328
110	323
320	364
323	219
409	67
391	375
388	234
410	74
323	255
269	8
486	6
369	74
339	262
375	128
121	453
375	119
323	308
119	323
391	449
107	219
54	224
110	74
391	412
391	209
391	375
86	23
326	20
321	74
504	224
111	412
224	147
466	267
400	256
74	40
471	204
107	119
389	152
237	240
126	74
219	240
368	323
411	344
401	483
407	472
100	150
375	409
23	361
368	209
323	223
472	63
107	201
473	488
411	419
405	224
391	336
466	344
375	412
107	410
328	269
222	266
110	373
110	23
212	130
110	212
323	451
404	121
391	410
466	139
328	463
74	267
372	256
100	266
371	405
339	499
219	261
99	494
118	44
391	72
373	479
110	121
410	213
404	224
404	479
321	44
323	261
270	224
391	269
98	323
126	282
74	203
110	42
328	284
450	250
391	410
219	188
323	473
391	110
67	256
121	450
120	90
107	216
391	447
391	98
323	253
405	337
389	323
45	45
111	415
391	107
457	213
336	494
375	328
334	40
389	287
334	222
369	479
87	245
100	292
388	410
100	269
100	505
400	275
391	368
107	466
203	259
40	149
368	368
344	344
391	369
131	282
110	375
100	45
107	498
110	74
369	334
391	151
369	224
466	48
369	100
111	120
100	196
100	323
404	510
450	135
323	209
474	209
391	349
453	132
388	203
368	389
213	277
401	224
401	509
224	266
237	254
123	44
126	74
107	429
369	266
212	260
209	286
329	323
391	308
214	13
100	224
391	494
450	89
389	374
389	411
391	451
453	287
391	111
374	450
371	46
107	54
100	274
107	212
40	253
407	46
321	466
100	74
369	73
368	212
74	40
67	72
96	453
374	401
110	466
473	15
111	110
407	224
375	354
315	308
369	308
344	224
98	502
407	209
391	237
391	224
391	266
323	463
121	256
107	502
391	100
456	494
479	72
404	479
391	339
209	90
102	453
329	64
212	85
107	142
212	427
473	255
368	54
102	323
209	196
100	126
484	308
375	73
407	89
323	431
371	66
466	28
323	188
391	17
212	250
375	282
391	215
110	224
451	185
400	162
342	224
121	308
373	422
391	172
344	224
337	74
370	74
448	422
240	147
98	212
44	23
74	449
209	504
371	86
99	401
375	51
118	209
405	323
405	323
107	371
323	351
391	45
110	74
100	224
110	120
78	285
412	416
375	44
404	269
415	126
48	254
110	349
391	111
391	328
224	261
100	74
389	437
110	126
449	40
375	331
401	412
219	224
389	241
391	107
412	422
472	224
209	227
389	150
242	240
120	451
262	287
391	391
375	375
391	375
99	126
222	265
370	409
391	111
404	404
368	266
369	323
110	332
407	40
74	242
391	107
100	328
391	388
224	189
323	308
98	74
409	493
401	100
98	73
450	224
451	240
391	224
370	74
323	140
107	326
388	413
103	14
121	224
337	61
411	21
479	350
391	260
410	337
389	40
469	494
102	269
114	224
107	319
368	100
100	47
213	453
389	110
28	419
209	450
369	46
369	430
85	396
110	373
326	453
107	321
391	369
126	308
330	269
322	45
388	426
409	219
375	466
409	311
29	312
368	74
391	116
110	74
391	254
375	74
388	414
391	349
110	328
348	44
100	411
126	224
44	185
391	337
403	412
391	391
369	121
118	132
370	23
115	126
391	494
110	453
110	329
110	203
349	139
74	136
391	85
473	250
321	308
466	308
479	451
121	450
391	436
100	323
466	454
391	28
472	267
391	323
407	324
328	40
110	450
404	202
74	499
369	168
420	308
224	40
368	121
23	308
470	150
453	293
368	262
72	83
391	100
111	100
451	282
224	261
108	150
369	328
110	448
502	499
375	453
213	255
120	219
492	23
328	74
375	32
509	224
110	120
410	54
100	224
370	374
391	493
389	448
123	203
404	412
391	323
401	320
219	25
410	234
404	40
391	405
404	266
100	286
369	308
323	337
391	450
368	323
100	323
391	222
327	308
100	411
369	410
107	474
391	9
451	255
401	219
451	138
411	120
321	244
369	66
368	110
369	453
83	224
391	502
391	375
391	308
407	410
466	197
388	448
68	312
107	259
375	40
369	131
368	370
100	339
407	409
337	74
375	266
494	40
323	348
368	64
375	100
410	308
109	142
375	471
100	146
451	20
369	328
375	215
405	411
404	281
266	354
494	250
391	391
345	452
44	255
391	41
333	212
224	272
369	410
369	245
107	375
370	453
107	66
375	332
329	209
368	25
391	223
126	199
42	274
371	245
410	479
391	318
391	369
368	334
256	256
123	23
411	40
391	391
287	445
391	276
375	337
126	132
375	88
375	502
410	320
102	224
74	45
82	136
368	99
391	411
375	327
411	328
375	308
116	226
404	16
389	328
450	23
111	269
391	391
110	370
331	466
107	224
369	401
123	226
323	40
110	375
24	185
479	26
466	44
321	450
405	479
402	308
79	448
391	388
391	479
110	40
328	223
405	409
405	269
120	126
223	152
404	253
369	359
112	243
323	82
466	450
73	48
98	216
100	269
391	219
93	293
453	25
391	349
391	451
69	220
370	99
98	82
118	47
100	204
375	43
391	323
116	227
391	311
391	17
466	450
212	224
391	74
401	256
321	44
391	407
256	417
110	100
453	319
326	120
334	266
368	451
368	74
391	323
332	100
368	102
391	100
98	96
107	450
107	115
388	111
391	103
242	247
110	44
372	224
375	23
473	426
486	243
450	226
372	329
373	185
45	308
391	453
479	130
391	267
97	482
323	222
369	40
391	209
99	417
391	224
26	147
368	126
110	466
107	185
99	333
115	139
368	465
370	429
391	337
82	266
375	473
224	417
110	337
373	243
100	74
391	240
368	147
487	40
370	45
473	224
391	213
349	74
369	211
328	168
335	466
335	292
111	98
375	448
411	411
405	508
391	142
277	286
473	308
108	99
391	297
404	193
405	287
328	260
66	307
213	185
373	466
95	286
107	286
74	74
107	98
193	494
115	429
107	369
369	374
126	74
391	31
121	361
450	242
74	212
391	285
372	266
349	213
124	213
391	391
391	110
323	306
391	466
391	494
260	151
110	473
391	23
375	410
349	74
371	448
451	250
369	458
391	109
100	452
111	476
391	375
369	234
405	116
375	89
391	405
109	252
391	45
242	427
73	202
107	334
391	245
466	85
199	254
368	389
407	74
451	266
368	110
374	429
100	10
405	64
473	224
476	219
375	287
450	88
411	323
342	256
391	78
74	494
406	131
74	196
64	416
389	323
450	193
127	342
368	45
323	299
74	489
107	269
412	338
368	82
74	23
391	121
473	83
388	44
123	266
101	120
391	74
369	295
369	300
369	334
375	337
110	323
391	204
100	242
391	111
107	281
334	505
407	471
327	318
256	300
342	494
473	339
375	494
110	74
453	219
508	417
224	267
110	237
68	188
391	28
111	266
404	100
64	287
100	45
473	453
368	122
107	369
369	83
64	150
415	61
494	258
110	407
391	126
267	245
391	391
328	219
389	323
368	429
460	156
82	250
368	411
120	44
102	473
126	44
479	219
404	470
407	74
375	401
256	447
209	203
369	389
44	25
100	212
329	308
391	25
99	132
69	224
74	82
401	450
404	432
391	224
321	44
348	455
474	74
99	21
391	388
339	494
346	227
334	323
391	265
391	388
369	27
401	23
100	103
323	494
120	201
368	289
369	85
98	411
391	368
391	261
66	307
331	5
391	470
328	162
368	110
368	285
242	151
323	17
369	224
100	16
99	151
391	405
323	451
483	256
391	336
466	167
391	369
371	484
126	17
102	212
374	90
368	465
409	323
391	44
369	136
401	82
369	266
375	100
368	23
109	226
68	245
368	100
369	404
107	110
493	45
323	2
388	74
61	178
470	40
453	44
368	100
111	347
107	238
227	300
389	451
102	74
375	242
368	372
389	324
64	452
110	137
388	369
74	266
479	245
213	260
404	21
391	370
334	224
368	411
389	374
107	25
111	359
256	300
391	391
401	494
45	250
401	23
391	472
323	219
89	23
401	308
107	100
388	32
391	151
240	354
107	328
349	308
250	308
61	148
368	328
100	266
391	107
375	265
83	23
100	426
126	129
102	308
452	224
375	121
502	427
391	44
110	224
107	110
391	255
405	256
472	219
107	400
375	99
266	305
323	23
111	372
391	107
118	201
217	269
94	494
199	266
74	453
110	100
323	311
23	417
111	277
107	287
471	74
126	54
111	121
100	2
391	401
120	483
473	224
368	102
212	453
120	54
474	131
103	224
391	388
107	372
74	219
108	255
368	365
111	110
100	88
326	219
391	26
391	451
107	142
78	264
449	269
400	245
503	256
51	245
369	375
100	349
269	260
482	300
405	480
334	411
99	416
23	426
121	224
407	89
389	484
375	12
45	276
107	28
110	266
209	282
323	142
391	150
98	185
199	359
368	365
110	450
334	336
100	448
329	224
389	260
391	189
389	110
89	293
401	89
48	286
375	466
102	483
88	308
451	308
110	132
98	120
328	494
368	126
375	502
107	203
54	17
401	436
406	466
74	20
103	348
410	132
369	323
100	451
323	508
74	240
110	267
334	449
391	404
473	451
375	287
100	25
74	434
224	361
269	446
321	453
119	40
391	368
372	402
323	202
100	479
391	321
98	74
494	44
107	371
100	74
95	44
121	455
391	224
334	224
369	45
373	401
372	123
391	44
368	100
120	504
375	453
107	466
375	74
100	28
391	100
458	183
320	483
329	245
391	391
107	74
401	323
336	25
101	334
368	370
126	212
370	59
217	224
370	327
100	410
323	44
212	224
401	48
213	220
388	110
110	473
334	54
66	260
110	479
488	25
107	212
107	186
107	323
100	326
327	422
405	282
391	368
368	212
334	123
267	13
334	416
107	401
391	336
407	30
391	414
391	391
110	323
405	416
391	222
391	471
74	256
371	127
54	250
372	266
404	483
323	29
391	448
107	120
72	227
401	330
44	23
74	224
121	72
391	102
209	90
372	330
451	216
98	494
375	26
473	266
111	212
409	216
375	489
405	74
64	224
368	120
74	54
323	220
111	74
64	429
201	308
110	219
342	219
323	323
391	320
375	64
391	110
388	404
67	23
401	323
261	255
388	463
348	274
111	471
308	147
323	223
391	409
98	74
391	219
488	29
369	457
391	100
369	121
107	132
391	219
126	489
368	219
209	450
391	73
64	40
451	450
99	209
59	280
404	375
219	274
98	219
369	323
466	74
400	410
466	74
391	110
100	463
100	479
97	323
369	453
339	151
368	411
404	119
410	5
369	45
224	42
450	45
391	40
110	224
74	150
403	224
405	416
83	270
369	100
407	213
404	323
412	243
332	73
388	123
465	215
391	405
332	1
107	374
107	484
370	226
479	219
100	451
391	407
391	43
409	224
391	131
375	141
388	370
483	416
107	411
369	119
375	499
369	100
368	110
261	142
450	422
388	45
388	108
269	416
269	250
224	436
107	103
369	224
405	324
199	260
369	371
391	46
64	23
82	250
391	323
74	176
391	100
110	61
82	137
7	445
74	42
369	110
323	313
110	407
411	95
391	404
111	221
100	472
74	149
100	323
405	342
400	255
107	400
224	274
451	40
369	73
107	267
74	41
391	82
453	224
410	40
467	243
48	131
368	18
391	7
100	61
368	315
391	99
223	269
453	82
324	472
479	269
99	479
391	100
111	469
465	185
209	44
368	375
121	267
219	254
107	74
100	267
333	100
369	266
391	342
407	331
391	90
473	23
107	453
415	308
411	302
466	45
126	142
388	295
404	454
391	502
391	121
342	255
121	23
107	466
407	415
121	74
415	503
329	120
111	100
120	151
404	412
110	466
224	142
391	224
391	100
308	361
368	38
115	282
388	256
473	256
391	224
119	453
334	224
107	401
410	245
391	368
391	54
266	274
61	16
405	375
74	50
110	457
372	255
448	89
369	285
203	144
204	265
107	466
212	445
479	473
126	339
368	470
405	219
410	256
391	375
323	242
107	407
217	274
59	224
404	343
348	436
391	457
388	375
413	224
266	40
368	494
391	69
374	334
391	131
368	144
98	473
223	45
375	85
405	224
108	329
391	369
369	401
391	300
100	472
466	223
107	28
121	340
98	424
451	450
368	263
404	224
107	120
368	118
369	147
100	473
457	42
375	126
412	224
453	302
508	293
391	219
391	391
389	121
212	13
375	473
389	308
407	74
493	162
391	369
371	323
111	488
391	416
111	466
374	269
391	61
110	175
391	219
107	212
369	369
368	489
371	23
401	321
391	254
391	237
100	116
44	23
110	68
375	130
323	282
323	269
404	99
74	45
224	150
368	370
479	453
100	27
375	45
209	88
328	23
391	100
375	23
369	339
391	54
323	351
108	103
368	46
110	329
404	323
368	466
410	328
391	131
412	417
391	468
391	300
107	17
73	226
111	410
328	223
370	74
375	494
405	375
375	326
404	407
391	370
74	226
404	494
107	40
368	404
326	23
401	451
100	453
412	269
40	362
401	115
199	280
370	258
119	349
369	224
323	72
401	220
74	224
369	266
334	416
100	242
391	369
410	209
110	427
323	14
405	466
391	463
375	502
329	336
375	99
410	74
110	62
222	422
448	105
369	202
391	405
471	224
72	269
405	44
368	482
466	226
107	100
369	118
110	74
98	74
391	214
483	250
99	240
110	329
411	74
391	266
329	44
391	25
110	79
219	48
389	66
391	413
391	412
411	266
28	287
375	241
477	23
116	183
110	45
339	74
110	74
333	414
326	300
369	256
368	404
100	328
368	224
391	368
97	212
73	282
407	44
323	269
371	266
74	493
100	227
479	472
109	451
368	240
111	131
121	504
323	267
369	110
72	23
375	124
405	463
488	45
368	224
98	411
391	342
219	250
453	502
473	224
369	45
375	98
391	250
261	130
391	100
375	286
323	256
473	224
391	253
308	416
389	405
110	415
391	99
45	23
391	369
196	224
323	245
107	90
368	247
375	224
111	334
98	331
107	100
391	402
368	400
98	250
415	455
391	185
391	464
405	401
89	494
110	323
410	451
389	472
391	110
368	499
334	256
74	484
404	323
374	407
391	422
100	266
391	388
410	287
100	504
375	479
121	308
223	267
391	61
375	125
375	74
99	115
407	328
369	74
375	29
323	90
332	224
209	308
108	326
369	275
391	110
391	466
411	103
391	100
375	412
254	248
391	219
391	220
107	223
405	126
391	74
328	126
473	126
212	44
323	479
74	219
407	131
404	323
107	49
375	323
369	167
479	38
411	74
100	120
391	99
120	74
388	95
333	411
448	204
391	267
368	111
111	457
219	28
369	54
375	472
375	61
74	45
480	503
127	209
370	326
375	323
61	142
471	266
204	306
391	23
470	12
369	375
203	255
470	308
227	40
107	436
369	373
107	213
369	401
99	21
412	182
261	298
372	448
110	473
372	224
472	308
391	334
368	492
375	224
126	224
391	123
370	332
470	466
107	479
391	150
453	90
110	372
111	266
388	82
479	450
320	337
391	389
95	46
388	149
370	458
391	391
126	348
212	256
400	323
391	473
110	224
391	126
323	450
369	372
98	57
69	74
110	410
111	407
98	100
72	292
99	483
226	437
391	48
107	120
388	224
504	426
389	256
110	115
348	224
368	64
391	370
405	224
120	269
375	308
368	328
371	43
99	401
491	255
368	400
391	23
368	245
110	74
391	120
391	471
334	224
388	256
323	203
389	318
349	265
68	344
332	74
401	339
98	260
368	323
107	224
391	64
110	49
333	156
405	82
368	107
448	242
74	256
375	212
99	263
391	368
100	328
82	432
374	510
369	448
368	99
391	391
29	1
368	229
323	126
107	13
321	451
74	83
323	224
404	117
391	120
375	375
100	311
391	74
375	74
98	332
391	419
411	114
101	337
33	242
56	23
369	213
451	250
100	415
411	227
405	451
100	224
219	40
388	451
391	99
269	269
391	110
107	405
109	266
242	250
224	25
368	256
473	287
391	107
323	261
116	44
400	304
100	253
466	287
136	302
222	277
375	266
109	282
389	265
323	88
110	289
479	479
368	100
453	245
408	422
224	224
127	466
388	329
100	409
368	323
479	287
111	79
98	100
101	209
401	17
121	224
391	120
342	209
74	20
391	99
388	369
103	46
391	368
391	64
451	484
64	23
391	328
453	487
369	416
389	412
368	126
74	212
110	124
369	74
110	293
321	240
391	167
368	458
405	334
369	124
212	272
323	321
269	266
466	212
391	368
100	185
110	227
368	224
499	224
260	274
472	197
368	326
368	45
107	110
74	89
391	323
260	262
388	122
100	46
40	27
391	169
391	102
479	266
369	442
410	223
369	370
368	121
368	269
372	329
483	23
388	103
285	15
391	255
100	176
46	446
74	44
74	25
333	42
494	244
391	259
323	120
339	450
375	224
100	74
391	40
404	89
371	287
391	204
77	269
323	450
451	209
412	138
327	45
388	369
328	474
391	4
100	243
401	74
391	422
375	45
391	110
404	100
372	499
371	402
391	97
100	213
391	407
405	354
375	261
102	52
391	110
368	412
405	132
74	199
100	212
71	450
369	193
327	242
391	224
226	242
369	54
411	328
391	116
323	137
368	237
410	498
99	342
410	250
388	100
391	131
407	44
334	264
370	267
53	266
336	13
391	300
400	232
74	209
202	256
391	438
388	224
389	255
404	40
369	282
391	369
368	479
256	177
472	212
323	484
375	457
368	100
323	252
391	224
451	226
388	142
400	142
73	258
474	224
326	287
223	269
391	224
107	254
99	479
323	137
330	181
100	222
391	121
203	44
126	89
375	471
368	388
107	334
107	12
401	450
375	201
391	371
74	450
370	210
375	326
74	93
100	69
368	110
100	348
107	448
100	453
391	69
110	334
108	224
123	451
15	142
220	254
256	295
99	113
391	116
110	98
404	100
99	151
282	8
107	121
219	15
391	227
107	100
220	151
472	508
74	453
391	156
509	224
226	150
391	269
389	209
375	9
450	49
368	224
82	285
107	334
337	291
61	256
107	82
97	323
110	450
391	131
368	375
82	308
350	224
391	483
116	48
100	90
107	494
369	257
391	391
328	150
369	219
107	375
370	61
74	255
389	44
411	308
74	40
323	46
391	375
404	98
337	262
372	83
115	224
391	410
375	44
391	100
100	224
107	224
110	118
333	331
111	100
344	213
368	369
450	144
111	336
85	269
412	69
100	342
389	254
329	115
336	131
391	61
111	41
111	375
83	444
131	142
40	436
40	358
100	339
391	483
54	131
100	126
98	142
391	411
389	453
100	219
335	479
369	315
368	372
368	337
69	238
413	40
401	227
202	361
391	109
280	141
369	389
391	147
219	277
334	256
391	209
391	318
391	349
373	256
126	224
74	61
474	74
411	136
110	209
111	370
334	126
323	90
110	74
391	368
334	412
391	18
96	323
391	107
30	282
9	422
401	216
327	470
391	110
323	42
368	327
391	374
224	426
89	483
410	479
97	244
224	264
369	74
107	47
405	224
86	147
120	350
303	289
110	116
391	107
369	132
110	323
369	126
411	267
405	478
391	410
328	242
368	331
369	74
391	44
451	224
480	494
391	100
453	431
110	219
344	48
391	494
391	448
45	243
368	256
64	260
391	107
107	369
118	151
375	401
109	117
224	255
88	308
391	108
391	350
73	45
120	74
323	308
350	453
103	442
100	212
407	410
372	451
118	327
370	54
100	115
120	224
375	224
323	466
110	17
479	74
94	266
326	224
269	47
107	389
369	89
479	83
250	132
368	361
110	45
368	327
368	74
391	411
484	308
123	219
408	94
234	274
107	74
323	350
369	94
405	401
83	240
391	275
88	204
391	368
391	451
375	120
277	147
375	327
110	258
368	90
337	150
391	430
368	100
334	23
74	484
388	282
405	411
369	323
74	132
389	220
100	21
107	472
223	287
391	107
504	422
196	131
451	40
369	260
368	107
110	45
333	202
391	388
369	131
102	74
375	411
473	74
375	361
369	64
375	212
476	266
116	471
411	197
453	132
110	147
100	493
100	303
369	336
391	375
473	451
391	334
369	45
126	451
457	266
370	472
375	375
391	368
202	505
368	448
256	132
422	183
120	451
323	242
411	261
451	435
109	40
391	391
391	375
410	196
110	73
391	23
224	267
466	266
391	369
466	502
375	193
332	320
369	110
391	338
391	224
99	308
400	82
391	473
368	126
98	125
375	429
83	28
107	407
466	259
391	44
320	224
275	432
100	150
103	336
45	185
391	308
110	300
245	128
498	286
375	82
407	219
209	219
224	308
412	215
48	224
99	373
108	150
74	266
243	308
405	224
391	224
328	260
368	408
369	453
391	203
107	219
100	426
391	293
375	12
391	209
323	25
125	226
329	74
222	384
100	473
484	44
479	74
223	219
97	131
391	150
255	274
391	128
110	471
375	308
100	323
120	229
400	224
308	298
107	437
121	227
391	388
391	126
369	369
375	209
391	412
391	368
401	451
323	473
391	409
107	224
45	2
85	226
508	272
113	129
368	401
100	448
471	342
120	12
334	20
391	368
196	162
110	43
391	369
224	147
328	90
98	44
326	40
411	458
368	100
410	72
404	320
404	375
2	146
98	479
370	121
391	74
369	342
389	334
391	121
124	494
391	95
240	395
267	282
368	111
368	73
412	266
107	405
326	337
110	494
369	100
454	40
82	16
404	308
26	308
374	28
100	426
83	20
391	110
453	226
327	256
371	407
405	150
368	54
451	245
89	94
97	494
412	73
100	286
85	23
110	323
351	40
90	256
338	178
369	370
100	342
344	150
369	120
74	59
391	369
388	469
110	267
332	422
368	197
369	410
471	203
405	150
375	14
98	224
391	404
83	48
369	209
391	254
119	224
100	131
100	504
323	282
391	292
369	374
391	375
370	89
391	88
391	9
450	46
412	146
61	272
453	272
100	448
405	100
391	277
110	479
391	6
323	429
326	474
369	219
369	405
404	407
369	305
74	453
391	126
368	286
412	292
74	287
110	100
101	348
224	245
414	74
391	239
115	28
391	287
45	147
63	256
391	103
450	240
391	97
391	74
99	100
100	112
466	224
120	201
391	343
110	217
391	323
320	40
212	256
369	120
126	233
224	422
110	287
331	209
369	375
266	261
369	343
391	328
100	102
405	412
110	212
391	388
372	100
375	53
469	227
389	429
369	329
369	450
479	502
389	196
323	473
110	44
63	266
391	369
120	132
480	49
369	120
391	110
375	119
110	315
334	123
391	110
391	354
389	375
85	45
107	323
482	315
95	183
391	45
391	88
391	98
320	256
373	451
120	209
391	41
108	289
391	210
391	121
401	328
328	351
472	237
326	20
111	429
44	183
477	121
74	152
90	256
115	298
410	224
323	308
368	266
323	250
110	219
209	40
323	466
44	298
375	95
391	83
110	372
401	83
401	79
375	333
15	308
107	246
391	103
401	23
323	494
219	132
121	23
369	494
405	219
450	266
391	206
369	455
100	412
369	375
226	261
391	332
219	266
110	121
371	121
98	473
74	224
120	450
391	102
308	429
457	494
412	240
109	227
370	203
227	446
412	74
100	74
407	83
391	343
371	209
115	40
412	244
332	100
126	494
223	261
74	486
102	45
107	287
391	82
479	466
264	287
45	266
391	29
100	9
453	432
74	219
369	142
368	100
370	454
269	364
401	451
391	122
323	461
107	107
110	393
99	471
401	410
100	410
484	282
110	48
75	254
368	422
197	224
391	453
470	212
323	321
115	187
85	54
323	212
391	126
83	274
74	45
391	212
388	484
391	369
479	336
388	473
74	261
212	175
107	261
120	74
110	209
409	118
391	286
407	219
391	219
482	44
391	226
110	130
451	453
122	256
391	87
474	226
368	411
107	483
107	74
368	471
473	354
328	323
391	286
391	336
110	329
100	412
90	483
391	224
224	45
388	411
127	202
391	25
328	337
107	477
323	479
323	74
329	26
15	308
100	308
412	226
120	466
375	323
116	447
391	29
72	197
107	289
328	44
391	400
118	323
126	142
391	479
391	191
107	256
405	344
388	409
465	464
329	342
126	23
126	7
100	219
375	308
368	370
224	256
370	74
102	508
326	269
466	483
74	274
391	120
375	339
193	151
369	328
74	2
369	186
391	125
224	47
391	107
369	362
220	48
111	126
391	401
407	334
474	269
389	323
107	99
375	212
110	100
323	212
224	426
110	334
82	224
111	26
391	131
100	100
110	344
375	375
388	401
370	466
342	261
494	224
470	450
391	388
323	249
391	219
323	59
107	90
410	286
473	265
111	407
411	199
224	23
370	323
111	256
391	266
391	327
368	445
410	222
368	494
391	391
323	23
110	323
391	388
412	219
107	373
110	451
224	136
100	466
375	224
411	40
110	226
98	219
368	407
323	223
333	45
473	227
370	74
472	216
327	473
369	44
391	373
100	450
389	100
349	456
332	269
375	401
453	488
410	204
410	472
323	222
109	100
326	429
107	98
368	100
374	202
391	82
388	466
123	273
391	224
391	2
209	494
391	110
74	235
391	416
405	375
391	466
391	494
389	266
98	479
100	23
100	44
74	193
391	121
107	136
401	74
391	326
110	83
369	41
111	42
411	313
411	266
329	260
391	471
391	405
328	58
224	147
483	261
404	120
97	224
368	227
391	108
323	494
375	411
391	378
407	86
374	329
82	286
323	25
451	204
389	50
217	53
391	96
209	450
463	26
404	451
98	483
479	494
411	243
100	89
473	259
404	470
120	185
391	107
368	401
369	204
369	109
412	74
448	244
450	242
83	50
323	303
391	28
98	102
391	391
368	370
214	2
389	269
368	323
127	73
371	90
470	466
323	45
107	74
368	98
401	23
103	90
323	418
323	64
334	287
89	264
370	365
375	224
411	6
107	147
369	273
118	308
328	472
369	323
261	276
97	74
88	82
405	23
98	451
349	451
391	151
368	44
412	46
107	212
391	264
369	269
391	328
391	44
107	450
107	272
120	95
323	256
120	73
321	250
401	203
450	212
99	224
375	504
334	254
406	451
403	213
110	256
375	131
375	74
107	266
99	151
391	453
368	453
212	224
110	219
391	110
388	25
107	323
110	427
391	318
450	2
391	323
391	107
124	265
412	74
100	213
110	286
375	349
107	79
391	224
466	89
391	64
369	323
450	214
336	74
391	100
391	391
110	260
193	45
370	219
391	411
72	95
328	137
391	453
110	224
126	196
323	465
110	327
404	483
495	255
404	400
369	25
369	499
109	328
391	368
391	369
404	323
98	219
391	23
391	407
369	369
391	88
369	334
391	453
368	213
274	23
74	224
348	422
323	215
391	110
121	471
323	473
99	401
368	64
126	252
99	453
121	74
100	150
107	269
400	422
85	44
368	110
212	492
412	83
100	453
250	419
404	451
209	224
407	48
121	120
369	323
368	74
369	118
368	328
74	266
389	425
103	293
453	23
510	44
411	226
401	121
406	100
375	28
391	107
369	369
368	224
286	169
391	100
107	148
74	209
369	110
107	74
107	72
389	484
116	147
391	219
375	267
110	244
369	466
224	40
320	473
389	61
479	349
126	269
412	74
100	261
334	349
100	308
74	287
391	45
223	245
260	23
370	359
369	404
368	110
375	411
306	189
373	224
391	110
328	124
324	260
374	120
391	223
110	326
74	131
323	254
107	411
401	282
98	222
342	46
368	473
391	450
389	74
405	458
369	222
391	321
411	412
100	484
71	73
98	100
118	341
324	450
494	285
371	473
334	224
98	251
369	348
375	334
484	511
412	504
456	224
349	422
334	250
98	126
100	222
466	149
375	479
323	25
375	16
337	448
369	6
369	100
410	116
323	308
344	44
391	389
368	202
391	466
391	48
391	40
409	255
337	224
479	451
375	411
388	432
375	436
110	44
375	224
107	315
119	126
473	451
100	269
375	451
466	212
327	310
369	43
410	326
100	116
391	224
388	334
337	212
332	328
476	494
74	451
391	483
391	407
391	327
479	243
107	148
391	224
110	405
26	286
391	308
72	224
224	150
110	412
369	369
388	370
463	448
391	490
391	44
391	369
124	266
466	269
391	473
40	282
110	473
40	308
411	328
234	242
375	120
405	90
74	151
107	341
375	137
479	209
99	100
110	256
111	303
372	494
224	46
108	328
404	242
410	249
466	450
412	488
404	74
368	287
391	375
110	45
389	374
323	79
328	90
120	212
391	224
375	215
415	318
370	375
404	401
391	272
52	42
334	165
391	204
479	204
328	323
45	286
391	45
368	349
110	370
370	329
334	240
209	453
400	339
391	99
100	321
369	197
451	44
473	74
471	256
277	287
400	426
120	142
320	336
107	209
375	242
334	219
224	300
457	224
73	145
328	266
121	226
401	224
391	110
48	23
391	409
239	242
400	416
406	74
334	269
323	450
107	308
404	372
401	40
219	484
209	453
486	484
369	183
391	216
410	44
389	323
333	450
325	339
328	219
100	126
391	284
98	344
389	116
466	266
470	209
107	328
375	328
371	40
391	334
329	269
370	323
332	299
110	40
110	62
95	28
404	100
391	209
224	256
336	269
404	73
391	110
334	326
74	450
405	260
110	124
407	323
111	224
110	64
391	328
44	226
328	483
388	370
391	479
369	120
391	308
479	44
470	89
328	202
323	453
337	219
107	373
74	261
391	407
219	25
391	223
100	48
391	110
368	375
69	452
391	74
389	158
40	142
99	121
110	410
370	74
108	269
391	462
369	270
334	120
391	344
323	361
337	280
100	234
107	110
222	181
403	266
404	337
368	110
389	100
107	74
483	46
323	201
107	62
61	308
368	484
388	323
391	368
64	224
400	74
74	6
470	256
369	474
100	40
388	323
403	224
465	79
391	349
466	448
108	185
224	250
100	243
119	466
368	74
483	25
391	323
49	224
110	473
414	302
466	451
110	109
335	74
388	323
344	224
410	323
375	334
323	266
391	334
334	223
389	450
107	67
111	202
120	242
450	259
242	302
254	25
23	142
391	391
375	100
107	316
405	287
286	167
391	375
391	107
224	255
334	114
107	328
79	267
391	100
121	64
99	269
108	142
371	100
469	223
222	84
327	266
391	243
334	341
107	209
388	336
120	74
374	201
323	224
266	131
100	222
323	74
391	391
375	151
391	328
391	267
203	277
407	23
391	99
339	269
107	370
369	375
323	342
391	427
74	94
391	308
400	412
328	78
375	451
323	483
40	420
412	509
332	23
391	243
391	328
391	256
323	15
334	249
100	416
121	28
457	289
110	102
239	226
391	391
28	422
391	388
110	82
107	245
493	40
25	356
120	227
388	256
368	437
391	412
328	479
110	323
401	74
118	44
391	500
401	412
324	61
477	74
375	323
110	31
45	147
107	308
408	123
391	365
391	107
52	224
450	223
407	303
327	132
388	486
466	212
119	147
472	242
479	466
107	473
373	245
404	83
371	282
121	224
375	40
391	61
337	219
116	74
337	223
114	115
494	303
107	372
121	299
375	74
401	44
74	300
100	142
100	508
404	61
123	74
369	334
401	23
401	328
368	323
110	416
451	90
240	420
224	40
272	287
369	448
107	61
219	40
391	509
224	185
107	224
120	150
83	492
256	255
391	308
391	120
219	308
369	98
74	219
212	45
107	436
100	334
487	6
375	74
375	245
107	110
368	23
266	354
323	209
472	85
107	407
402	344
388	97
369	416
375	250
451	509
372	100
126	224
368	118
368	370
100	141
391	250
100	323
412	40
391	431
344	215
391	74
213	150
391	375
110	95
374	375
100	321
265	147
415	48
472	209
100	118
82	269
110	203
98	47
371	451
243	46
368	23
472	453
411	256
119	453
243	185
375	185
320	136
368	315
368	286
100	66
323	95
46	308
391	98
111	224
391	219
372	120
282	416
374	323
111	185
48	250
375	412
120	224
119	399
326	224
410	93
391	284
412	323
254	300
209	269
373	150
375	45
212	308
100	23
391	99
196	224
453	491
389	17
391	107
391	368
411	339
95	178
368	116
391	107
391	412
111	110
96	416
111	422
110	50
404	458
103	275
323	126
126	58
74	40
61	224
114	308
107	401
213	482
375	320
368	43
405	100
404	409
391	375
369	323
349	267
110	204
465	270
391	410
332	323
368	72
369	462
219	40
110	349
110	61
368	202
150	432
470	88
118	54
120	212
373	277
74	29
107	282
374	114
413	422
97	81
323	27
370	323
373	222
333	334
224	16
368	342
348	308
472	457
23	23
450	95
85	299
223	219
120	74
111	26
328	479
109	88
219	147
110	121
100	504
334	44
151	437
400	115
508	224
212	237
101	45
407	342
74	427
368	479
107	269
114	266
102	466
323	74
126	74
368	327
111	221
44	242
202	156
375	262
405	453
107	400
327	448
107	110
323	72
368	120
474	308
98	453
391	323
401	450
48	247
99	473
374	209
107	472
391	479
375	142
72	147
107	282
374	121
412	223
470	251
329	223
410	466
455	255
375	250
111	328
107	110
370	74
391	369
111	401
369	308
323	223
469	72
391	391
107	219
375	342
391	391
369	412
369	323
369	121
110	242
391	287
391	451
412	224
487	293
368	110
150	185
388	110
391	31
107	40
97	323
110	43
260	42
391	107
100	69
323	220
234	429
470	266
107	329
110	224
329	472
405	120
110	74
368	337
368	369
375	74
334	287
224	244
405	130
111	110
201	255
401	290
453	220
391	118
406	343
98	412
109	209
336	90
370	99
220	12
369	260
388	458
120	64
391	285
100	272
331	132
391	318
99	329
391	109
391	125
328	16
411	412
391	274
406	74
107	201
201	266
120	337
375	43
368	111
321	83
375	453
391	375
107	404
402	267
391	45
107	224
224	274
483	224
451	308
473	308
126	44
368	282
412	202
56	256
391	466
370	375
494	132
472	209
391	369
373	450
494	261
107	98
391	74
127	365
116	429
115	73
323	42
122	429
391	110
111	114
371	302
391	121
244	250
100	74
412	449
326	212
107	74
375	266
502	40
328	121
323	285
391	457
401	119
391	389
407	408
110	401
259	293
370	131
391	121
40	256
391	328
369	100
334	126
407	449
332	323
224	266
389	372
369	5
368	407
369	466
494	44
401	326
219	28
368	370
100	26
411	308
391	466
369	323
369	250
369	483
99	500
85	224
408	224
375	124
388	212
74	142
473	209
457	74
334	494
111	26
375	199
391	391
107	118
451	266
391	369
375	407
368	46
123	494
74	439
368	323
107	256
110	308
391	213
401	100
391	451
375	269
102	150
375	72
479	219
343	484
256	165
375	327
40	312
401	320
99	401
111	74
64	483
256	12
391	437
370	453
120	40
391	361
328	266
74	240
391	375
391	269
412	256
272	23
224	266
332	61
110	269
401	411
323	41
69	28
147	292
391	107
337	272
107	23
266	308
25	272
463	454
333	412
508	150
99	116
458	453
391	102
369	203
118	286
494	61
473	197
95	503
368	473
479	455
368	131
375	407
389	266
391	7
110	412
391	405
470	260
98	510
115	224
370	451
126	74
368	369
107	107
391	368
375	224
391	472
466	74
375	199
121	224
391	315
85	354
391	44
391	243
454	188
100	470
369	95
451	286
99	410
401	123
412	216
100	260
262	255
110	233
333	28
498	254
99	308
373	120
277	185
209	224
391	240
466	224
219	25
89	224
479	261
91	484
110	74
107	326
483	247
74	450
107	375
111	329
450	499
391	391
74	488
391	464
391	368
323	120
339	224
401	323
369	458
412	224
98	448
374	269
410	45
391	243
475	86
126	201
371	23
38	224
228	142
391	368
375	25
368	132
401	102
142	156
404	494
450	242
369	110
232	44
224	308
375	227
23	311
107	29
391	107
107	72
369	371
391	391
375	483
74	245
400	456
391	499
150	426
224	25
457	241
476	226
391	462
219	302
74	23
368	121
107	100
369	126
374	334
115	323
368	375
336	85
407	209
391	111
466	453
107	405
250	286
334	45
266	243
389	266
404	450
370	407
369	82
391	389
391	410
450	494
368	412
110	147
391	90
405	74
456	74
391	369
389	100
72	21
119	240
224	23
122	486
327	41
388	109
59	224
323	484
375	254
391	412
407	401
457	40
370	453
328	422
338	227
81	224
334	323
479	126
107	442
110	192
74	226
391	432
391	426
100	74
374	327
125	224
110	470
103	327
369	97
98	453
121	508
389	91
411	274
110	110
369	375
107	226
321	185
110	321
389	224
391	44
369	74
391	473
74	88
391	411
411	471
99	267
334	269
323	74
391	256
110	45
391	95
388	120
391	243
110	469
110	33
407	99
40	150
224	16
13	442
109	100
373	321
100	308
369	334
110	405
350	202
388	110
269	134
99	416
269	269
107	74
369	344
116	48
369	344
323	224
368	267
391	98
202	40
389	224
326	73
368	410
44	256
391	237
488	193
414	256
391	107
368	227
375	411
391	410
389	110
369	245
328	224
407	411
199	203
493	308
323	282
111	23
323	361
391	494
98	101
375	23
72	308
407	209
391	96
213	89
109	483
411	323
391	337
66	79
83	240
101	479
391	116
374	100
108	199
326	320
369	209
474	509
414	323
391	391
115	321
320	130
96	40
454	269
375	328
450	83
371	152
115	464
371	344
339	464
331	40
391	74
100	412
391	372
404	328
98	510
348	298
391	224
219	224
391	126
388	132
368	159
503	274
472	260
328	224
107	256
473	300
110	74
401	256
368	278
334	224
124	49
473	203
391	150
375	69
323	348
470	422
391	188
340	150
455	219
368	372
375	80
470	224
323	43
391	115
110	224
219	85
368	269
334	50
100	286
466	483
391	469
126	361
406	256
329	427
110	100
470	429
391	323
404	422
370	69
107	321
110	272
391	120
470	500
281	151
111	488
388	45
391	224
107	361
99	185
391	494
391	494
100	126
369	75
391	299
110	74
404	45
110	51
110	494
110	348
391	245
114	260
389	256
391	333
94	509
391	323
323	121
375	466
368	98
370	406
409	244
391	334
388	453
375	44
107	474
370	338
226	148
74	451
422	147
391	323
405	453
224	131
107	109
334	359
391	178
391	389
98	407
333	412
323	224
391	215
74	185
115	74
412	451
110	308
107	27
107	369
391	323
401	97
407	476
97	48
389	44
74	45
323	453
260	23
254	185
479	59
323	129
391	410
77	45
405	79
391	277
68	185
368	453
369	126
375	344
107	450
487	151
73	15
98	95
96	224
99	266
110	219
110	323
368	401
405	404
391	100
391	287
391	323
389	329
369	416
368	120
368	451
110	207
110	451
323	466
110	219
391	96
389	412
450	178
391	23
61	46
99	293
371	147
89	308
391	415
391	212
374	408
126	450
401	337
391	368
391	250
410	61
107	74
410	150
375	100
404	323
391	368
245	256
409	224
391	243
414	224
391	256
107	250
98	429
332	479
451	33
451	255
110	442
111	45
391	405
404	422
405	323
368	375
388	412
450	227
471	244
110	401
98	243
88	256
391	368
368	213
110	407
370	212
388	126
400	323
107	120
368	72
110	256
131	2
479	74
110	358
415	203
97	494
389	209
287	150
466	212
328	323
410	326
213	94
391	328
391	107
121	157
391	401
100	323
320	126
339	245
369	99
388	100
391	126
328	70
323	224
99	64
369	220
368	265
107	126
451	281
388	219
412	242
344	227
102	9
391	243
110	269
391	405
391	85
401	149
100	261
391	388
107	407
388	374
369	226
458	269
100	410
391	412
411	121
391	391
111	401
375	40
375	409
391	203
332	410
391	74
371	349
375	293
204	183
473	126
391	454
115	219
369	178
391	466
126	40
95	315
219	307
224	269
334	142
391	286
391	251
323	224
213	130
368	115
368	54
391	108
368	267
215	44
269	47
100	473
388	388
391	437
107	126
407	95
375	375
334	483
98	323
372	100
391	107
391	341
100	126
368	410
40	178
473	348
391	94
69	256
375	95
224	44
344	224
369	348
404	224
391	453
404	120
405	411
391	368
369	226
74	285
110	412
368	450
391	259
196	224
391	405
74	25
214	85
323	123
391	219
349	40
407	45
72	183
110	287
391	262
212	224
375	130
48	508
368	411
368	224
373	256
53	282
348	83
29	303
334	479
391	369
391	333
97	209
391	466
391	375
327	323
224	260
100	267
391	375
391	391
323	450
391	23
391	266
107	83
74	48
107	369
391	479
107	339
100	47
473	250
391	298
334	69
9	422
107	67
391	391
100	209
103	82
89	41
45	40
107	242
103	54
466	344
369	122
375	451
473	339
388	224
99	323
100	74
373	23
401	494
391	212
323	256
404	167
368	477
110	410
451	224
391	151
107	410
329	28
61	308
369	74
391	74
68	242
48	23
404	44
110	422
404	483
98	89
388	315
120	224
389	121
388	411
371	110
121	224
479	59
369	413
110	61
71	451
100	412
107	482
107	344
368	308
274	23
100	349
9	292
391	488
111	40
111	266
267	250
405	453
107	74
375	95
391	185
391	111
121	422
329	256
371	110
375	348
120	219
126	300
411	266
391	25
223	44
389	466
101	410
369	323
494	202
107	89
72	438
323	240
320	450
391	334
334	124
368	476
368	272
323	289
368	109
391	107
330	62
391	19
411	209
391	354
109	219
391	496
185	364
328	224
375	46
121	150
107	203
326	453
494	185
391	318
332	100
107	403
391	110
110	74
370	98
110	178
391	107
107	224
123	69
368	450
411	269
212	13
204	44
405	401
110	375
375	100
323	261
64	74
373	411
332	125
327	74
406	6
456	74
391	111
375	473
409	130
107	372
375	450
323	449
41	255
391	107
400	373
224	131
402	474
74	311
223	269
77	224
214	44
391	107
466	308
374	226
368	315
100	121
369	464
99	119
391	115
405	264
333	100
410	61
323	224
332	27
323	209
344	308
100	151
466	503
368	375
326	302
374	121
372	243
470	169
107	256
368	100
115	308
400	475
267	352
456	74
391	100
368	74
410	479
332	61
405	422
269	307
107	134
204	151
451	422
375	136
506	269
391	130
201	224
388	326
409	453
391	98
391	266
123	54
369	85
388	142
369	213
72	250
391	100
54	261
99	212
272	308
411	44
120	453
323	74
100	454
126	78
375	466
391	240
391	239
407	27
107	73
110	100
111	219
109	120
370	88
261	315
375	410
391	323
391	126
323	209
405	373
375	120
107	318
107	136
391	74
110	509
375	334
375	320
100	82
369	453
405	453
404	455
391	111
473	185
369	92
107	40
391	266
211	265
401	209
407	126
411	126
107	429
327	326
100	224
391	418
88	45
391	300
391	13
100	119
407	120
98	212
479	74
99	328
240	437
453	241
391	197
110	193
388	42
391	372
58	292
107	74
107	302
323	473
450	226
110	9
203	269
110	323
224	259
375	47
368	280
107	348
120	212
375	85
323	82
193	224
404	340
391	224
61	308
94	219
388	228
121	494
391	334
94	224
100	217
370	84
375	100
391	463
325	308
391	216
375	118
391	407
473	49
239	429
369	74
405	510
108	453
368	350
110	224
100	23
494	255
391	477
412	483
23	421
391	126
388	9
466	266
42	315
415	227
110	203
224	245
119	266
373	308
334	453
389	204
391	416
391	455
328	308
107	323
391	97
370	48
370	162
391	212
99	479
74	256
111	115
110	223
111	98
100	323
121	321
389	494
323	64
323	224
391	404
405	307
59	23
448	23
256	28
375	73
404	121
368	323
389	341
391	470
388	375
40	422
391	368
466	74
391	342
369	375
369	64
451	504
89	494
375	299
127	224
13	183
98	40
411	472
333	100
212	23
110	494
368	74
405	453
508	61
369	375
391	44
391	44
372	120
79	436
370	254
389	450
391	99
223	266
492	40
126	83
391	8
223	204
470	224
389	401
375	74
323	74
100	256
371	494
323	248
99	494
391	212
411	272
375	511
412	275
389	142
110	417
391	256
256	151
217	20
391	308
391	221
110	375
375	451
368	471
374	323
323	266
391	23
98	224
388	479
110	375
391	110
97	83
391	72
466	224
391	100
369	67
391	401
107	269
391	473
222	23
111	23
388	370
368	261
371	411
119	23
389	73
110	103
222	23
107	209
100	73
74	212
98	222
391	209
107	151
368	74
375	407
212	23
74	254
368	108
404	196
74	269
323	123
391	61
63	147
120	29
136	315
328	464
368	286
119	224
448	260
334	193
323	224
349	266
471	87
323	450
391	74
391	369
391	405
400	249
404	466
40	256
100	479
99	359
391	407
374	479
207	256
219	266
267	393
74	283
205	250
318	361
400	251
120	494
374	329
412	323
410	48
107	372
107	64
99	318
368	67
391	88
391	416
136	183
477	52
334	308
74	219
473	432
110	269
219	23
74	267
370	348
107	405
388	329
370	293
368	263
448	224
369	115
323	455
328	185
391	375
368	111
107	451
391	100
391	348
368	69
100	348
391	74
369	327
215	308
404	120
85	256
404	260
329	89
107	110
388	69
193	436
333	224
391	463
410	121
100	245
323	450
375	328
391	407
224	258
411	224
474	256
470	135
368	369
222	269
391	107
110	40
391	250
410	344
375	484
74	150
369	411
375	256
391	391
494	493
334	60
124	266
466	295
110	321
110	183
333	283
391	472
329	54
74	250
250	419
391	300
391	100
466	431
375	74
98	20
479	224
391	32
391	72
103	69
110	142
473	292
107	472
369	308
473	473
483	315
458	95
110	99
410	411
375	45
407	204
96	364
368	215
391	494
328	249
107	44
126	74
412	282
108	323
115	266
328	35
375	151
494	249
389	450
451	266
479	142
74	494
111	59
8	308
83	54
391	40
391	328
375	224
120	275
372	411
391	110
110	214
110	466
110	101
369	28
369	147
493	44
107	411
256	318
471	250
373	95
391	470
375	40
368	481
107	126
389	90
369	323
410	252
110	205
391	100
391	185
74	44
412	226
95	308
110	285
404	479
126	7
110	272
119	412
328	63
323	40
479	255
404	475
391	391
110	100
125	49
451	227
375	494
453	224
323	219
466	136
107	407
110	372
391	269
100	311
102	328
107	99
118	74
391	375
100	100
99	451
407	23
323	323
327	151
339	308
110	409
410	68
100	95
110	400
107	23
466	266
107	74
242	256
413	342
388	336
109	132
391	436
471	23
391	206
107	407
494	227
391	204
391	470
391	258
369	224
391	213
245	310
342	256
100	243
479	224
107	212
368	375
212	266
344	48
391	481
388	250
113	450
479	40
391	212
391	405
411	494
271	40
388	487
323	303
371	375
102	448
389	126
111	132
375	166
473	74
369	321
391	451
81	151
222	494
388	255
368	107
369	466
224	148
389	209
406	123
466	74
375	336
369	100
375	267
236	422
333	74
401	46
368	407
339	266
410	226
107	337
74	131
391	453
484	282
200	130
470	209
475	79
375	323
401	479
74	451
391	99
97	255
100	342
466	308
345	49
470	342
410	473
391	107
391	110
369	473
368	458
391	494
323	126
110	100
107	256
107	473
328	197
224	30
391	368
391	479
369	400
98	234
471	94
328	348
110	410
45	14
412	74
389	85
369	75
85	422
375	242
212	40
370	33
107	472
391	100
97	74
400	74
212	45
213	318
197	131
451	242
323	38
375	407
97	428
48	269
342	40
45	151
72	258
401	100
391	488
375	204
410	411
209	269
111	323
400	242
107	46
321	451
74	256
368	344
85	269
412	126
391	44
410	121
267	23
110	224
328	142
375	126
409	479
369	97
227	41
98	328
336	256
389	74
389	224
466	135
391	82
375	219
64	27
323	16
368	126
453	23
100	323
120	256
99	74
99	340
375	26
391	107
115	479
391	204
451	83
103	323
370	362
410	324
100	473
99	468
369	370
368	370
412	266
369	375
110	332
328	23
388	323
334	61
110	120
79	151
391	116
488	247
323	253
368	78
412	191
216	45
368	107
410	44
269	227
227	286
98	100
369	374
100	465
369	499
108	286
391	402
212	217
407	23
391	100
323	499
100	245
473	267
102	209
391	126
202	365
368	74
375	354
121	472
345	142
100	308
50	257
401	232
391	40
410	479
120	486
450	212
323	224
369	473
107	115
100	78
107	494
391	327
368	74
342	425
391	256
323	94
479	74
326	493
350	224
323	448
323	451
391	147
368	466
122	74
334	266
401	95
412	224
287	308
326	224
110	450
391	107
368	242
410	44
401	85
369	453
329	274
375	471
391	368
126	484
391	455
372	80
74	82
389	389
323	473
369	323
333	224
110	334
323	396
110	2
391	471
370	323
269	427
371	115
479	224
391	412
375	328
110	33
391	334
369	48
389	45
374	401
375	473
107	30
107	369
404	219
391	185
497	224
375	266
484	256
391	407
100	20
368	388
64	451
407	323
110	120
369	100
323	466
100	251
121	365
476	204
74	261
388	411
323	494
391	100
74	147
368	412
40	132
391	99
470	494
23	142
369	226
375	98
111	48
121	74
323	450
407	269
370	494
368	242
375	117
474	37
479	44
391	131
67	448
391	83
100	6
115	258
370	48
107	437
370	89
407	74
110	100
98	240
391	369
100	212
410	466
323	74
369	98
375	120
457	1
401	453
369	407
391	326
336	349
98	25
391	151
375	375
336	43
99	484
375	323
410	243
487	40
100	118
203	185
405	308
388	369
391	368
391	110
391	113
45	182
473	131
368	334
369	472
256	15
389	95
368	100
45	256
405	85
46	275
323	7
391	391
388	44
410	85
368	120
219	269
370	120
374	74
369	308
391	416
121	193
125	142
451	245
391	371
368	369
118	203
450	224
415	310
391	388
375	202
99	118
369	254
479	126
491	40
370	114
479	254
389	282
466	224
103	450
391	368
334	130
391	212
412	46
99	320
327	323
391	185
477	274
110	99
369	407
256	430
107	100
110	323
370	482
97	285
391	120
391	400
410	408
320	88
370	242
368	111
391	401
418	429
122	74
107	471
333	269
391	334
391	269
389	64
368	40
471	266
494	46
74	73
110	100
391	404
391	211
107	408
123	204
107	44
466	453
401	447
401	227
255	147
391	256
99	90
466	422
368	388
391	368
404	224
99	185
388	142
100	74
368	370
369	337
98	496
375	494
111	411
25	293
110	370
209	44
109	453
74	12
121	224
389	375
411	240
110	254
391	202
470	269
324	451
391	150
308	429
120	72
100	21
107	69
334	85
369	407
98	437
375	177
74	234
410	416
320	212
334	348
391	368
412	437
410	267
